Detector1_adc_ch0,Detector1_adc_ch1,Detector1_adc_ch2,Detector1_adc_ch3,Detector1_adc_ch4,Detector1_adc_ch5,Detector1_adc_ch6,Detector1_adc_ch7,Detector1_adc_ch8,Detector1_adc_ch9,Detector1_adc_ch10,Detector1_adc_ch11,Detector1_adc_ch12,Detector1_adc_ch13,Detector1_adc_ch14,Detector1_adc_ch15,Detector1_adc_all,Detector1_rate_ch0,Detector1_rate_ch1,Detector1_rate_ch2,Detector1_rate_ch3,Detector1_rate_ch4,Detector1_rate_ch5,Detector1_rate_ch6,Detector1_rate_ch7,Detector1_rate_ch8,Detector1_rate_ch9,Detector1_rate_ch10,Detector1_rate_ch11,Detector1_rate_ch12,Detector1_rate_ch13,Detector1_rate_ch14,Detector1_rate_ch15,Detector1_rate_all,detrate,detsum,BkgSum,CycleLabel,CycleTime,Detector0Sum,Detector1Sum,Motor1,Motor2,Motor3,ShutterState,name,nexus_compression_type,nexus_type,offset_value,target_value,value,offset_value,target_value,value,offset_value,target_value,value,offset_value,target_value,value,version,acquisition_mode,duration,end_time,experiment_identifier,average,sigma,values,average,sigma,values,average,sigma,values,average,sigma,values,average,sigma,values,average,sigma,values,average,sigma,values,size,time,mode,modestring,preset,reactor_power,run_number,start_time,time,title,name,namelocalcontact,proposal
91.0,0.0,0.0,0.0,0.0,0.0,0.0,0.0,45.0,0.0,0.0,0.0,0.0,0.0,0.0,0.0,136.0,0.0,0.0,0.0,0.0,0.0,0.0,0.0,0.0,0.0,0.0,0.0,0.0,0.0,0.0,0.0,0.0,0.0,1061.6728515625,3796582.0,0.0,backa,60.0,0.0,0.0,-13.5,0.0,0.0,0.0,SUPERSUN,COMP_LZW_LVL6,HyperslabScanBloc,0.0,-13.5,-12.899999618530273,-9.329000473022461,0.0,-9.329000473022461,-12.621000289916992,0.0,-12.621000289916992,0.0,4.199999809265137,1.0,0,3.0,3576.037353515625,30-Jun-26 23:16:07,test of environment variables in nxs files,0.5400033589009638,0.004385383520789928,0.5343000292778015,0.5944588795408502,0.003413904616439882,0.5945000052452087,0.5998928645274022,0.013652182438063825,0.5857999920845032,0.5338766423972336,0.0035419752733833972,0.5285999774932861,0.5533179033886303,0.002355279330071335,0.5509999990463257,5.459442451413903e-05,1.93966633083307e-05,7.602019468322396e-05,47.64090909090906,0.12089936340279644,47.67,715.0,0.0,1.0,time,3576.0,47.689998626708984,127041.0,30-Jun-26 22:16:21,3576.037353515625,Test of PanEDM UCN neutron guides and switches ,hepworth,ZIMMER,TEST-3547
0.0,0.0,0.0,0.0,0.0,0.0,0.0,0.0,0.0,0.0,0.0,0.0,0.0,0.0,0.0,0.0,0.0,0.0,0.0,0.0,0.0,0.0,0.0,0.0,0.0,0.0,0.0,0.0,0.0,0.0,0.0,0.0,0.0,0.0,nan,nan,0.0,,1500.0,3221471.0,0.0,-13.5,0.0,0.0,1.0,,,,nan,nan,nan,nan,nan,nan,nan,nan,nan,nan,nan,nan,,nan,nan,,,nan,nan,0.5343000292778015,nan,nan,0.5945000052452087,nan,nan,0.5857999920845032,nan,nan,0.5285999774932861,nan,nan,0.5509999990463257,nan,nan,7.615503272973001e-05,nan,nan,47.67,nan,5.0,nan,,nan,nan,nan,,nan,,,,
0.0,0.0,0.0,0.0,0.0,0.0,0.0,0.0,0.0,0.0,0.0,0.0,0.0,0.0,0.0,0.0,0.0,0.0,0.0,0.0,0.0,0.0,0.0,0.0,0.0,0.0,0.0,0.0,0.0,0.0,0.0,0.0,0.0,0.0,nan,nan,nan,,1.0,1950.0,0.0,-13.5,0.0,0.0,0.0,,,,nan,nan,nan,nan,nan,nan,nan,nan,nan,nan,nan,nan,,nan,nan,,,nan,nan,0.5343000292778015,nan,nan,0.5945000052452087,nan,nan,0.5857999920845032,nan,nan,0.5285999774932861,nan,nan,0.5509999990463257,nan,nan,7.624497084179893e-05,nan,nan,47.67,nan,10.0,nan,,nan,nan,nan,,nan,,,,
0.0,0.0,0.0,0.0,0.0,0.0,0.0,0.0,0.0,0.0,0.0,0.0,0.0,0.0,0.0,0.0,0.0,0.0,0.0,0.0,0.0,0.0,0.0,0.0,0.0,0.0,0.0,0.0,0.0,0.0,0.0,0.0,0.0,0.0,nan,nan,nan,,2000.0,23.0,0.0,7.0,0.0,0.0,0.0,,,,nan,nan,nan,nan,nan,nan,nan,nan,nan,nan,nan,nan,,nan,nan,,,nan,nan,0.5343000292778015,nan,nan,0.5945000052452087,nan,nan,0.5857999920845032,nan,nan,0.5254999995231628,nan,nan,0.5491999983787537,nan,nan,7.620002725161612e-05,nan,nan,47.67,nan,15.0,nan,,nan,nan,nan,,nan,,,,
0.0,0.0,0.0,0.0,0.0,0.0,0.0,0.0,0.0,0.0,0.0,0.0,0.0,0.0,0.0,0.0,0.0,0.0,0.0,0.0,0.0,0.0,0.0,0.0,0.0,0.0,0.0,0.0,0.0,0.0,0.0,0.0,0.0,0.0,nan,nan,nan,,15.0,0.0,0.0,-13.5,0.0,0.0,0.0,,,,nan,nan,nan,nan,nan,nan,nan,nan,nan,nan,nan,nan,,nan,nan,,,nan,nan,0.5320000052452087,nan,nan,0.5936999917030334,nan,nan,0.5824999809265137,nan,nan,0.5254999995231628,nan,nan,0.5491999983787537,nan,nan,7.611006003571674e-05,nan,nan,47.67,nan,20.0,nan,,nan,nan,nan,,nan,,,,
0.0,0.0,0.0,0.0,0.0,0.0,0.0,0.0,0.0,0.0,0.0,0.0,0.0,0.0,0.0,0.0,0.0,0.0,0.0,0.0,0.0,0.0,0.0,0.0,0.0,0.0,0.0,0.0,0.0,0.0,0.0,0.0,0.0,0.0,nan,nan,nan,,nan,nan,nan,nan,nan,nan,nan,,,,nan,nan,nan,nan,nan,nan,nan,nan,nan,nan,nan,nan,,nan,nan,,,nan,nan,0.5320000052452087,nan,nan,0.5936999917030334,nan,nan,0.5824999809265137,nan,nan,0.5253999829292297,nan,nan,0.5490999817848206,nan,nan,7.615503272973001e-05,nan,nan,47.67,nan,25.0,nan,,nan,nan,nan,,nan,,,,
0.0,0.0,0.0,0.0,0.0,0.0,0.0,0.0,0.0,0.0,0.0,0.0,0.0,0.0,0.0,0.0,0.0,0.0,0.0,0.0,0.0,0.0,0.0,0.0,0.0,1.0,0.0,0.0,0.0,0.0,0.0,0.0,0.0,1.0,nan,nan,nan,,nan,nan,nan,nan,nan,nan,nan,,,,nan,nan,nan,nan,nan,nan,nan,nan,nan,nan,nan,nan,,nan,nan,,,nan,nan,0.5320000052452087,nan,nan,0.5936999917030334,nan,nan,0.5824999809265137,nan,nan,0.5235999822616577,nan,nan,0.5483999848365784,nan,nan,7.597530202474445e-05,nan,nan,47.67,nan,30.0,nan,,nan,nan,nan,,nan,,,,
0.0,0.0,0.0,0.0,0.0,0.0,0.0,0.0,0.0,0.0,0.0,0.0,0.0,0.0,0.0,0.0,0.0,0.0,0.0,0.0,0.0,0.0,0.0,0.0,0.0,0.0,0.0,0.0,0.0,0.0,0.0,0.0,0.0,0.0,nan,nan,nan,,nan,nan,nan,nan,nan,nan,nan,,,,nan,nan,nan,nan,nan,nan,nan,nan,nan,nan,nan,nan,,nan,nan,,,nan,nan,0.5320000052452087,nan,nan,0.5936999917030334,nan,nan,0.5824999809265137,nan,nan,0.524399995803833,nan,nan,0.5486000180244446,nan,nan,7.602019468322396e-05,nan,nan,47.67,nan,35.0,nan,,nan,nan,nan,,nan,,,,
0.0,0.0,0.0,0.0,0.0,0.0,0.0,0.0,0.0,0.0,0.0,0.0,0.0,0.0,0.0,0.0,0.0,0.0,0.0,0.0,0.0,0.0,0.0,0.0,0.0,1.0,0.0,0.0,0.0,0.0,0.0,0.0,0.0,1.0,nan,nan,nan,,nan,nan,nan,nan,nan,nan,nan,,,,nan,nan,nan,nan,nan,nan,nan,nan,nan,nan,nan,nan,,nan,nan,,,nan,nan,0.5306000113487244,nan,nan,0.5932000279426575,nan,nan,0.5800999999046326,nan,nan,0.524399995803833,nan,nan,0.5486999750137329,nan,nan,7.606519648106769e-05,nan,nan,47.67,nan,40.0,nan,,nan,nan,nan,,nan,,,,
0.0,0.0,0.0,0.0,0.0,0.0,0.0,0.0,0.0,0.0,0.0,0.0,0.0,0.0,0.0,0.0,0.0,0.0,0.0,0.0,0.0,0.0,0.0,0.0,0.0,0.0,0.0,0.0,0.0,0.0,0.0,0.0,0.0,0.0,nan,nan,nan,,nan,nan,nan,nan,nan,nan,nan,,,,nan,nan,nan,nan,nan,nan,nan,nan,nan,nan,nan,nan,,nan,nan,,,nan,nan,0.5306000113487244,nan,nan,0.5932000279426575,nan,nan,0.5800999999046326,nan,nan,0.524399995803833,nan,nan,0.5486999750137329,nan,nan,7.602019468322396e-05,nan,nan,47.67,nan,45.0,nan,,nan,nan,nan,,nan,,,,
0.0,0.0,0.0,0.0,0.0,0.0,0.0,0.0,0.0,0.0,0.0,0.0,0.0,0.0,0.0,0.0,0.0,0.0,0.0,0.0,0.0,0.0,0.0,0.0,0.0,0.0,0.0,0.0,0.0,0.0,0.0,0.0,0.0,0.0,nan,nan,nan,,nan,nan,nan,nan,nan,nan,nan,,,,nan,nan,nan,nan,nan,nan,nan,nan,nan,nan,nan,nan,,nan,nan,,,nan,nan,0.5306000113487244,nan,nan,0.5932000279426575,nan,nan,0.5800999999046326,nan,nan,0.524399995803833,nan,nan,0.5486999750137329,nan,nan,7.611006003571674e-05,nan,nan,47.67,nan,50.0,nan,,nan,nan,nan,,nan,,,,
0.0,0.0,0.0,0.0,0.0,0.0,0.0,0.0,0.0,0.0,0.0,0.0,0.0,0.0,0.0,0.0,0.0,0.0,0.0,0.0,0.0,0.0,0.0,0.0,0.0,0.0,0.0,0.0,0.0,0.0,0.0,0.0,0.0,0.0,nan,nan,nan,,nan,nan,nan,nan,nan,nan,nan,,,,nan,nan,nan,nan,nan,nan,nan,nan,nan,nan,nan,nan,,nan,nan,,,nan,nan,0.5306000113487244,nan,nan,0.5932000279426575,nan,nan,0.5800999999046326,nan,nan,0.525600016117096,nan,nan,0.5490000247955322,nan,nan,7.606519648106769e-05,nan,nan,47.67,nan,55.0,nan,,nan,nan,nan,,nan,,,,
0.0,0.0,0.0,0.0,0.0,0.0,0.0,0.0,0.0,0.0,0.0,0.0,0.0,0.0,0.0,0.0,0.0,0.0,0.0,0.0,0.0,0.0,0.0,0.0,0.0,2.0,0.0,0.0,0.0,0.0,0.0,0.0,0.0,2.0,nan,nan,nan,,nan,nan,nan,nan,nan,nan,nan,,,,nan,nan,nan,nan,nan,nan,nan,nan,nan,nan,nan,nan,,nan,nan,,,nan,nan,0.5310999751091003,nan,nan,0.5939000248908997,nan,nan,0.5791000127792358,nan,nan,0.525600016117096,nan,nan,0.5490000247955322,nan,nan,7.620002725161612e-05,nan,nan,47.67,nan,60.0,nan,,nan,nan,nan,,nan,,,,
0.0,0.0,0.0,0.0,0.0,0.0,0.0,0.0,0.0,0.0,0.0,0.0,0.0,0.0,0.0,0.0,0.0,0.0,0.0,0.0,0.0,0.0,0.0,0.0,0.0,2.0,0.0,0.0,0.0,0.0,0.0,0.0,0.0,2.0,nan,nan,nan,,nan,nan,nan,nan,nan,nan,nan,,,,nan,nan,nan,nan,nan,nan,nan,nan,nan,nan,nan,nan,,nan,nan,,,nan,nan,0.5310999751091003,nan,nan,0.5939000248908997,nan,nan,0.5791000127792358,nan,nan,0.525600016117096,nan,nan,0.5490000247955322,nan,nan,7.629010360687971e-05,nan,nan,47.67,nan,65.0,nan,,nan,nan,nan,,nan,,,,
0.0,0.0,0.0,0.0,0.0,0.0,0.0,0.0,0.0,0.0,0.0,0.0,0.0,0.0,0.0,0.0,0.0,0.0,0.0,0.0,0.0,0.0,0.0,0.0,0.0,0.0,0.0,0.0,0.0,0.0,0.0,0.0,0.0,0.0,nan,nan,nan,,nan,nan,nan,nan,nan,nan,nan,,,,nan,nan,nan,nan,nan,nan,nan,nan,nan,nan,nan,nan,,nan,nan,,,nan,nan,0.5310999751091003,nan,nan,0.5939000248908997,nan,nan,0.5791000127792358,nan,nan,0.525600016117096,nan,nan,0.5490000247955322,nan,nan,7.633518544025719e-05,nan,nan,47.67,nan,70.0,nan,,nan,nan,nan,,nan,,,,
0.0,0.0,0.0,0.0,0.0,0.0,0.0,0.0,0.0,0.0,0.0,0.0,0.0,0.0,0.0,0.0,0.0,0.0,0.0,0.0,0.0,0.0,0.0,0.0,0.0,0.0,0.0,0.0,0.0,0.0,0.0,0.0,0.0,0.0,nan,nan,nan,,nan,nan,nan,nan,nan,nan,nan,,,,nan,nan,nan,nan,nan,nan,nan,nan,nan,nan,nan,nan,,nan,nan,,,nan,nan,0.5310999751091003,nan,nan,0.5939000248908997,nan,nan,0.5791000127792358,nan,nan,0.5273000001907349,nan,nan,0.5501999855041504,nan,nan,7.669668411836028e-05,nan,nan,47.71,nan,75.0,nan,,nan,nan,nan,,nan,,,,
0.0,0.0,0.0,0.0,0.0,0.0,0.0,0.0,0.0,0.0,0.0,0.0,0.0,0.0,0.0,0.0,0.0,0.0,0.0,0.0,0.0,0.0,0.0,0.0,0.0,1.0,0.0,0.0,0.0,0.0,0.0,0.0,0.0,1.0,nan,nan,nan,,nan,nan,nan,nan,nan,nan,nan,,,,nan,nan,nan,nan,nan,nan,nan,nan,nan,nan,nan,nan,,nan,nan,,,nan,nan,0.5339999794960022,nan,nan,0.5943999886512756,nan,nan,0.5899999737739563,nan,nan,0.5273000001907349,nan,nan,0.5501999855041504,nan,nan,7.665131124667823e-05,nan,nan,47.71,nan,80.0,nan,,nan,nan,nan,,nan,,,,
0.0,0.0,0.0,0.0,0.0,0.0,0.0,0.0,0.0,0.0,0.0,0.0,0.0,0.0,0.0,0.0,0.0,0.0,0.0,0.0,0.0,0.0,0.0,0.0,0.0,0.0,0.0,0.0,0.0,0.0,0.0,0.0,0.0,0.0,nan,nan,nan,,nan,nan,nan,nan,nan,nan,nan,,,,nan,nan,nan,nan,nan,nan,nan,nan,nan,nan,nan,nan,,nan,nan,,,nan,nan,0.5339999794960022,nan,nan,0.5943999886512756,nan,nan,0.5899999737739563,nan,nan,0.5273000001907349,nan,nan,0.5501999855041504,nan,nan,7.644662400707603e-05,nan,nan,47.71,nan,85.0,nan,,nan,nan,nan,,nan,,,,
0.0,0.0,0.0,0.0,0.0,0.0,0.0,0.0,0.0,0.0,0.0,0.0,0.0,0.0,0.0,0.0,0.0,0.0,0.0,0.0,0.0,0.0,0.0,0.0,0.0,0.0,0.0,0.0,0.0,0.0,0.0,0.0,0.0,0.0,nan,nan,nan,,nan,nan,nan,nan,nan,nan,nan,,,,nan,nan,nan,nan,nan,nan,nan,nan,nan,nan,nan,nan,,nan,nan,,,nan,nan,0.5339999794960022,nan,nan,0.5943999886512756,nan,nan,0.5899999737739563,nan,nan,0.5273000001907349,nan,nan,0.5501999855041504,nan,nan,7.68326353863813e-05,nan,nan,47.71,nan,90.0,nan,,nan,nan,nan,,nan,,,,
0.0,0.0,0.0,0.0,0.0,0.0,0.0,0.0,0.0,0.0,0.0,0.0,0.0,0.0,0.0,0.0,0.0,0.0,0.0,0.0,0.0,0.0,0.0,0.0,0.0,0.0,0.0,0.0,0.0,0.0,0.0,0.0,0.0,0.0,nan,nan,nan,,nan,nan,nan,nan,nan,nan,nan,,,,nan,nan,nan,nan,nan,nan,nan,nan,nan,nan,nan,nan,,nan,nan,,,nan,nan,0.5339999794960022,nan,nan,0.5943999886512756,nan,nan,0.5899999737739563,nan,nan,0.5300999879837036,nan,nan,0.551800012588501,nan,nan,7.696891407249495e-05,nan,nan,47.71,nan,95.0,nan,,nan,nan,nan,,nan,,,,
0.0,0.0,0.0,0.0,0.0,0.0,0.0,0.0,0.0,0.0,0.0,0.0,0.0,0.0,0.0,0.0,0.0,0.0,0.0,0.0,0.0,0.0,0.0,0.0,0.0,1.0,0.0,0.0,0.0,0.0,0.0,0.0,0.0,1.0,nan,nan,nan,,nan,nan,nan,nan,nan,nan,nan,,,,nan,nan,nan,nan,nan,nan,nan,nan,nan,nan,nan,nan,,nan,nan,,,nan,nan,0.5382999777793884,nan,nan,0.5958999991416931,nan,nan,0.6035000085830688,nan,nan,0.5300999879837036,nan,nan,0.551800012588501,nan,nan,7.724201714154333e-05,nan,nan,47.71,nan,100.0,nan,,nan,nan,nan,,nan,,,,
0.0,0.0,0.0,0.0,0.0,0.0,0.0,0.0,0.0,0.0,0.0,0.0,0.0,0.0,0.0,0.0,0.0,0.0,0.0,0.0,0.0,0.0,0.0,0.0,0.0,0.0,0.0,0.0,0.0,0.0,0.0,0.0,0.0,0.0,nan,nan,nan,,nan,nan,nan,nan,nan,nan,nan,,,,nan,nan,nan,nan,nan,nan,nan,nan,nan,nan,nan,nan,,nan,nan,,,nan,nan,0.5382999777793884,nan,nan,0.5958999991416931,nan,nan,0.6035000085830688,nan,nan,0.5300999879837036,nan,nan,0.551800012588501,nan,nan,7.719649147475138e-05,nan,nan,47.71,nan,105.0,nan,,nan,nan,nan,,nan,,,,
0.0,0.0,0.0,0.0,0.0,0.0,0.0,0.0,0.0,0.0,0.0,0.0,0.0,0.0,0.0,0.0,0.0,0.0,0.0,0.0,0.0,0.0,0.0,0.0,0.0,2.0,0.0,0.0,0.0,0.0,0.0,0.0,0.0,2.0,nan,nan,nan,,nan,nan,nan,nan,nan,nan,nan,,,,nan,nan,nan,nan,nan,nan,nan,nan,nan,nan,nan,nan,,nan,nan,,,nan,nan,0.5382999777793884,nan,nan,0.5958999991416931,nan,nan,0.6035000085830688,nan,nan,0.5300999879837036,nan,nan,0.551800012588501,nan,nan,7.72876592236571e-05,nan,nan,47.71,nan,110.0,nan,,nan,nan,nan,,nan,,,,
0.0,0.0,0.0,0.0,0.0,0.0,0.0,0.0,0.0,0.0,0.0,0.0,0.0,0.0,0.0,0.0,0.0,0.0,0.0,0.0,0.0,0.0,0.0,0.0,0.0,0.0,0.0,0.0,0.0,0.0,0.0,0.0,0.0,0.0,nan,nan,nan,,nan,nan,nan,nan,nan,nan,nan,,,,nan,nan,nan,nan,nan,nan,nan,nan,nan,nan,nan,nan,,nan,nan,,,nan,nan,0.5382999777793884,nan,nan,0.5958999991416931,nan,nan,0.6035000085830688,nan,nan,0.5317999720573425,nan,nan,0.5529000163078308,nan,nan,7.681082206545398e-05,nan,nan,47.71,nan,115.0,nan,,nan,nan,nan,,nan,,,,
0.0,0.0,0.0,0.0,0.0,0.0,0.0,0.0,0.0,0.0,0.0,0.0,0.0,0.0,0.0,0.0,0.0,0.0,0.0,0.0,0.0,0.0,0.0,0.0,0.0,1.0,0.0,0.0,0.0,0.0,0.0,0.0,0.0,1.0,nan,nan,nan,,nan,nan,nan,nan,nan,nan,nan,,,,nan,nan,nan,nan,nan,nan,nan,nan,nan,nan,nan,nan,,nan,nan,,,nan,nan,0.5403000116348267,nan,nan,0.5964000225067139,nan,nan,0.6085000038146973,nan,nan,0.5317999720573425,nan,nan,0.5529000163078308,nan,nan,7.733333040960133e-05,nan,nan,47.71,nan,120.0,nan,,nan,nan,nan,,nan,,,,
0.0,0.0,0.0,0.0,0.0,0.0,0.0,0.0,0.0,0.0,0.0,0.0,0.0,0.0,0.0,0.0,0.0,0.0,0.0,0.0,0.0,0.0,0.0,0.0,0.0,1.0,0.0,0.0,0.0,0.0,0.0,0.0,0.0,1.0,nan,nan,nan,,nan,nan,nan,nan,nan,nan,nan,,,,nan,nan,nan,nan,nan,nan,nan,nan,nan,nan,nan,nan,,nan,nan,,,nan,nan,0.5403000116348267,nan,nan,0.5964000225067139,nan,nan,0.6085000038146973,nan,nan,0.5317999720573425,nan,nan,0.5529000163078308,nan,nan,7.742474554106593e-05,nan,nan,47.71,nan,125.0,nan,,nan,nan,nan,,nan,,,,
0.0,0.0,0.0,0.0,0.0,0.0,0.0,0.0,0.0,0.0,0.0,0.0,0.0,0.0,0.0,0.0,0.0,0.0,0.0,0.0,0.0,0.0,0.0,0.0,0.0,0.0,0.0,0.0,0.0,0.0,0.0,0.0,0.0,0.0,nan,nan,nan,,nan,nan,nan,nan,nan,nan,nan,,,,nan,nan,nan,nan,nan,nan,nan,nan,nan,nan,nan,nan,,nan,nan,,,nan,nan,0.5403000116348267,nan,nan,0.5964000225067139,nan,nan,0.6085000038146973,nan,nan,0.5317999720573425,nan,nan,0.5529000163078308,nan,nan,7.742474554106593e-05,nan,nan,47.71,nan,130.0,nan,,nan,nan,nan,,nan,,,,
0.0,0.0,0.0,0.0,0.0,0.0,0.0,0.0,0.0,0.0,0.0,0.0,0.0,0.0,0.0,0.0,0.0,0.0,0.0,0.0,0.0,0.0,0.0,0.0,0.0,0.0,0.0,0.0,0.0,0.0,0.0,0.0,0.0,0.0,nan,nan,nan,,nan,nan,nan,nan,nan,nan,nan,,,,nan,nan,nan,nan,nan,nan,nan,nan,nan,nan,nan,nan,,nan,nan,,,nan,nan,0.5403000116348267,nan,nan,0.5964000225067139,nan,nan,0.6085000038146973,nan,nan,0.5333999991416931,nan,nan,0.5537999868392944,nan,nan,7.751618250040337e-05,nan,nan,47.71,nan,135.0,nan,,nan,nan,nan,,nan,,,,
0.0,0.0,0.0,0.0,0.0,0.0,0.0,0.0,0.0,0.0,0.0,0.0,0.0,0.0,0.0,0.0,0.0,0.0,0.0,0.0,0.0,0.0,0.0,0.0,0.0,0.0,0.0,0.0,0.0,0.0,0.0,0.0,0.0,0.0,nan,nan,nan,,nan,nan,nan,nan,nan,nan,nan,,,,nan,nan,nan,nan,nan,nan,nan,nan,nan,nan,nan,nan,,nan,nan,,,nan,nan,0.5412999987602234,nan,nan,0.597100019454956,nan,nan,0.6108999848365784,nan,nan,0.5333999991416931,nan,nan,0.5537999868392944,nan,nan,7.756198465358466e-05,nan,nan,47.71,nan,140.0,nan,,nan,nan,nan,,nan,,,,
0.0,0.0,0.0,0.0,0.0,0.0,0.0,0.0,0.0,0.0,0.0,0.0,0.0,0.0,0.0,0.0,0.0,0.0,0.0,0.0,0.0,0.0,0.0,0.0,0.0,1.0,0.0,0.0,0.0,0.0,0.0,0.0,0.0,1.0,nan,nan,nan,,nan,nan,nan,nan,nan,nan,nan,,,,nan,nan,nan,nan,nan,nan,nan,nan,nan,nan,nan,nan,,nan,nan,,,nan,nan,0.5412999987602234,nan,nan,0.597100019454956,nan,nan,0.6108999848365784,nan,nan,0.5333999991416931,nan,nan,0.5537999868392944,nan,nan,7.737893611192703e-05,nan,nan,47.71,nan,145.0,nan,,nan,nan,nan,,nan,,,,
0.0,0.0,0.0,0.0,0.0,0.0,0.0,0.0,0.0,0.0,0.0,0.0,0.0,0.0,0.0,0.0,0.0,0.0,0.0,0.0,0.0,0.0,0.0,0.0,0.0,0.0,0.0,0.0,0.0,0.0,0.0,0.0,0.0,0.0,nan,nan,nan,,nan,nan,nan,nan,nan,nan,nan,,,,nan,nan,nan,nan,nan,nan,nan,nan,nan,nan,nan,nan,,nan,nan,,,nan,nan,0.5412999987602234,nan,nan,0.597100019454956,nan,nan,0.6108999848365784,nan,nan,0.5333999991416931,nan,nan,0.5537999868392944,nan,nan,7.737893611192703e-05,nan,nan,47.71,nan,150.0,nan,,nan,nan,nan,,nan,,,,
0.0,0.0,0.0,0.0,0.0,0.0,0.0,0.0,0.0,0.0,0.0,0.0,0.0,0.0,0.0,0.0,0.0,0.0,0.0,0.0,0.0,0.0,0.0,0.0,0.0,1.0,0.0,0.0,0.0,0.0,0.0,0.0,0.0,1.0,nan,nan,nan,,nan,nan,nan,nan,nan,nan,nan,,,,nan,nan,nan,nan,nan,nan,nan,nan,nan,nan,nan,nan,,nan,nan,,,nan,nan,0.5412999987602234,nan,nan,0.597100019454956,nan,nan,0.6108999848365784,nan,nan,0.5343999862670898,nan,nan,0.5541999936103821,nan,nan,7.737893611192703e-05,nan,nan,47.71,nan,155.0,nan,,nan,nan,nan,,nan,,,,
0.0,0.0,0.0,0.0,0.0,0.0,0.0,0.0,0.0,0.0,0.0,0.0,0.0,0.0,0.0,0.0,0.0,0.0,0.0,0.0,0.0,0.0,0.0,0.0,0.0,0.0,0.0,0.0,0.0,0.0,0.0,0.0,0.0,0.0,nan,nan,nan,,nan,nan,nan,nan,nan,nan,nan,,,,nan,nan,nan,nan,nan,nan,nan,nan,nan,nan,nan,nan,,nan,nan,,,nan,nan,0.5412999987602234,nan,nan,0.5972999930381775,nan,nan,0.6122999787330627,nan,nan,0.5343999862670898,nan,nan,0.5541999936103821,nan,nan,7.733333040960133e-05,nan,nan,47.71,nan,160.0,nan,,nan,nan,nan,,nan,,,,
0.0,0.0,0.0,0.0,0.0,0.0,0.0,0.0,0.0,0.0,0.0,0.0,0.0,0.0,0.0,0.0,0.0,0.0,0.0,0.0,0.0,0.0,0.0,0.0,0.0,0.0,0.0,0.0,0.0,0.0,0.0,0.0,0.0,0.0,nan,nan,nan,,nan,nan,nan,nan,nan,nan,nan,,,,nan,nan,nan,nan,nan,nan,nan,nan,nan,nan,nan,nan,,nan,nan,,,nan,nan,0.5412999987602234,nan,nan,0.5972999930381775,nan,nan,0.6122999787330627,nan,nan,0.5343999862670898,nan,nan,0.5541999936103821,nan,nan,7.733333040960133e-05,nan,nan,47.71,nan,165.0,nan,,nan,nan,nan,,nan,,,,
0.0,0.0,0.0,0.0,0.0,0.0,0.0,0.0,0.0,0.0,0.0,0.0,0.0,0.0,0.0,0.0,0.0,0.0,0.0,0.0,0.0,0.0,0.0,0.0,0.0,2.0,0.0,0.0,0.0,0.0,0.0,0.0,0.0,2.0,nan,nan,nan,,nan,nan,nan,nan,nan,nan,nan,,,,nan,nan,nan,nan,nan,nan,nan,nan,nan,nan,nan,nan,,nan,nan,,,nan,nan,0.5412999987602234,nan,nan,0.5972999930381775,nan,nan,0.6122999787330627,nan,nan,0.5343999862670898,nan,nan,0.5541999936103821,nan,nan,7.74704894865863e-05,nan,nan,47.71,nan,170.0,nan,,nan,nan,nan,,nan,,,,
31.0,0.0,0.0,0.0,0.0,0.0,0.0,0.0,0.0,0.0,0.0,0.0,0.0,0.0,0.0,0.0,31.0,0.0,0.0,0.0,0.0,0.0,0.0,0.0,0.0,0.0,0.0,0.0,0.0,0.0,0.0,0.0,0.0,0.0,nan,nan,nan,,nan,nan,nan,nan,nan,nan,nan,,,,nan,nan,nan,nan,nan,nan,nan,nan,nan,nan,nan,nan,,nan,nan,,,nan,nan,0.5412999987602234,nan,nan,0.5972999930381775,nan,nan,0.6122999787330627,nan,nan,0.53329998254776,nan,nan,0.5537999868392944,nan,nan,7.733333040960133e-05,nan,nan,47.71,nan,175.0,nan,,nan,nan,nan,,nan,,,,
382.0,0.0,0.0,0.0,0.0,0.0,0.0,0.0,0.0,0.0,0.0,0.0,0.0,0.0,0.0,0.0,382.0,0.0,0.0,0.0,0.0,0.0,0.0,0.0,0.0,2.0,0.0,0.0,0.0,0.0,0.0,0.0,0.0,2.0,nan,nan,nan,,nan,nan,nan,nan,nan,nan,nan,,,,nan,nan,nan,nan,nan,nan,nan,nan,nan,nan,nan,nan,,nan,nan,,,nan,nan,0.5422000288963318,nan,nan,0.5971999764442444,nan,nan,0.613099992275238,nan,nan,0.53329998254776,nan,nan,0.5537999868392944,nan,nan,7.771885429974645e-05,nan,nan,47.71,nan,180.0,nan,,nan,nan,nan,,nan,,,,
868.0,0.0,0.0,0.0,0.0,0.0,0.0,0.0,0.0,0.0,0.0,0.0,0.0,0.0,0.0,0.0,868.0,0.0,0.0,0.0,0.0,0.0,0.0,0.0,0.0,0.0,0.0,0.0,0.0,0.0,0.0,0.0,0.0,0.0,nan,nan,nan,,nan,nan,nan,nan,nan,nan,nan,,,,nan,nan,nan,nan,nan,nan,nan,nan,nan,nan,nan,nan,,nan,nan,,,nan,nan,0.5422000288963318,nan,nan,0.5971999764442444,nan,nan,0.613099992275238,nan,nan,0.53329998254776,nan,nan,0.5537999868392944,nan,nan,7.719649147475138e-05,nan,nan,47.71,nan,185.0,nan,,nan,nan,nan,,nan,,,,
1344.0,0.0,0.0,0.0,0.0,0.0,0.0,0.0,0.0,0.0,0.0,0.0,0.0,0.0,0.0,0.0,1344.0,0.0,0.0,0.0,0.0,0.0,0.0,0.0,0.0,0.0,0.0,0.0,0.0,0.0,0.0,0.0,0.0,0.0,nan,nan,nan,,nan,nan,nan,nan,nan,nan,nan,,,,nan,nan,nan,nan,nan,nan,nan,nan,nan,nan,nan,nan,,nan,nan,,,nan,nan,0.5422000288963318,nan,nan,0.5971999764442444,nan,nan,0.613099992275238,nan,nan,0.53329998254776,nan,nan,0.5537999868392944,nan,nan,7.737893611192703e-05,nan,nan,47.71,nan,190.0,nan,,nan,nan,nan,,nan,,,,
1639.0,0.0,0.0,0.0,0.0,0.0,0.0,0.0,0.0,0.0,0.0,0.0,0.0,0.0,0.0,0.0,1639.0,0.0,0.0,0.0,0.0,0.0,0.0,0.0,0.0,0.0,0.0,0.0,0.0,0.0,0.0,0.0,0.0,0.0,nan,nan,nan,,nan,nan,nan,nan,nan,nan,nan,,,,nan,nan,nan,nan,nan,nan,nan,nan,nan,nan,nan,nan,,nan,nan,,,nan,nan,0.5422000288963318,nan,nan,0.5971999764442444,nan,nan,0.613099992275238,nan,nan,0.5342000126838684,nan,nan,0.5543000102043152,nan,nan,7.733333040960133e-05,nan,nan,47.71,nan,195.0,nan,,nan,nan,nan,,nan,,,,
1997.0,0.0,0.0,0.0,0.0,0.0,0.0,0.0,0.0,0.0,0.0,0.0,0.0,0.0,0.0,0.0,1997.0,0.0,0.0,0.0,0.0,0.0,0.0,0.0,0.0,0.0,0.0,0.0,0.0,0.0,0.0,0.0,0.0,0.0,nan,nan,nan,,nan,nan,nan,nan,nan,nan,nan,,,,nan,nan,nan,nan,nan,nan,nan,nan,nan,nan,nan,nan,,nan,nan,,,nan,nan,0.5419999957084656,nan,nan,0.5974000096321106,nan,nan,0.6133999824523926,nan,nan,0.5342000126838684,nan,nan,0.5543000102043152,nan,nan,7.724201714154333e-05,nan,nan,47.71,nan,200.0,nan,,nan,nan,nan,,nan,,,,
2363.0,0.0,0.0,0.0,0.0,0.0,0.0,0.0,0.0,0.0,0.0,0.0,0.0,0.0,0.0,0.0,2363.0,0.0,0.0,0.0,0.0,0.0,0.0,0.0,0.0,1.0,0.0,0.0,0.0,0.0,0.0,0.0,0.0,1.0,nan,nan,nan,,nan,nan,nan,nan,nan,nan,nan,,,,nan,nan,nan,nan,nan,nan,nan,nan,nan,nan,nan,nan,,nan,nan,,,nan,nan,0.5419999957084656,nan,nan,0.5974000096321106,nan,nan,0.6133999824523926,nan,nan,0.5342000126838684,nan,nan,0.5543000102043152,nan,nan,7.737893611192703e-05,nan,nan,47.71,nan,205.0,nan,,nan,nan,nan,,nan,,,,
2649.0,0.0,0.0,0.0,0.0,0.0,0.0,0.0,0.0,0.0,0.0,0.0,0.0,0.0,0.0,0.0,2649.0,0.0,0.0,0.0,0.0,0.0,0.0,0.0,0.0,0.0,0.0,0.0,0.0,0.0,0.0,0.0,0.0,0.0,nan,nan,nan,,nan,nan,nan,nan,nan,nan,nan,,,,nan,nan,nan,nan,nan,nan,nan,nan,nan,nan,nan,nan,,nan,nan,,,nan,nan,0.5419999957084656,nan,nan,0.5974000096321106,nan,nan,0.6133999824523926,nan,nan,0.5342000126838684,nan,nan,0.5543000102043152,nan,nan,7.681082206545398e-05,nan,nan,47.71,nan,210.0,nan,,nan,nan,nan,,nan,,,,
3126.0,0.0,0.0,0.0,0.0,0.0,0.0,0.0,0.0,0.0,0.0,0.0,0.0,0.0,0.0,0.0,3126.0,0.0,0.0,0.0,0.0,0.0,0.0,0.0,0.0,0.0,0.0,0.0,0.0,0.0,0.0,0.0,0.0,0.0,nan,nan,nan,,nan,nan,nan,nan,nan,nan,nan,,,,nan,nan,nan,nan,nan,nan,nan,nan,nan,nan,nan,nan,,nan,nan,,,nan,nan,0.5419999957084656,nan,nan,0.5974000096321106,nan,nan,0.6133999824523926,nan,nan,0.5342000126838684,nan,nan,0.5541999936103821,nan,nan,7.719649147475138e-05,nan,nan,47.71,nan,215.0,nan,,nan,nan,nan,,nan,,,,
3340.0,0.0,0.0,0.0,0.0,0.0,0.0,0.0,0.0,0.0,0.0,0.0,0.0,0.0,0.0,0.0,3340.0,0.0,0.0,0.0,0.0,0.0,0.0,0.0,0.0,0.0,0.0,0.0,0.0,0.0,0.0,0.0,0.0,0.0,nan,nan,nan,,nan,nan,nan,nan,nan,nan,nan,,,,nan,nan,nan,nan,nan,nan,nan,nan,nan,nan,nan,nan,,nan,nan,,,nan,nan,0.5422000288963318,nan,nan,0.5974000096321106,nan,nan,0.6137999892234802,nan,nan,0.5342000126838684,nan,nan,0.5541999936103821,nan,nan,7.724201714154333e-05,nan,nan,47.71,nan,220.0,nan,,nan,nan,nan,,nan,,,,
3447.0,0.0,0.0,0.0,0.0,0.0,0.0,0.0,0.0,0.0,0.0,0.0,0.0,0.0,0.0,0.0,3447.0,0.0,0.0,0.0,0.0,0.0,0.0,0.0,0.0,0.0,0.0,0.0,0.0,0.0,0.0,0.0,0.0,0.0,nan,nan,nan,,nan,nan,nan,nan,nan,nan,nan,,,,nan,nan,nan,nan,nan,nan,nan,nan,nan,nan,nan,nan,,nan,nan,,,nan,nan,0.5422000288963318,nan,nan,0.5974000096321106,nan,nan,0.6137999892234802,nan,nan,0.5342000126838684,nan,nan,0.5541999936103821,nan,nan,7.724201714154333e-05,nan,nan,47.71,nan,225.0,nan,,nan,nan,nan,,nan,,,,
3678.0,0.0,0.0,0.0,0.0,0.0,0.0,0.0,0.0,0.0,0.0,0.0,0.0,0.0,0.0,0.0,3678.0,0.0,0.0,0.0,0.0,0.0,0.0,0.0,0.0,0.0,0.0,0.0,0.0,0.0,0.0,0.0,0.0,0.0,nan,nan,nan,,nan,nan,nan,nan,nan,nan,nan,,,,nan,nan,nan,nan,nan,nan,nan,nan,nan,nan,nan,nan,,nan,nan,,,nan,nan,0.5422000288963318,nan,nan,0.5974000096321106,nan,nan,0.6137999892234802,nan,nan,0.5342000126838684,nan,nan,0.5541999936103821,nan,nan,7.733333040960133e-05,nan,nan,47.71,nan,230.0,nan,,nan,nan,nan,,nan,,,,
4118.0,0.0,0.0,0.0,0.0,0.0,0.0,0.0,0.0,0.0,0.0,0.0,0.0,0.0,0.0,0.0,4118.0,0.0,0.0,0.0,0.0,0.0,0.0,0.0,0.0,1.0,0.0,0.0,0.0,0.0,0.0,0.0,0.0,1.0,nan,nan,nan,,nan,nan,nan,nan,nan,nan,nan,,,,nan,nan,nan,nan,nan,nan,nan,nan,nan,nan,nan,nan,,nan,nan,,,nan,nan,0.5422000288963318,nan,nan,0.5974000096321106,nan,nan,0.6137999892234802,nan,nan,0.5347999930381775,nan,nan,0.5546000003814697,nan,nan,7.724201714154333e-05,nan,nan,47.71,nan,235.0,nan,,nan,nan,nan,,nan,,,,
4599.0,0.0,0.0,0.0,0.0,0.0,0.0,0.0,0.0,0.0,0.0,0.0,0.0,0.0,0.0,0.0,4599.0,0.0,0.0,0.0,0.0,0.0,0.0,0.0,0.0,1.0,0.0,0.0,0.0,0.0,0.0,0.0,0.0,1.0,nan,nan,nan,,nan,nan,nan,nan,nan,nan,nan,,,,nan,nan,nan,nan,nan,nan,nan,nan,nan,nan,nan,nan,,nan,nan,,,nan,nan,0.5424000024795532,nan,nan,0.5976999998092651,nan,nan,0.6140000224113464,nan,nan,0.5347999930381775,nan,nan,0.5546000003814697,nan,nan,7.705981261096895e-05,nan,nan,47.71,nan,240.0,nan,,nan,nan,nan,,nan,,,,
5180.0,0.0,0.0,0.0,0.0,0.0,0.0,0.0,0.0,0.0,0.0,0.0,0.0,0.0,0.0,0.0,5180.0,0.0,0.0,0.0,0.0,0.0,0.0,0.0,0.0,1.0,0.0,0.0,0.0,0.0,0.0,0.0,0.0,1.0,nan,nan,nan,,nan,nan,nan,nan,nan,nan,nan,,,,nan,nan,nan,nan,nan,nan,nan,nan,nan,nan,nan,nan,,nan,nan,,,nan,nan,0.5424000024795532,nan,nan,0.5976999998092651,nan,nan,0.6140000224113464,nan,nan,0.5347999930381775,nan,nan,0.5546000003814697,nan,nan,7.696891407249495e-05,nan,nan,47.71,nan,245.0,nan,,nan,nan,nan,,nan,,,,
6322.0,0.0,0.0,0.0,0.0,0.0,0.0,0.0,0.0,0.0,0.0,0.0,0.0,0.0,0.0,0.0,6322.0,0.0,0.0,0.0,0.0,0.0,0.0,0.0,0.0,0.0,0.0,0.0,0.0,0.0,0.0,0.0,0.0,0.0,nan,nan,nan,,nan,nan,nan,nan,nan,nan,nan,,,,nan,nan,nan,nan,nan,nan,nan,nan,nan,nan,nan,nan,,nan,nan,,,nan,nan,0.5424000024795532,nan,nan,0.5976999998092651,nan,nan,0.6140000224113464,nan,nan,0.5347999930381775,nan,nan,0.5546000003814697,nan,nan,7.705981261096895e-05,nan,nan,47.71,nan,250.0,nan,,nan,nan,nan,,nan,,,,
7662.0,0.0,0.0,0.0,0.0,0.0,0.0,0.0,0.0,0.0,0.0,0.0,0.0,0.0,0.0,0.0,7662.0,0.0,0.0,0.0,0.0,0.0,0.0,0.0,0.0,0.0,0.0,0.0,0.0,0.0,0.0,0.0,0.0,0.0,nan,nan,nan,,nan,nan,nan,nan,nan,nan,nan,,,,nan,nan,nan,nan,nan,nan,nan,nan,nan,nan,nan,nan,,nan,nan,,,nan,nan,0.5424000024795532,nan,nan,0.5976999998092651,nan,nan,0.6140000224113464,nan,nan,0.5339999794960022,nan,nan,0.5541999936103821,nan,nan,7.767332863295451e-05,nan,nan,47.71,nan,255.0,nan,,nan,nan,nan,,nan,,,,
9644.0,0.0,0.0,0.0,0.0,0.0,0.0,0.0,0.0,0.0,0.0,0.0,0.0,0.0,0.0,0.0,9644.0,0.0,0.0,0.0,0.0,0.0,0.0,0.0,0.0,1.0,0.0,0.0,0.0,0.0,0.0,0.0,0.0,1.0,nan,nan,nan,,nan,nan,nan,nan,nan,nan,nan,,,,nan,nan,nan,nan,nan,nan,nan,nan,nan,nan,nan,nan,,nan,nan,,,nan,nan,0.5421000123023987,nan,nan,0.5974000096321106,nan,nan,0.6141999959945679,nan,nan,0.5339999794960022,nan,nan,0.5541999936103821,nan,nan,7.724201714154333e-05,nan,nan,47.71,nan,260.0,nan,,nan,nan,nan,,nan,,,,
12305.0,0.0,0.0,0.0,0.0,0.0,0.0,0.0,0.0,0.0,0.0,0.0,0.0,0.0,0.0,0.0,12305.0,0.0,0.0,0.0,0.0,0.0,0.0,0.0,0.0,0.0,0.0,0.0,0.0,0.0,0.0,0.0,0.0,0.0,nan,nan,nan,,nan,nan,nan,nan,nan,nan,nan,,,,nan,nan,nan,nan,nan,nan,nan,nan,nan,nan,nan,nan,,nan,nan,,,nan,nan,0.5421000123023987,nan,nan,0.5974000096321106,nan,nan,0.6141999959945679,nan,nan,0.5339999794960022,nan,nan,0.5541999936103821,nan,nan,7.719649147475138e-05,nan,nan,47.71,nan,265.0,nan,,nan,nan,nan,,nan,,,,
16311.0,0.0,0.0,0.0,0.0,0.0,0.0,0.0,0.0,0.0,0.0,0.0,0.0,0.0,0.0,0.0,16311.0,0.0,0.0,0.0,0.0,0.0,0.0,0.0,0.0,2.0,0.0,0.0,0.0,0.0,0.0,0.0,0.0,2.0,nan,nan,nan,,nan,nan,nan,nan,nan,nan,nan,,,,nan,nan,nan,nan,nan,nan,nan,nan,nan,nan,nan,nan,,nan,nan,,,nan,nan,0.5421000123023987,nan,nan,0.5974000096321106,nan,nan,0.6141999959945679,nan,nan,0.5339999794960022,nan,nan,0.5541999936103821,nan,nan,7.710525824222714e-05,nan,nan,47.71,nan,270.0,nan,,nan,nan,nan,,nan,,,,
20130.0,0.0,0.0,0.0,0.0,0.0,0.0,0.0,0.0,0.0,0.0,0.0,0.0,0.0,0.0,0.0,20130.0,0.0,0.0,0.0,0.0,0.0,0.0,0.0,0.0,0.0,0.0,0.0,0.0,0.0,0.0,0.0,0.0,0.0,nan,nan,nan,,nan,nan,nan,nan,nan,nan,nan,,,,nan,nan,nan,nan,nan,nan,nan,nan,nan,nan,nan,nan,,nan,nan,,,nan,nan,0.5421000123023987,nan,nan,0.5974000096321106,nan,nan,0.6141999959945679,nan,nan,0.5342000126838684,nan,nan,0.554099977016449,nan,nan,7.719649147475138e-05,nan,nan,47.71,nan,275.0,nan,,nan,nan,nan,,nan,,,,
24869.0,0.0,0.0,0.0,0.0,0.0,0.0,0.0,0.0,0.0,0.0,0.0,0.0,0.0,0.0,0.0,24869.0,0.0,0.0,0.0,0.0,0.0,0.0,0.0,0.0,0.0,0.0,0.0,0.0,0.0,0.0,0.0,0.0,0.0,nan,nan,nan,,nan,nan,nan,nan,nan,nan,nan,,,,nan,nan,nan,nan,nan,nan,nan,nan,nan,nan,nan,nan,,nan,nan,,,nan,nan,0.5424000024795532,nan,nan,0.5978999733924866,nan,nan,0.6144000291824341,nan,nan,0.5342000126838684,nan,nan,0.554099977016449,nan,nan,7.710525824222714e-05,nan,nan,47.71,nan,280.0,nan,,nan,nan,nan,,nan,,,,
30367.0,0.0,0.0,0.0,0.0,0.0,0.0,0.0,0.0,0.0,0.0,0.0,0.0,0.0,0.0,0.0,30367.0,0.0,0.0,0.0,0.0,0.0,0.0,0.0,0.0,1.0,0.0,0.0,0.0,0.0,0.0,0.0,0.0,1.0,nan,nan,nan,,nan,nan,nan,nan,nan,nan,nan,,,,nan,nan,nan,nan,nan,nan,nan,nan,nan,nan,nan,nan,,nan,nan,,,nan,nan,0.5424000024795532,nan,nan,0.5978999733924866,nan,nan,0.6144000291824341,nan,nan,0.5342000126838684,nan,nan,0.554099977016449,nan,nan,7.705981261096895e-05,nan,nan,47.71,nan,285.0,nan,,nan,nan,nan,,nan,,,,
35668.0,0.0,0.0,0.0,0.0,0.0,0.0,0.0,0.0,0.0,0.0,0.0,0.0,0.0,0.0,0.0,35668.0,0.0,0.0,0.0,0.0,0.0,0.0,0.0,0.0,0.0,0.0,0.0,0.0,0.0,0.0,0.0,0.0,0.0,nan,nan,nan,,nan,nan,nan,nan,nan,nan,nan,,,,nan,nan,nan,nan,nan,nan,nan,nan,nan,nan,nan,nan,,nan,nan,,,nan,nan,0.5424000024795532,nan,nan,0.5978999733924866,nan,nan,0.6144000291824341,nan,nan,0.5342000126838684,nan,nan,0.554099977016449,nan,nan,7.696891407249495e-05,nan,nan,47.71,nan,290.0,nan,,nan,nan,nan,,nan,,,,
40868.0,0.0,0.0,0.0,0.0,0.0,0.0,0.0,0.0,0.0,0.0,0.0,0.0,0.0,0.0,0.0,40868.0,0.0,0.0,0.0,0.0,0.0,0.0,0.0,0.0,0.0,0.0,0.0,0.0,0.0,0.0,0.0,0.0,0.0,nan,nan,nan,,nan,nan,nan,nan,nan,nan,nan,,,,nan,nan,nan,nan,nan,nan,nan,nan,nan,nan,nan,nan,,nan,nan,,,nan,nan,0.5424000024795532,nan,nan,0.5978999733924866,nan,nan,0.6144000291824341,nan,nan,0.5335999727249146,nan,nan,0.5540000200271606,nan,nan,7.696891407249495e-05,nan,nan,47.71,nan,295.0,nan,,nan,nan,nan,,nan,,,,
46075.0,0.0,0.0,0.0,0.0,0.0,0.0,0.0,0.0,0.0,0.0,0.0,0.0,0.0,0.0,0.0,46075.0,0.0,0.0,0.0,0.0,0.0,0.0,0.0,0.0,0.0,0.0,0.0,0.0,0.0,0.0,0.0,0.0,0.0,nan,nan,nan,,nan,nan,nan,nan,nan,nan,nan,,,,nan,nan,nan,nan,nan,nan,nan,nan,nan,nan,nan,nan,,nan,nan,,,nan,nan,0.5415999889373779,nan,nan,0.5972999930381775,nan,nan,0.6144000291824341,nan,nan,0.5335999727249146,nan,nan,0.5540000200271606,nan,nan,7.692346116527915e-05,nan,nan,47.71,nan,300.0,nan,,nan,nan,nan,,nan,,,,
50476.0,0.0,0.0,0.0,0.0,0.0,0.0,0.0,0.0,0.0,0.0,0.0,0.0,0.0,0.0,0.0,50476.0,132.0,0.0,0.0,0.0,0.0,0.0,0.0,0.0,0.0,0.0,0.0,0.0,0.0,0.0,0.0,0.0,132.0,nan,nan,nan,,nan,nan,nan,nan,nan,nan,nan,,,,nan,nan,nan,nan,nan,nan,nan,nan,nan,nan,nan,nan,,nan,nan,,,nan,nan,0.5415999889373779,nan,nan,0.5972999930381775,nan,nan,0.6144000291824341,nan,nan,0.5335999727249146,nan,nan,0.5540000200271606,nan,nan,7.696891407249495e-05,nan,nan,47.71,nan,305.0,nan,,nan,nan,nan,,nan,,,,
54703.0,0.0,0.0,0.0,0.0,0.0,0.0,0.0,0.0,0.0,0.0,0.0,0.0,0.0,0.0,0.0,54703.0,2039.0,0.0,0.0,0.0,0.0,0.0,0.0,0.0,0.0,0.0,0.0,0.0,0.0,0.0,0.0,0.0,2039.0,nan,nan,nan,,nan,nan,nan,nan,nan,nan,nan,,,,nan,nan,nan,nan,nan,nan,nan,nan,nan,nan,nan,nan,,nan,nan,,,nan,nan,0.5415999889373779,nan,nan,0.5972999930381775,nan,nan,0.6144000291824341,nan,nan,0.5335999727249146,nan,nan,0.5540000200271606,nan,nan,7.696891407249495e-05,nan,nan,47.71,nan,310.0,nan,,nan,nan,nan,,nan,,,,
57088.0,0.0,0.0,0.0,0.0,0.0,0.0,0.0,0.0,0.0,0.0,0.0,0.0,0.0,0.0,0.0,57088.0,2188.0,0.0,0.0,0.0,0.0,0.0,0.0,0.0,3.0,0.0,0.0,0.0,0.0,0.0,0.0,0.0,2191.0,nan,nan,nan,,nan,nan,nan,nan,nan,nan,nan,,,,nan,nan,nan,nan,nan,nan,nan,nan,nan,nan,nan,nan,,nan,nan,,,nan,nan,0.5415999889373779,nan,nan,0.5972999930381775,nan,nan,0.6144000291824341,nan,nan,0.5333999991416931,nan,nan,0.5539000034332275,nan,nan,7.678726251469925e-05,nan,nan,47.71,nan,315.0,nan,,nan,nan,nan,,nan,,,,
59303.0,0.0,0.0,0.0,0.0,0.0,0.0,0.0,0.0,0.0,0.0,0.0,0.0,0.0,0.0,0.0,59303.0,2165.0,0.0,0.0,0.0,0.0,0.0,0.0,0.0,1.0,0.0,0.0,0.0,0.0,0.0,0.0,0.0,2166.0,nan,nan,nan,,nan,nan,nan,nan,nan,nan,nan,,,,nan,nan,nan,nan,nan,nan,nan,nan,nan,nan,nan,nan,,nan,nan,,,nan,nan,0.5419999957084656,nan,nan,0.5974000096321106,nan,nan,0.6144999861717224,nan,nan,0.5333999991416931,nan,nan,0.5539000034332275,nan,nan,7.678726251469925e-05,nan,nan,47.71,nan,320.0,nan,,nan,nan,nan,,nan,,,,
60864.0,0.0,0.0,0.0,0.0,0.0,0.0,0.0,0.0,0.0,0.0,0.0,0.0,0.0,0.0,0.0,60864.0,2197.0,0.0,0.0,0.0,0.0,0.0,0.0,0.0,1.0,0.0,0.0,0.0,0.0,0.0,0.0,0.0,2198.0,nan,nan,nan,,nan,nan,nan,nan,nan,nan,nan,,,,nan,nan,nan,nan,nan,nan,nan,nan,nan,nan,nan,nan,,nan,nan,,,nan,nan,0.5419999957084656,nan,nan,0.5974000096321106,nan,nan,0.6144999861717224,nan,nan,0.5333999991416931,nan,nan,0.5539000034332275,nan,nan,7.678726251469925e-05,nan,nan,47.71,nan,325.0,nan,,nan,nan,nan,,nan,,,,
61903.0,0.0,0.0,0.0,0.0,0.0,0.0,0.0,0.0,0.0,0.0,0.0,0.0,0.0,0.0,0.0,61903.0,2147.0,0.0,0.0,0.0,0.0,0.0,0.0,0.0,1.0,0.0,0.0,0.0,0.0,0.0,0.0,0.0,2148.0,nan,nan,nan,,nan,nan,nan,nan,nan,nan,nan,,,,nan,nan,nan,nan,nan,nan,nan,nan,nan,nan,nan,nan,,nan,nan,,,nan,nan,0.5419999957084656,nan,nan,0.5974000096321106,nan,nan,0.6144999861717224,nan,nan,0.5333999991416931,nan,nan,0.5539000034332275,nan,nan,7.721866859355941e-05,nan,nan,47.71,nan,330.0,nan,,nan,nan,nan,,nan,,,,
62398.0,0.0,0.0,0.0,0.0,0.0,0.0,0.0,0.0,0.0,0.0,0.0,0.0,0.0,0.0,0.0,62398.0,2154.0,0.0,0.0,0.0,0.0,0.0,0.0,0.0,0.0,0.0,0.0,0.0,0.0,0.0,0.0,0.0,2154.0,nan,nan,nan,,nan,nan,nan,nan,nan,nan,nan,,,,nan,nan,nan,nan,nan,nan,nan,nan,nan,nan,nan,nan,,nan,nan,,,nan,nan,0.5419999957084656,nan,nan,0.5974000096321106,nan,nan,0.6144999861717224,nan,nan,0.534600019454956,nan,nan,0.5544000267982483,nan,nan,7.692346116527915e-05,nan,nan,47.71,nan,335.0,nan,,nan,nan,nan,,nan,,,,
62364.0,0.0,0.0,0.0,0.0,0.0,0.0,0.0,0.0,0.0,0.0,0.0,0.0,0.0,0.0,0.0,62364.0,2125.0,0.0,0.0,0.0,0.0,0.0,0.0,0.0,0.0,0.0,0.0,0.0,0.0,0.0,0.0,0.0,2125.0,nan,nan,nan,,nan,nan,nan,nan,nan,nan,nan,,,,nan,nan,nan,nan,nan,nan,nan,nan,nan,nan,nan,nan,,nan,nan,,,nan,nan,0.5422000288963318,nan,nan,0.597599983215332,nan,nan,0.6144000291824341,nan,nan,0.534600019454956,nan,nan,0.5544000267982483,nan,nan,7.721866859355941e-05,nan,nan,47.71,nan,340.0,nan,,nan,nan,nan,,nan,,,,
61724.0,0.0,0.0,0.0,0.0,0.0,0.0,0.0,0.0,0.0,0.0,0.0,0.0,0.0,0.0,0.0,61724.0,2160.0,0.0,0.0,0.0,0.0,0.0,0.0,0.0,2.0,0.0,0.0,0.0,0.0,0.0,0.0,0.0,2162.0,nan,nan,nan,,nan,nan,nan,nan,nan,nan,nan,,,,nan,nan,nan,nan,nan,nan,nan,nan,nan,nan,nan,nan,,nan,nan,,,nan,nan,0.5422000288963318,nan,nan,0.597599983215332,nan,nan,0.6144000291824341,nan,nan,0.534600019454956,nan,nan,0.5544000267982483,nan,nan,7.721866859355941e-05,nan,nan,47.71,nan,345.0,nan,,nan,nan,nan,,nan,,,,
60867.0,0.0,0.0,0.0,0.0,0.0,0.0,0.0,0.0,0.0,0.0,0.0,0.0,0.0,0.0,0.0,60867.0,2135.0,0.0,0.0,0.0,0.0,0.0,0.0,0.0,2.0,0.0,0.0,0.0,0.0,0.0,0.0,0.0,2137.0,nan,nan,nan,,nan,nan,nan,nan,nan,nan,nan,,,,nan,nan,nan,nan,nan,nan,nan,nan,nan,nan,nan,nan,,nan,nan,,,nan,nan,0.5422000288963318,nan,nan,0.597599983215332,nan,nan,0.6144000291824341,nan,nan,0.534600019454956,nan,nan,0.5544000267982483,nan,nan,7.68326353863813e-05,nan,nan,47.71,nan,350.0,nan,,nan,nan,nan,,nan,,,,
59587.0,0.0,0.0,0.0,0.0,0.0,0.0,0.0,0.0,0.0,0.0,0.0,0.0,0.0,0.0,0.0,59587.0,2086.0,0.0,0.0,0.0,0.0,0.0,0.0,0.0,2.0,0.0,0.0,0.0,0.0,0.0,0.0,0.0,2088.0,nan,nan,nan,,nan,nan,nan,nan,nan,nan,nan,,,,nan,nan,nan,nan,nan,nan,nan,nan,nan,nan,nan,nan,,nan,nan,,,nan,nan,0.5422000288963318,nan,nan,0.597599983215332,nan,nan,0.6144000291824341,nan,nan,0.5340999960899353,nan,nan,0.5543000102043152,nan,nan,7.68326353863813e-05,nan,nan,47.71,nan,355.0,nan,,nan,nan,nan,,nan,,,,
58420.0,0.0,0.0,0.0,0.0,0.0,0.0,0.0,0.0,0.0,0.0,0.0,0.0,0.0,0.0,0.0,58420.0,2118.0,0.0,0.0,0.0,0.0,0.0,0.0,0.0,0.0,0.0,0.0,0.0,0.0,0.0,0.0,0.0,2118.0,nan,nan,nan,,nan,nan,nan,nan,nan,nan,nan,,,,nan,nan,nan,nan,nan,nan,nan,nan,nan,nan,nan,nan,,nan,nan,,,nan,nan,0.5422999858856201,nan,nan,0.597599983215332,nan,nan,0.6144999861717224,nan,nan,0.5340999960899353,nan,nan,0.5543000102043152,nan,nan,7.692346116527915e-05,nan,nan,47.71,nan,360.0,nan,,nan,nan,nan,,nan,,,,
57590.0,0.0,0.0,0.0,0.0,0.0,0.0,0.0,0.0,0.0,0.0,0.0,0.0,0.0,0.0,0.0,57590.0,2087.0,0.0,0.0,0.0,0.0,0.0,0.0,0.0,1.0,0.0,0.0,0.0,0.0,0.0,0.0,0.0,2088.0,nan,nan,nan,,nan,nan,nan,nan,nan,nan,nan,,,,nan,nan,nan,nan,nan,nan,nan,nan,nan,nan,nan,nan,,nan,nan,,,nan,nan,0.5422999858856201,nan,nan,0.597599983215332,nan,nan,0.6144999861717224,nan,nan,0.5340999960899353,nan,nan,0.5543000102043152,nan,nan,7.68326353863813e-05,nan,nan,47.71,nan,365.0,nan,,nan,nan,nan,,nan,,,,
56174.0,0.0,0.0,0.0,0.0,0.0,0.0,0.0,0.0,0.0,0.0,0.0,0.0,0.0,0.0,0.0,56174.0,2126.0,0.0,0.0,0.0,0.0,0.0,0.0,0.0,2.0,0.0,0.0,0.0,0.0,0.0,0.0,0.0,2128.0,nan,nan,nan,,nan,nan,nan,nan,nan,nan,nan,,,,nan,nan,nan,nan,nan,nan,nan,nan,nan,nan,nan,nan,,nan,nan,,,nan,nan,0.5422999858856201,nan,nan,0.597599983215332,nan,nan,0.6144999861717224,nan,nan,0.5340999960899353,nan,nan,0.5543000102043152,nan,nan,7.649207691429183e-05,nan,nan,47.71,nan,370.0,nan,,nan,nan,nan,,nan,,,,
55601.0,0.0,0.0,0.0,0.0,0.0,0.0,0.0,0.0,0.0,0.0,0.0,0.0,0.0,0.0,0.0,55601.0,2139.0,0.0,0.0,0.0,0.0,0.0,0.0,0.0,3.0,0.0,0.0,0.0,0.0,0.0,0.0,0.0,2142.0,nan,nan,nan,,nan,nan,nan,nan,nan,nan,nan,,,,nan,nan,nan,nan,nan,nan,nan,nan,nan,nan,nan,nan,,nan,nan,,,nan,nan,0.5422999858856201,nan,nan,0.597599983215332,nan,nan,0.6144999861717224,nan,nan,0.5335999727249146,nan,nan,0.5540000200271606,nan,nan,7.692346116527915e-05,nan,nan,47.57,nan,375.0,nan,,nan,nan,nan,,nan,,,,
53822.0,0.0,0.0,0.0,0.0,0.0,0.0,0.0,0.0,0.0,0.0,0.0,0.0,0.0,0.0,0.0,53822.0,2197.0,0.0,0.0,0.0,0.0,0.0,0.0,0.0,1.0,0.0,0.0,0.0,0.0,0.0,0.0,0.0,2198.0,nan,nan,nan,,nan,nan,nan,nan,nan,nan,nan,,,,nan,nan,nan,nan,nan,nan,nan,nan,nan,nan,nan,nan,,nan,nan,,,nan,nan,0.5419999957084656,nan,nan,0.5975000262260437,nan,nan,0.6147000193595886,nan,nan,0.5335999727249146,nan,nan,0.5540000200271606,nan,nan,7.721866859355941e-05,nan,nan,47.57,nan,380.0,nan,,nan,nan,nan,,nan,,,,
53029.0,0.0,0.0,0.0,0.0,0.0,0.0,0.0,0.0,0.0,0.0,0.0,0.0,0.0,0.0,0.0,53029.0,2130.0,0.0,0.0,0.0,0.0,0.0,0.0,0.0,2.0,0.0,0.0,0.0,0.0,0.0,0.0,0.0,2132.0,nan,nan,nan,,nan,nan,nan,nan,nan,nan,nan,,,,nan,nan,nan,nan,nan,nan,nan,nan,nan,nan,nan,nan,,nan,nan,,,nan,nan,0.5419999957084656,nan,nan,0.5975000262260437,nan,nan,0.6147000193595886,nan,nan,0.5335999727249146,nan,nan,0.5540000200271606,nan,nan,7.678726251469925e-05,nan,nan,47.57,nan,385.0,nan,,nan,nan,nan,,nan,,,,
52116.0,0.0,0.0,0.0,0.0,0.0,0.0,0.0,0.0,0.0,0.0,0.0,0.0,0.0,0.0,0.0,52116.0,2166.0,0.0,0.0,0.0,0.0,0.0,0.0,0.0,6.0,0.0,0.0,0.0,0.0,0.0,0.0,0.0,2172.0,nan,nan,nan,,nan,nan,nan,nan,nan,nan,nan,,,,nan,nan,nan,nan,nan,nan,nan,nan,nan,nan,nan,nan,,nan,nan,,,nan,nan,0.5419999957084656,nan,nan,0.5975000262260437,nan,nan,0.6147000193595886,nan,nan,0.5335999727249146,nan,nan,0.5540000200271606,nan,nan,7.678726251469925e-05,nan,nan,47.57,nan,390.0,nan,,nan,nan,nan,,nan,,,,
50883.0,0.0,0.0,0.0,0.0,0.0,0.0,0.0,0.0,0.0,0.0,0.0,0.0,0.0,0.0,0.0,50883.0,2154.0,0.0,0.0,0.0,0.0,0.0,0.0,0.0,2.0,0.0,0.0,0.0,0.0,0.0,0.0,0.0,2156.0,nan,nan,nan,,nan,nan,nan,nan,nan,nan,nan,,,,nan,nan,nan,nan,nan,nan,nan,nan,nan,nan,nan,nan,,nan,nan,,,nan,nan,0.5419999957084656,nan,nan,0.5975000262260437,nan,nan,0.6147000193595886,nan,nan,0.5339000225067139,nan,nan,0.554099977016449,nan,nan,7.669668411836028e-05,nan,nan,47.57,nan,395.0,nan,,nan,nan,nan,,nan,,,,
50290.0,0.0,0.0,0.0,0.0,0.0,0.0,0.0,0.0,0.0,0.0,0.0,0.0,0.0,0.0,0.0,50290.0,2117.0,0.0,0.0,0.0,0.0,0.0,0.0,0.0,2.0,0.0,0.0,0.0,0.0,0.0,0.0,0.0,2119.0,nan,nan,nan,,nan,nan,nan,nan,nan,nan,nan,,,,nan,nan,nan,nan,nan,nan,nan,nan,nan,nan,nan,nan,,nan,nan,,,nan,nan,0.5422999858856201,nan,nan,0.597599983215332,nan,nan,0.6146000027656555,nan,nan,0.5339000225067139,nan,nan,0.554099977016449,nan,nan,7.674183143535629e-05,nan,nan,47.57,nan,400.0,nan,,nan,nan,nan,,nan,,,,
48826.0,0.0,0.0,0.0,0.0,0.0,0.0,0.0,0.0,0.0,0.0,0.0,0.0,0.0,0.0,0.0,48826.0,2138.0,0.0,0.0,0.0,0.0,0.0,0.0,0.0,3.0,0.0,0.0,0.0,0.0,0.0,0.0,0.0,2141.0,nan,nan,nan,,nan,nan,nan,nan,nan,nan,nan,,,,nan,nan,nan,nan,nan,nan,nan,nan,nan,nan,nan,nan,,nan,nan,,,nan,nan,0.5422999858856201,nan,nan,0.597599983215332,nan,nan,0.6146000027656555,nan,nan,0.5339000225067139,nan,nan,0.554099977016449,nan,nan,7.635579822817817e-05,nan,nan,47.57,nan,405.0,nan,,nan,nan,nan,,nan,,,,
47520.0,0.0,0.0,0.0,0.0,0.0,0.0,0.0,0.0,0.0,0.0,0.0,0.0,0.0,0.0,0.0,47520.0,2121.0,0.0,0.0,0.0,0.0,0.0,0.0,0.0,3.0,0.0,0.0,0.0,0.0,0.0,0.0,0.0,2124.0,nan,nan,nan,,nan,nan,nan,nan,nan,nan,nan,,,,nan,nan,nan,nan,nan,nan,nan,nan,nan,nan,nan,nan,,nan,nan,,,nan,nan,0.5422999858856201,nan,nan,0.597599983215332,nan,nan,0.6146000027656555,nan,nan,0.5339000225067139,nan,nan,0.554099977016449,nan,nan,7.656089292140678e-05,nan,nan,47.57,nan,410.0,nan,,nan,nan,nan,,nan,,,,
46475.0,0.0,0.0,0.0,0.0,0.0,0.0,0.0,0.0,0.0,0.0,0.0,0.0,0.0,0.0,0.0,46475.0,2096.0,0.0,0.0,0.0,0.0,0.0,0.0,0.0,5.0,0.0,0.0,0.0,0.0,0.0,0.0,0.0,2101.0,nan,nan,nan,,nan,nan,nan,nan,nan,nan,nan,,,,nan,nan,nan,nan,nan,nan,nan,nan,nan,nan,nan,nan,,nan,nan,,,nan,nan,0.5422999858856201,nan,nan,0.597599983215332,nan,nan,0.6146000027656555,nan,nan,0.5339999794960022,nan,nan,0.554099977016449,nan,nan,7.66060475143604e-05,nan,nan,47.57,nan,415.0,nan,,nan,nan,nan,,nan,,,,
45672.0,0.0,0.0,0.0,0.0,0.0,0.0,0.0,0.0,0.0,0.0,0.0,0.0,0.0,0.0,0.0,45672.0,2135.0,0.0,0.0,0.0,0.0,0.0,0.0,0.0,4.0,0.0,0.0,0.0,0.0,0.0,0.0,0.0,2139.0,nan,nan,nan,,nan,nan,nan,nan,nan,nan,nan,,,,nan,nan,nan,nan,nan,nan,nan,nan,nan,nan,nan,nan,,nan,nan,,,nan,nan,0.5419999957084656,nan,nan,0.5974000096321106,nan,nan,0.6147000193595886,nan,nan,0.5339999794960022,nan,nan,0.554099977016449,nan,nan,7.674183143535629e-05,nan,nan,47.57,nan,420.0,nan,,nan,nan,nan,,nan,,,,
44561.0,0.0,0.0,0.0,0.0,0.0,0.0,0.0,0.0,0.0,0.0,0.0,0.0,0.0,0.0,0.0,44561.0,2141.0,0.0,0.0,0.0,0.0,0.0,0.0,0.0,3.0,0.0,0.0,0.0,0.0,0.0,0.0,0.0,2144.0,nan,nan,nan,,nan,nan,nan,nan,nan,nan,nan,,,,nan,nan,nan,nan,nan,nan,nan,nan,nan,nan,nan,nan,,nan,nan,,,nan,nan,0.5419999957084656,nan,nan,0.5974000096321106,nan,nan,0.6147000193595886,nan,nan,0.5339999794960022,nan,nan,0.554099977016449,nan,nan,7.678726251469925e-05,nan,nan,47.57,nan,425.0,nan,,nan,nan,nan,,nan,,,,
43620.0,0.0,0.0,0.0,0.0,0.0,0.0,0.0,0.0,0.0,0.0,0.0,0.0,0.0,0.0,0.0,43620.0,2191.0,0.0,0.0,0.0,0.0,0.0,0.0,0.0,3.0,0.0,0.0,0.0,0.0,0.0,0.0,0.0,2194.0,nan,nan,nan,,nan,nan,nan,nan,nan,nan,nan,,,,nan,nan,nan,nan,nan,nan,nan,nan,nan,nan,nan,nan,,nan,nan,,,nan,nan,0.5419999957084656,nan,nan,0.5974000096321106,nan,nan,0.6147000193595886,nan,nan,0.5339999794960022,nan,nan,0.554099977016449,nan,nan,7.66060475143604e-05,nan,nan,47.57,nan,430.0,nan,,nan,nan,nan,,nan,,,,
42668.0,0.0,0.0,0.0,0.0,0.0,0.0,0.0,0.0,0.0,0.0,0.0,0.0,0.0,0.0,0.0,42668.0,2135.0,0.0,0.0,0.0,0.0,0.0,0.0,0.0,4.0,0.0,0.0,0.0,0.0,0.0,0.0,0.0,2139.0,nan,nan,nan,,nan,nan,nan,nan,nan,nan,nan,,,,nan,nan,nan,nan,nan,nan,nan,nan,nan,nan,nan,nan,,nan,nan,,,nan,nan,0.5419999957084656,nan,nan,0.5974000096321106,nan,nan,0.6147000193595886,nan,nan,0.5339000225067139,nan,nan,0.554099977016449,nan,nan,7.647040911251679e-05,nan,nan,47.57,nan,435.0,nan,,nan,nan,nan,,nan,,,,
41774.0,0.0,0.0,0.0,0.0,0.0,0.0,0.0,0.0,0.0,0.0,0.0,0.0,0.0,0.0,0.0,41774.0,2199.0,0.0,0.0,0.0,0.0,0.0,0.0,0.0,1.0,0.0,0.0,0.0,0.0,0.0,0.0,0.0,2200.0,nan,nan,nan,,nan,nan,nan,nan,nan,nan,nan,,,,nan,nan,nan,nan,nan,nan,nan,nan,nan,nan,nan,nan,,nan,nan,,,nan,nan,0.5418999791145325,nan,nan,0.5974000096321106,nan,nan,0.6147000193595886,nan,nan,0.5343999862670898,nan,nan,0.5544000267982483,nan,nan,7.66060475143604e-05,nan,nan,47.57,nan,440.0,nan,,nan,nan,nan,,nan,,,,
41151.0,0.0,0.0,0.0,0.0,0.0,0.0,0.0,0.0,0.0,0.0,0.0,0.0,0.0,0.0,0.0,41151.0,2129.0,0.0,0.0,0.0,0.0,0.0,0.0,0.0,9.0,0.0,0.0,0.0,0.0,0.0,0.0,0.0,2138.0,nan,nan,nan,,nan,nan,nan,nan,nan,nan,nan,,,,nan,nan,nan,nan,nan,nan,nan,nan,nan,nan,nan,nan,,nan,nan,,,nan,nan,0.5418999791145325,nan,nan,0.5974000096321106,nan,nan,0.6147000193595886,nan,nan,0.5339000225067139,nan,nan,0.554099977016449,nan,nan,7.656089292140678e-05,nan,nan,47.57,nan,445.0,nan,,nan,nan,nan,,nan,,,,
39932.0,0.0,0.0,0.0,0.0,0.0,0.0,0.0,0.0,0.0,0.0,0.0,0.0,0.0,0.0,0.0,39932.0,2117.0,0.0,0.0,0.0,0.0,0.0,0.0,0.0,3.0,0.0,0.0,0.0,0.0,0.0,0.0,0.0,2120.0,nan,nan,nan,,nan,nan,nan,nan,nan,nan,nan,,,,nan,nan,nan,nan,nan,nan,nan,nan,nan,nan,nan,nan,,nan,nan,,,nan,nan,0.5418999791145325,nan,nan,0.5974000096321106,nan,nan,0.6147000193595886,nan,nan,0.5339000225067139,nan,nan,0.554099977016449,nan,nan,7.647040911251679e-05,nan,nan,47.57,nan,450.0,nan,,nan,nan,nan,,nan,,,,
39028.0,0.0,0.0,0.0,0.0,0.0,0.0,0.0,0.0,0.0,0.0,0.0,0.0,0.0,0.0,0.0,39028.0,2242.0,0.0,0.0,0.0,0.0,0.0,0.0,0.0,7.0,0.0,0.0,0.0,0.0,0.0,0.0,0.0,2249.0,nan,nan,nan,,nan,nan,nan,nan,nan,nan,nan,,,,nan,nan,nan,nan,nan,nan,nan,nan,nan,nan,nan,nan,,nan,nan,,,nan,nan,0.5418999791145325,nan,nan,0.5974000096321106,nan,nan,0.6147000193595886,nan,nan,0.534600019454956,nan,nan,0.5544999837875366,nan,nan,7.647040911251679e-05,nan,nan,47.57,nan,455.0,nan,,nan,nan,nan,,nan,,,,
38147.0,0.0,0.0,0.0,0.0,0.0,0.0,0.0,0.0,0.0,0.0,0.0,0.0,0.0,0.0,0.0,38147.0,2256.0,0.0,0.0,0.0,0.0,0.0,0.0,0.0,5.0,0.0,0.0,0.0,0.0,0.0,0.0,0.0,2261.0,nan,nan,nan,,nan,nan,nan,nan,nan,nan,nan,,,,nan,nan,nan,nan,nan,nan,nan,nan,nan,nan,nan,nan,,nan,nan,,,nan,nan,0.5418999791145325,nan,nan,0.5975000262260437,nan,nan,0.6147000193595886,nan,nan,0.534600019454956,nan,nan,0.5544999837875366,nan,nan,7.665131124667823e-05,nan,nan,47.57,nan,460.0,nan,,nan,nan,nan,,nan,,,,
37814.0,0.0,0.0,0.0,0.0,0.0,0.0,0.0,51.0,0.0,0.0,0.0,0.0,0.0,0.0,0.0,37865.0,2207.0,0.0,0.0,0.0,0.0,0.0,0.0,0.0,3.0,0.0,0.0,0.0,0.0,0.0,0.0,0.0,2210.0,nan,nan,nan,,nan,nan,nan,nan,nan,nan,nan,,,,nan,nan,nan,nan,nan,nan,nan,nan,nan,nan,nan,nan,,nan,nan,,,nan,nan,0.5418999791145325,nan,nan,0.5975000262260437,nan,nan,0.6147000193595886,nan,nan,0.534600019454956,nan,nan,0.5544999837875366,nan,nan,7.647040911251679e-05,nan,nan,47.57,nan,465.0,nan,,nan,nan,nan,,nan,,,,
36658.0,0.0,0.0,0.0,0.0,0.0,0.0,0.0,136.0,0.0,0.0,0.0,0.0,0.0,0.0,0.0,36794.0,2116.0,0.0,0.0,0.0,0.0,0.0,0.0,0.0,4.0,0.0,0.0,0.0,0.0,0.0,0.0,0.0,2120.0,nan,nan,nan,,nan,nan,nan,nan,nan,nan,nan,,,,nan,nan,nan,nan,nan,nan,nan,nan,nan,nan,nan,nan,,nan,nan,,,nan,nan,0.5418999791145325,nan,nan,0.5975000262260437,nan,nan,0.6147000193595886,nan,nan,0.534600019454956,nan,nan,0.5544999837875366,nan,nan,7.665131124667823e-05,nan,nan,47.57,nan,470.0,nan,,nan,nan,nan,,nan,,,,
35744.0,0.0,0.0,0.0,0.0,0.0,0.0,0.0,116.0,0.0,0.0,0.0,0.0,0.0,0.0,0.0,35860.0,2211.0,0.0,0.0,0.0,0.0,0.0,0.0,0.0,4.0,0.0,0.0,0.0,0.0,0.0,0.0,0.0,2215.0,nan,nan,nan,,nan,nan,nan,nan,nan,nan,nan,,,,nan,nan,nan,nan,nan,nan,nan,nan,nan,nan,nan,nan,,nan,nan,,,nan,nan,0.5418999791145325,nan,nan,0.5975000262260437,nan,nan,0.6147000193595886,nan,nan,0.5336999893188477,nan,nan,0.554099977016449,nan,nan,7.642533455509692e-05,nan,nan,47.57,nan,475.0,nan,,nan,nan,nan,,nan,,,,
34966.0,0.0,0.0,0.0,0.0,0.0,0.0,0.0,99.0,0.0,0.0,0.0,0.0,0.0,0.0,0.0,35065.0,2109.0,0.0,0.0,0.0,0.0,0.0,0.0,0.0,4.0,0.0,0.0,0.0,0.0,0.0,0.0,0.0,2113.0,nan,nan,nan,,nan,nan,nan,nan,nan,nan,nan,,,,nan,nan,nan,nan,nan,nan,nan,nan,nan,nan,nan,nan,,nan,nan,,,nan,nan,0.5422999858856201,nan,nan,0.597599983215332,nan,nan,0.614799976348877,nan,nan,0.5336999893188477,nan,nan,0.554099977016449,nan,nan,7.647040911251679e-05,nan,nan,47.57,nan,480.0,nan,,nan,nan,nan,,nan,,,,
33635.0,0.0,0.0,0.0,0.0,0.0,0.0,0.0,86.0,0.0,0.0,0.0,0.0,0.0,0.0,0.0,33721.0,2205.0,0.0,0.0,0.0,0.0,0.0,0.0,0.0,3.0,0.0,0.0,0.0,0.0,0.0,0.0,0.0,2208.0,nan,nan,nan,,nan,nan,nan,nan,nan,nan,nan,,,,nan,nan,nan,nan,nan,nan,nan,nan,nan,nan,nan,nan,,nan,nan,,,nan,nan,0.5422999858856201,nan,nan,0.597599983215332,nan,nan,0.614799976348877,nan,nan,0.5336999893188477,nan,nan,0.554099977016449,nan,nan,7.642533455509692e-05,nan,nan,47.57,nan,485.0,nan,,nan,nan,nan,,nan,,,,
33155.0,0.0,0.0,0.0,0.0,0.0,0.0,0.0,83.0,0.0,0.0,0.0,0.0,0.0,0.0,0.0,33238.0,2114.0,0.0,0.0,0.0,0.0,0.0,0.0,0.0,3.0,0.0,0.0,0.0,0.0,0.0,0.0,0.0,2117.0,nan,nan,nan,,nan,nan,nan,nan,nan,nan,nan,,,,nan,nan,nan,nan,nan,nan,nan,nan,nan,nan,nan,nan,,nan,nan,,,nan,nan,0.5422999858856201,nan,nan,0.597599983215332,nan,nan,0.614799976348877,nan,nan,0.5336999893188477,nan,nan,0.554099977016449,nan,nan,7.642533455509692e-05,nan,nan,47.57,nan,490.0,nan,,nan,nan,nan,,nan,,,,
32385.0,0.0,0.0,0.0,0.0,0.0,0.0,0.0,67.0,0.0,0.0,0.0,0.0,0.0,0.0,0.0,32452.0,2156.0,0.0,0.0,0.0,0.0,0.0,0.0,0.0,11.0,0.0,0.0,0.0,0.0,0.0,0.0,0.0,2167.0,nan,nan,nan,,nan,nan,nan,nan,nan,nan,nan,,,,nan,nan,nan,nan,nan,nan,nan,nan,nan,nan,nan,nan,,nan,nan,,,nan,nan,0.5422999858856201,nan,nan,0.597599983215332,nan,nan,0.614799976348877,nan,nan,0.5338000059127808,nan,nan,0.5541999936103821,nan,nan,7.647040911251679e-05,nan,nan,47.57,nan,495.0,nan,,nan,nan,nan,,nan,,,,
31771.0,0.0,0.0,0.0,0.0,0.0,0.0,0.0,78.0,0.0,0.0,0.0,0.0,0.0,0.0,0.0,31849.0,2133.0,0.0,0.0,0.0,0.0,0.0,0.0,0.0,6.0,0.0,0.0,0.0,0.0,0.0,0.0,0.0,2139.0,nan,nan,nan,,nan,nan,nan,nan,nan,nan,nan,,,,nan,nan,nan,nan,nan,nan,nan,nan,nan,nan,nan,nan,,nan,nan,,,nan,nan,0.5414999723434448,nan,nan,0.5975000262260437,nan,nan,0.614799976348877,nan,nan,0.5338000059127808,nan,nan,0.5541999936103821,nan,nan,7.665131124667823e-05,nan,nan,47.57,nan,500.0,nan,,nan,nan,nan,,nan,,,,
31285.0,0.0,0.0,0.0,0.0,0.0,0.0,0.0,76.0,0.0,0.0,0.0,0.0,0.0,0.0,0.0,31361.0,2198.0,0.0,0.0,0.0,0.0,0.0,0.0,0.0,5.0,0.0,0.0,0.0,0.0,0.0,0.0,0.0,2203.0,nan,nan,nan,,nan,nan,nan,nan,nan,nan,nan,,,,nan,nan,nan,nan,nan,nan,nan,nan,nan,nan,nan,nan,,nan,nan,,,nan,nan,0.5414999723434448,nan,nan,0.5975000262260437,nan,nan,0.614799976348877,nan,nan,0.5338000059127808,nan,nan,0.5541999936103821,nan,nan,7.629010360687971e-05,nan,nan,47.57,nan,505.0,nan,,nan,nan,nan,,nan,,,,
30048.0,0.0,0.0,0.0,0.0,0.0,0.0,0.0,56.0,0.0,0.0,0.0,0.0,0.0,0.0,0.0,30104.0,2163.0,0.0,0.0,0.0,0.0,0.0,0.0,0.0,5.0,0.0,0.0,0.0,0.0,0.0,0.0,0.0,2168.0,nan,nan,nan,,nan,nan,nan,nan,nan,nan,nan,,,,nan,nan,nan,nan,nan,nan,nan,nan,nan,nan,nan,nan,,nan,nan,,,nan,nan,0.5414999723434448,nan,nan,0.5975000262260437,nan,nan,0.614799976348877,nan,nan,0.5338000059127808,nan,nan,0.5541999936103821,nan,nan,7.638020906597376e-05,nan,nan,47.57,nan,510.0,nan,,nan,nan,nan,,nan,,,,
29004.0,0.0,0.0,0.0,0.0,0.0,0.0,0.0,66.0,0.0,0.0,0.0,0.0,0.0,0.0,0.0,29070.0,2172.0,0.0,0.0,0.0,0.0,0.0,0.0,0.0,4.0,0.0,0.0,0.0,0.0,0.0,0.0,0.0,2176.0,nan,nan,nan,,nan,nan,nan,nan,nan,nan,nan,,,,nan,nan,nan,nan,nan,nan,nan,nan,nan,nan,nan,nan,,nan,nan,,,nan,nan,0.5414999723434448,nan,nan,0.5975000262260437,nan,nan,0.614799976348877,nan,nan,0.5339000225067139,nan,nan,0.5541999936103821,nan,nan,7.647040911251679e-05,nan,nan,47.57,nan,515.0,nan,,nan,nan,nan,,nan,,,,
28533.0,0.0,0.0,0.0,0.0,0.0,0.0,0.0,50.0,0.0,0.0,0.0,0.0,0.0,0.0,0.0,28583.0,2110.0,0.0,0.0,0.0,0.0,0.0,0.0,0.0,5.0,0.0,0.0,0.0,0.0,0.0,0.0,0.0,2115.0,nan,nan,nan,,nan,nan,nan,nan,nan,nan,nan,,,,nan,nan,nan,nan,nan,nan,nan,nan,nan,nan,nan,nan,,nan,nan,,,nan,nan,0.541700005531311,nan,nan,0.5975000262260437,nan,nan,0.614799976348877,nan,nan,0.5339000225067139,nan,nan,0.5541999936103821,nan,nan,7.647040911251679e-05,nan,nan,47.57,nan,520.0,nan,,nan,nan,nan,,nan,,,,
27874.0,0.0,0.0,0.0,0.0,0.0,0.0,0.0,55.0,0.0,0.0,0.0,0.0,0.0,0.0,0.0,27929.0,2187.0,0.0,0.0,0.0,0.0,0.0,0.0,0.0,3.0,0.0,0.0,0.0,0.0,0.0,0.0,0.0,2190.0,nan,nan,nan,,nan,nan,nan,nan,nan,nan,nan,,,,nan,nan,nan,nan,nan,nan,nan,nan,nan,nan,nan,nan,,nan,nan,,,nan,nan,0.541700005531311,nan,nan,0.5975000262260437,nan,nan,0.614799976348877,nan,nan,0.5339000225067139,nan,nan,0.5541999936103821,nan,nan,7.624497084179893e-05,nan,nan,47.57,nan,525.0,nan,,nan,nan,nan,,nan,,,,
27005.0,0.0,0.0,0.0,0.0,0.0,0.0,0.0,64.0,0.0,0.0,0.0,0.0,0.0,0.0,0.0,27069.0,2124.0,0.0,0.0,0.0,0.0,0.0,0.0,0.0,4.0,0.0,0.0,0.0,0.0,0.0,0.0,0.0,2128.0,nan,nan,nan,,nan,nan,nan,nan,nan,nan,nan,,,,nan,nan,nan,nan,nan,nan,nan,nan,nan,nan,nan,nan,,nan,nan,,,nan,nan,0.541700005531311,nan,nan,0.5975000262260437,nan,nan,0.614799976348877,nan,nan,0.5339000225067139,nan,nan,0.5541999936103821,nan,nan,7.638020906597376e-05,nan,nan,47.57,nan,530.0,nan,,nan,nan,nan,,nan,,,,
25944.0,0.0,0.0,0.0,0.0,0.0,0.0,0.0,61.0,0.0,0.0,0.0,0.0,0.0,0.0,0.0,26005.0,2184.0,0.0,0.0,0.0,0.0,0.0,0.0,0.0,4.0,0.0,0.0,0.0,0.0,0.0,0.0,0.0,2188.0,nan,nan,nan,,nan,nan,nan,nan,nan,nan,nan,,,,nan,nan,nan,nan,nan,nan,nan,nan,nan,nan,nan,nan,,nan,nan,,,nan,nan,0.541700005531311,nan,nan,0.5975000262260437,nan,nan,0.614799976348877,nan,nan,0.5331000089645386,nan,nan,0.5536999702453613,nan,nan,7.629010360687971e-05,nan,nan,47.57,nan,535.0,nan,,nan,nan,nan,,nan,,,,
25588.0,0.0,0.0,0.0,0.0,0.0,0.0,0.0,51.0,0.0,0.0,0.0,0.0,0.0,0.0,0.0,25639.0,2203.0,0.0,0.0,0.0,0.0,0.0,0.0,0.0,5.0,0.0,0.0,0.0,0.0,0.0,0.0,0.0,2208.0,nan,nan,nan,,nan,nan,nan,nan,nan,nan,nan,,,,nan,nan,nan,nan,nan,nan,nan,nan,nan,nan,nan,nan,,nan,nan,,,nan,nan,0.541700005531311,nan,nan,0.5975000262260437,nan,nan,0.614799976348877,nan,nan,0.5331000089645386,nan,nan,0.5536999702453613,nan,nan,7.633518544025719e-05,nan,nan,47.57,nan,540.0,nan,,nan,nan,nan,,nan,,,,
24654.0,0.0,0.0,0.0,0.0,0.0,0.0,0.0,50.0,0.0,0.0,0.0,0.0,0.0,0.0,0.0,24704.0,2146.0,0.0,0.0,0.0,0.0,0.0,0.0,0.0,6.0,0.0,0.0,0.0,0.0,0.0,0.0,0.0,2152.0,nan,nan,nan,,nan,nan,nan,nan,nan,nan,nan,,,,nan,nan,nan,nan,nan,nan,nan,nan,nan,nan,nan,nan,,nan,nan,,,nan,nan,0.541700005531311,nan,nan,0.5975000262260437,nan,nan,0.614799976348877,nan,nan,0.5331000089645386,nan,nan,0.5536999702453613,nan,nan,7.638020906597376e-05,nan,nan,47.57,nan,545.0,nan,,nan,nan,nan,,nan,,,,
23935.0,0.0,0.0,0.0,0.0,0.0,0.0,0.0,44.0,0.0,0.0,0.0,0.0,0.0,0.0,0.0,23979.0,2181.0,0.0,0.0,0.0,0.0,0.0,0.0,0.0,3.0,0.0,0.0,0.0,0.0,0.0,0.0,0.0,2184.0,nan,nan,nan,,nan,nan,nan,nan,nan,nan,nan,,,,nan,nan,nan,nan,nan,nan,nan,nan,nan,nan,nan,nan,,nan,nan,,,nan,nan,0.541700005531311,nan,nan,0.5975000262260437,nan,nan,0.614799976348877,nan,nan,0.5331000089645386,nan,nan,0.5536999702453613,nan,nan,7.638020906597376e-05,nan,nan,47.57,nan,550.0,nan,,nan,nan,nan,,nan,,,,
22743.0,0.0,0.0,0.0,0.0,0.0,0.0,0.0,66.0,0.0,0.0,0.0,0.0,0.0,0.0,0.0,22809.0,2138.0,0.0,0.0,0.0,0.0,0.0,0.0,0.0,3.0,0.0,0.0,0.0,0.0,0.0,0.0,0.0,2141.0,nan,nan,nan,,nan,nan,nan,nan,nan,nan,nan,,,,nan,nan,nan,nan,nan,nan,nan,nan,nan,nan,nan,nan,,nan,nan,,,nan,nan,0.541700005531311,nan,nan,0.5975000262260437,nan,nan,0.614799976348877,nan,nan,0.5336999893188477,nan,nan,0.5540000200271606,nan,nan,7.663186988793314e-05,nan,nan,47.57,nan,555.0,nan,,nan,nan,nan,,nan,,,,
22403.0,0.0,0.0,0.0,0.0,0.0,0.0,0.0,93.0,0.0,0.0,0.0,0.0,0.0,0.0,0.0,22496.0,2260.0,0.0,0.0,0.0,0.0,0.0,0.0,0.0,4.0,0.0,0.0,0.0,0.0,0.0,0.0,0.0,2264.0,nan,nan,nan,,nan,nan,nan,nan,nan,nan,nan,,,,nan,nan,nan,nan,nan,nan,nan,nan,nan,nan,nan,nan,,nan,nan,,,nan,nan,0.5419999957084656,nan,nan,0.5972999930381775,nan,nan,0.6147000193595886,nan,nan,0.5336999893188477,nan,nan,0.5540000200271606,nan,nan,7.647040911251679e-05,nan,nan,47.57,nan,560.0,nan,,nan,nan,nan,,nan,,,,
21338.0,0.0,0.0,0.0,0.0,0.0,0.0,0.0,65.0,0.0,0.0,0.0,0.0,0.0,0.0,0.0,21403.0,2077.0,0.0,0.0,0.0,0.0,0.0,0.0,0.0,5.0,0.0,0.0,0.0,0.0,0.0,0.0,0.0,2082.0,nan,nan,nan,,nan,nan,nan,nan,nan,nan,nan,,,,nan,nan,nan,nan,nan,nan,nan,nan,nan,nan,nan,nan,,nan,nan,,,nan,nan,0.5419999957084656,nan,nan,0.5972999930381775,nan,nan,0.6147000193595886,nan,nan,0.5336999893188477,nan,nan,0.5540000200271606,nan,nan,7.590337190777063e-05,nan,nan,47.57,nan,565.0,nan,,nan,nan,nan,,nan,,,,
20791.0,0.0,0.0,0.0,0.0,0.0,0.0,0.0,83.0,0.0,0.0,0.0,0.0,0.0,0.0,0.0,20874.0,2235.0,0.0,0.0,0.0,0.0,0.0,0.0,0.0,6.0,0.0,0.0,0.0,0.0,0.0,0.0,0.0,2241.0,nan,nan,nan,,nan,nan,nan,nan,nan,nan,nan,,,,nan,nan,nan,nan,nan,nan,nan,nan,nan,nan,nan,nan,,nan,nan,,,nan,nan,0.5419999957084656,nan,nan,0.5972999930381775,nan,nan,0.6147000193595886,nan,nan,0.5336999893188477,nan,nan,0.5540000200271606,nan,nan,7.620002725161612e-05,nan,nan,47.57,nan,570.0,nan,,nan,nan,nan,,nan,,,,
20184.0,0.0,0.0,0.0,0.0,0.0,0.0,0.0,89.0,0.0,0.0,0.0,0.0,0.0,0.0,0.0,20273.0,2126.0,0.0,0.0,0.0,0.0,0.0,0.0,0.0,5.0,0.0,0.0,0.0,0.0,0.0,0.0,0.0,2131.0,nan,nan,nan,,nan,nan,nan,nan,nan,nan,nan,,,,nan,nan,nan,nan,nan,nan,nan,nan,nan,nan,nan,nan,,nan,nan,,,nan,nan,0.5419999957084656,nan,nan,0.5972999930381775,nan,nan,0.6147000193595886,nan,nan,0.5336999893188477,nan,nan,0.554099977016449,nan,nan,7.620002725161612e-05,nan,nan,47.57,nan,575.0,nan,,nan,nan,nan,,nan,,,,
19501.0,0.0,0.0,0.0,0.0,0.0,0.0,0.0,89.0,0.0,0.0,0.0,0.0,0.0,0.0,0.0,19590.0,2151.0,0.0,0.0,0.0,0.0,0.0,0.0,0.0,5.0,0.0,0.0,0.0,0.0,0.0,0.0,0.0,2156.0,nan,nan,nan,,nan,nan,nan,nan,nan,nan,nan,,,,nan,nan,nan,nan,nan,nan,nan,nan,nan,nan,nan,nan,,nan,nan,,,nan,nan,0.5415999889373779,nan,nan,0.5974000096321106,nan,nan,0.614799976348877,nan,nan,0.5336999893188477,nan,nan,0.554099977016449,nan,nan,7.633518544025719e-05,nan,nan,47.57,nan,580.0,nan,,nan,nan,nan,,nan,,,,
18806.0,0.0,0.0,0.0,0.0,0.0,0.0,0.0,96.0,0.0,0.0,0.0,0.0,0.0,0.0,0.0,18902.0,2185.0,0.0,0.0,0.0,0.0,0.0,0.0,0.0,4.0,0.0,0.0,0.0,0.0,0.0,0.0,0.0,2189.0,nan,nan,nan,,nan,nan,nan,nan,nan,nan,nan,,,,nan,nan,nan,nan,nan,nan,nan,nan,nan,nan,nan,nan,,nan,nan,,,nan,nan,0.5415999889373779,nan,nan,0.5974000096321106,nan,nan,0.614799976348877,nan,nan,0.5336999893188477,nan,nan,0.554099977016449,nan,nan,7.638020906597376e-05,nan,nan,47.57,nan,585.0,nan,,nan,nan,nan,,nan,,,,
18229.0,0.0,0.0,0.0,0.0,0.0,0.0,0.0,115.0,0.0,0.0,0.0,0.0,0.0,0.0,0.0,18344.0,2146.0,0.0,0.0,0.0,0.0,0.0,0.0,0.0,6.0,0.0,0.0,0.0,0.0,0.0,0.0,0.0,2152.0,nan,nan,nan,,nan,nan,nan,nan,nan,nan,nan,,,,nan,nan,nan,nan,nan,nan,nan,nan,nan,nan,nan,nan,,nan,nan,,,nan,nan,0.5415999889373779,nan,nan,0.5974000096321106,nan,nan,0.614799976348877,nan,nan,0.5336999893188477,nan,nan,0.554099977016449,nan,nan,7.629010360687971e-05,nan,nan,47.57,nan,590.0,nan,,nan,nan,nan,,nan,,,,
17561.0,0.0,0.0,0.0,0.0,0.0,0.0,0.0,135.0,0.0,0.0,0.0,0.0,0.0,0.0,0.0,17696.0,2170.0,0.0,0.0,0.0,0.0,0.0,0.0,0.0,13.0,0.0,0.0,0.0,0.0,0.0,0.0,0.0,2183.0,nan,nan,nan,,nan,nan,nan,nan,nan,nan,nan,,,,nan,nan,nan,nan,nan,nan,nan,nan,nan,nan,nan,nan,,nan,nan,,,nan,nan,0.5415999889373779,nan,nan,0.5974000096321106,nan,nan,0.614799976348877,nan,nan,0.5343999862670898,nan,nan,0.5543000102043152,nan,nan,7.615503272973001e-05,nan,nan,47.57,nan,595.0,nan,,nan,nan,nan,,nan,,,,
16966.0,0.0,0.0,0.0,0.0,0.0,0.0,0.0,124.0,0.0,0.0,0.0,0.0,0.0,0.0,0.0,17090.0,2162.0,0.0,0.0,0.0,0.0,0.0,0.0,0.0,10.0,0.0,0.0,0.0,0.0,0.0,0.0,0.0,2172.0,nan,nan,nan,,nan,nan,nan,nan,nan,nan,nan,,,,nan,nan,nan,nan,nan,nan,nan,nan,nan,nan,nan,nan,,nan,nan,,,nan,nan,0.5422000288963318,nan,nan,0.5975000262260437,nan,nan,0.614799976348877,nan,nan,0.5343999862670898,nan,nan,0.5543000102043152,nan,nan,7.633518544025719e-05,nan,nan,47.57,nan,600.0,nan,,nan,nan,nan,,nan,,,,
16325.0,0.0,0.0,0.0,0.0,0.0,0.0,0.0,137.0,0.0,0.0,0.0,0.0,0.0,0.0,0.0,16462.0,2192.0,0.0,0.0,0.0,0.0,0.0,0.0,0.0,6.0,0.0,0.0,0.0,0.0,0.0,0.0,0.0,2198.0,nan,nan,nan,,nan,nan,nan,nan,nan,nan,nan,,,,nan,nan,nan,nan,nan,nan,nan,nan,nan,nan,nan,nan,,nan,nan,,,nan,nan,0.5422000288963318,nan,nan,0.5975000262260437,nan,nan,0.614799976348877,nan,nan,0.5343999862670898,nan,nan,0.5543000102043152,nan,nan,7.672180800000206e-05,nan,nan,47.57,nan,605.0,nan,,nan,nan,nan,,nan,,,,
15643.0,0.0,0.0,0.0,0.0,0.0,0.0,0.0,166.0,0.0,0.0,0.0,0.0,0.0,0.0,0.0,15809.0,2171.0,0.0,0.0,0.0,0.0,0.0,0.0,0.0,7.0,0.0,0.0,0.0,0.0,0.0,0.0,0.0,2178.0,nan,nan,nan,,nan,nan,nan,nan,nan,nan,nan,,,,nan,nan,nan,nan,nan,nan,nan,nan,nan,nan,nan,nan,,nan,nan,,,nan,nan,0.5422000288963318,nan,nan,0.5975000262260437,nan,nan,0.614799976348877,nan,nan,0.5343999862670898,nan,nan,0.5543000102043152,nan,nan,7.624497084179893e-05,nan,nan,47.57,nan,610.0,nan,,nan,nan,nan,,nan,,,,
15176.0,0.0,0.0,0.0,0.0,0.0,0.0,0.0,149.0,0.0,0.0,0.0,0.0,0.0,0.0,0.0,15325.0,2129.0,0.0,0.0,0.0,0.0,0.0,0.0,0.0,6.0,0.0,0.0,0.0,0.0,0.0,0.0,0.0,2135.0,nan,nan,nan,,nan,nan,nan,nan,nan,nan,nan,,,,nan,nan,nan,nan,nan,nan,nan,nan,nan,nan,nan,nan,,nan,nan,,,nan,nan,0.5422000288963318,nan,nan,0.5975000262260437,nan,nan,0.614799976348877,nan,nan,0.5325999855995178,nan,nan,0.553600013256073,nan,nan,7.615503272973001e-05,nan,nan,47.57,nan,615.0,nan,,nan,nan,nan,,nan,,,,
14575.0,0.0,0.0,0.0,0.0,0.0,0.0,0.0,209.0,0.0,0.0,0.0,0.0,0.0,0.0,0.0,14784.0,2108.0,0.0,0.0,0.0,0.0,0.0,0.0,0.0,3.0,0.0,0.0,0.0,0.0,0.0,0.0,0.0,2111.0,nan,nan,nan,,nan,nan,nan,nan,nan,nan,nan,,,,nan,nan,nan,nan,nan,nan,nan,nan,nan,nan,nan,nan,,nan,nan,,,nan,nan,0.5414999723434448,nan,nan,0.5974000096321106,nan,nan,0.6148999929428101,nan,nan,0.5325999855995178,nan,nan,0.553600013256073,nan,nan,7.611006003571674e-05,nan,nan,47.57,nan,620.0,nan,,nan,nan,nan,,nan,,,,
14148.0,0.0,0.0,0.0,0.0,0.0,0.0,0.0,180.0,0.0,0.0,0.0,0.0,0.0,0.0,0.0,14328.0,2101.0,0.0,0.0,0.0,0.0,0.0,0.0,0.0,5.0,0.0,0.0,0.0,0.0,0.0,0.0,0.0,2106.0,nan,nan,nan,,nan,nan,nan,nan,nan,nan,nan,,,,nan,nan,nan,nan,nan,nan,nan,nan,nan,nan,nan,nan,,nan,nan,,,nan,nan,0.5414999723434448,nan,nan,0.5974000096321106,nan,nan,0.6148999929428101,nan,nan,0.5325999855995178,nan,nan,0.553600013256073,nan,nan,7.615503272973001e-05,nan,nan,47.57,nan,625.0,nan,,nan,nan,nan,,nan,,,,
13485.0,0.0,0.0,0.0,0.0,0.0,0.0,0.0,235.0,0.0,0.0,0.0,0.0,0.0,0.0,0.0,13720.0,2078.0,0.0,0.0,0.0,0.0,0.0,0.0,0.0,6.0,0.0,0.0,0.0,0.0,0.0,0.0,0.0,2084.0,nan,nan,nan,,nan,nan,nan,nan,nan,nan,nan,,,,nan,nan,nan,nan,nan,nan,nan,nan,nan,nan,nan,nan,,nan,nan,,,nan,nan,0.5414999723434448,nan,nan,0.5974000096321106,nan,nan,0.6148999929428101,nan,nan,0.5325999855995178,nan,nan,0.553600013256073,nan,nan,7.620002725161612e-05,nan,nan,47.57,nan,630.0,nan,,nan,nan,nan,,nan,,,,
13042.0,0.0,0.0,0.0,0.0,0.0,0.0,0.0,235.0,0.0,0.0,0.0,0.0,0.0,0.0,0.0,13277.0,2159.0,0.0,0.0,0.0,0.0,0.0,0.0,0.0,6.0,0.0,0.0,0.0,0.0,0.0,0.0,0.0,2165.0,nan,nan,nan,,nan,nan,nan,nan,nan,nan,nan,,,,nan,nan,nan,nan,nan,nan,nan,nan,nan,nan,nan,nan,,nan,nan,,,nan,nan,0.5414999723434448,nan,nan,0.5974000096321106,nan,nan,0.6148999929428101,nan,nan,0.5342000126838684,nan,nan,0.5541999936103821,nan,nan,7.615503272973001e-05,nan,nan,47.57,nan,635.0,nan,,nan,nan,nan,,nan,,,,
12402.0,0.0,0.0,0.0,0.0,0.0,0.0,0.0,251.0,0.0,0.0,0.0,0.0,0.0,0.0,0.0,12653.0,2144.0,0.0,0.0,0.0,0.0,0.0,0.0,0.0,6.0,0.0,0.0,0.0,0.0,0.0,0.0,0.0,2150.0,nan,nan,nan,,nan,nan,nan,nan,nan,nan,nan,,,,nan,nan,nan,nan,nan,nan,nan,nan,nan,nan,nan,nan,,nan,nan,,,nan,nan,0.5419999957084656,nan,nan,0.5975000262260437,nan,nan,0.6147000193595886,nan,nan,0.5342000126838684,nan,nan,0.5541999936103821,nan,nan,7.615503272973001e-05,nan,nan,47.57,nan,640.0,nan,,nan,nan,nan,,nan,,,,
12109.0,0.0,0.0,0.0,0.0,0.0,0.0,0.0,268.0,0.0,0.0,0.0,0.0,0.0,0.0,0.0,12377.0,2221.0,0.0,0.0,0.0,0.0,0.0,0.0,0.0,6.0,0.0,0.0,0.0,0.0,0.0,0.0,0.0,2227.0,nan,nan,nan,,nan,nan,nan,nan,nan,nan,nan,,,,nan,nan,nan,nan,nan,nan,nan,nan,nan,nan,nan,nan,,nan,nan,,,nan,nan,0.5419999957084656,nan,nan,0.5975000262260437,nan,nan,0.6147000193595886,nan,nan,0.5342000126838684,nan,nan,0.5541999936103821,nan,nan,7.620002725161612e-05,nan,nan,47.57,nan,645.0,nan,,nan,nan,nan,,nan,,,,
11647.0,0.0,0.0,0.0,0.0,0.0,0.0,0.0,300.0,0.0,0.0,0.0,0.0,0.0,0.0,0.0,11947.0,2118.0,0.0,0.0,0.0,0.0,0.0,0.0,0.0,8.0,0.0,0.0,0.0,0.0,0.0,0.0,0.0,2126.0,nan,nan,nan,,nan,nan,nan,nan,nan,nan,nan,,,,nan,nan,nan,nan,nan,nan,nan,nan,nan,nan,nan,nan,,nan,nan,,,nan,nan,0.5419999957084656,nan,nan,0.5975000262260437,nan,nan,0.6147000193595886,nan,nan,0.5342000126838684,nan,nan,0.5541999936103821,nan,nan,7.620002725161612e-05,nan,nan,47.57,nan,650.0,nan,,nan,nan,nan,,nan,,,,
11244.0,0.0,0.0,0.0,0.0,0.0,0.0,0.0,353.0,0.0,0.0,0.0,0.0,0.0,0.0,0.0,11597.0,2116.0,0.0,0.0,0.0,0.0,0.0,0.0,0.0,6.0,0.0,0.0,0.0,0.0,0.0,0.0,0.0,2122.0,nan,nan,nan,,nan,nan,nan,nan,nan,nan,nan,,,,nan,nan,nan,nan,nan,nan,nan,nan,nan,nan,nan,nan,,nan,nan,,,nan,nan,0.5419999957084656,nan,nan,0.5975000262260437,nan,nan,0.6147000193595886,nan,nan,0.5343999862670898,nan,nan,0.5544000267982483,nan,nan,7.620002725161612e-05,nan,nan,47.57,nan,655.0,nan,,nan,nan,nan,,nan,,,,
10962.0,0.0,0.0,0.0,0.0,0.0,0.0,0.0,337.0,0.0,0.0,0.0,0.0,0.0,0.0,0.0,11299.0,2192.0,0.0,0.0,0.0,0.0,0.0,0.0,0.0,8.0,0.0,0.0,0.0,0.0,0.0,0.0,0.0,2200.0,nan,nan,nan,,nan,nan,nan,nan,nan,nan,nan,,,,nan,nan,nan,nan,nan,nan,nan,nan,nan,nan,nan,nan,,nan,nan,,,nan,nan,0.5424000024795532,nan,nan,0.597599983215332,nan,nan,0.614799976348877,nan,nan,0.5343999862670898,nan,nan,0.5544000267982483,nan,nan,7.629010360687971e-05,nan,nan,47.57,nan,660.0,nan,,nan,nan,nan,,nan,,,,
10450.0,0.0,0.0,0.0,0.0,0.0,0.0,0.0,366.0,0.0,0.0,0.0,0.0,0.0,0.0,0.0,10816.0,2133.0,0.0,0.0,0.0,0.0,0.0,0.0,0.0,6.0,0.0,0.0,0.0,0.0,0.0,0.0,0.0,2139.0,nan,nan,nan,,nan,nan,nan,nan,nan,nan,nan,,,,nan,nan,nan,nan,nan,nan,nan,nan,nan,nan,nan,nan,,nan,nan,,,nan,nan,0.5424000024795532,nan,nan,0.597599983215332,nan,nan,0.614799976348877,nan,nan,0.5343999862670898,nan,nan,0.5544000267982483,nan,nan,7.620002725161612e-05,nan,nan,47.57,nan,665.0,nan,,nan,nan,nan,,nan,,,,
10240.0,0.0,0.0,0.0,0.0,0.0,0.0,0.0,393.0,0.0,0.0,0.0,0.0,0.0,0.0,0.0,10633.0,2113.0,0.0,0.0,0.0,0.0,0.0,0.0,0.0,7.0,0.0,0.0,0.0,0.0,0.0,0.0,0.0,2120.0,nan,nan,nan,,nan,nan,nan,nan,nan,nan,nan,,,,nan,nan,nan,nan,nan,nan,nan,nan,nan,nan,nan,nan,,nan,nan,,,nan,nan,0.5424000024795532,nan,nan,0.597599983215332,nan,nan,0.614799976348877,nan,nan,0.5343999862670898,nan,nan,0.5544000267982483,nan,nan,7.624497084179893e-05,nan,nan,47.57,nan,670.0,nan,,nan,nan,nan,,nan,,,,
9908.0,0.0,0.0,0.0,0.0,0.0,0.0,0.0,430.0,0.0,0.0,0.0,0.0,0.0,0.0,0.0,10338.0,2045.0,0.0,0.0,0.0,0.0,0.0,0.0,0.0,9.0,0.0,0.0,0.0,0.0,0.0,0.0,0.0,2054.0,nan,nan,nan,,nan,nan,nan,nan,nan,nan,nan,,,,nan,nan,nan,nan,nan,nan,nan,nan,nan,nan,nan,nan,,nan,nan,,,nan,nan,0.5424000024795532,nan,nan,0.597599983215332,nan,nan,0.614799976348877,nan,nan,0.5340999960899353,nan,nan,0.5541999936103821,nan,nan,7.611006003571674e-05,nan,nan,47.62,nan,675.0,nan,,nan,nan,nan,,nan,,,,
9545.0,0.0,0.0,0.0,0.0,0.0,0.0,0.0,459.0,0.0,0.0,0.0,0.0,0.0,0.0,0.0,10004.0,2159.0,0.0,0.0,0.0,0.0,0.0,0.0,0.0,5.0,0.0,0.0,0.0,0.0,0.0,0.0,0.0,2164.0,nan,nan,nan,,nan,nan,nan,nan,nan,nan,nan,,,,nan,nan,nan,nan,nan,nan,nan,nan,nan,nan,nan,nan,,nan,nan,,,nan,nan,0.5419999957084656,nan,nan,0.597599983215332,nan,nan,0.6150000095367432,nan,nan,0.5340999960899353,nan,nan,0.5541999936103821,nan,nan,7.620002725161612e-05,nan,nan,47.62,nan,680.0,nan,,nan,nan,nan,,nan,,,,
9405.0,0.0,0.0,0.0,0.0,0.0,0.0,0.0,477.0,0.0,0.0,0.0,0.0,0.0,0.0,0.0,9882.0,2125.0,0.0,0.0,0.0,0.0,0.0,0.0,0.0,4.0,0.0,0.0,0.0,0.0,0.0,0.0,0.0,2129.0,nan,nan,nan,,nan,nan,nan,nan,nan,nan,nan,,,,nan,nan,nan,nan,nan,nan,nan,nan,nan,nan,nan,nan,,nan,nan,,,nan,nan,0.5419999957084656,nan,nan,0.597599983215332,nan,nan,0.6150000095367432,nan,nan,0.5340999960899353,nan,nan,0.5541999936103821,nan,nan,7.615503272973001e-05,nan,nan,47.62,nan,685.0,nan,,nan,nan,nan,,nan,,,,
9027.0,0.0,0.0,0.0,0.0,0.0,0.0,0.0,533.0,0.0,0.0,0.0,0.0,0.0,0.0,0.0,9560.0,2178.0,0.0,0.0,0.0,0.0,0.0,0.0,0.0,7.0,0.0,0.0,0.0,0.0,0.0,0.0,0.0,2185.0,nan,nan,nan,,nan,nan,nan,nan,nan,nan,nan,,,,nan,nan,nan,nan,nan,nan,nan,nan,nan,nan,nan,nan,,nan,nan,,,nan,nan,0.5419999957084656,nan,nan,0.597599983215332,nan,nan,0.6150000095367432,nan,nan,0.5340999960899353,nan,nan,0.5541999936103821,nan,nan,7.658689719391987e-05,nan,nan,47.62,nan,690.0,nan,,nan,nan,nan,,nan,,,,
8871.0,0.0,0.0,0.0,0.0,0.0,0.0,0.0,558.0,0.0,0.0,0.0,0.0,0.0,0.0,0.0,9429.0,2129.0,0.0,0.0,0.0,0.0,0.0,0.0,0.0,9.0,0.0,0.0,0.0,0.0,0.0,0.0,0.0,2138.0,nan,nan,nan,,nan,nan,nan,nan,nan,nan,nan,,,,nan,nan,nan,nan,nan,nan,nan,nan,nan,nan,nan,nan,,nan,nan,,,nan,nan,0.5419999957084656,nan,nan,0.597599983215332,nan,nan,0.6150000095367432,nan,nan,0.5339000225067139,nan,nan,0.554099977016449,nan,nan,7.615503272973001e-05,nan,nan,47.62,nan,695.0,nan,,nan,nan,nan,,nan,,,,
8523.0,0.0,0.0,0.0,0.0,0.0,0.0,0.0,583.0,0.0,0.0,0.0,0.0,0.0,0.0,0.0,9106.0,2152.0,0.0,0.0,0.0,0.0,0.0,0.0,0.0,5.0,0.0,0.0,0.0,0.0,0.0,0.0,0.0,2157.0,nan,nan,nan,,nan,nan,nan,nan,nan,nan,nan,,,,nan,nan,nan,nan,nan,nan,nan,nan,nan,nan,nan,nan,,nan,nan,,,nan,nan,0.5421000123023987,nan,nan,0.5976999998092651,nan,nan,0.6148999929428101,nan,nan,0.5339000225067139,nan,nan,0.554099977016449,nan,nan,7.611006003571674e-05,nan,nan,47.62,nan,700.0,nan,,nan,nan,nan,,nan,,,,
8377.0,0.0,0.0,0.0,0.0,0.0,0.0,0.0,589.0,0.0,0.0,0.0,0.0,0.0,0.0,0.0,8966.0,2136.0,0.0,0.0,0.0,0.0,0.0,0.0,0.0,4.0,0.0,0.0,0.0,0.0,0.0,0.0,0.0,2140.0,nan,nan,nan,,nan,nan,nan,nan,nan,nan,nan,,,,nan,nan,nan,nan,nan,nan,nan,nan,nan,nan,nan,nan,,nan,nan,,,nan,nan,0.5421000123023987,nan,nan,0.5976999998092651,nan,nan,0.6148999929428101,nan,nan,0.5339000225067139,nan,nan,0.554099977016449,nan,nan,7.620002725161612e-05,nan,nan,47.62,nan,705.0,nan,,nan,nan,nan,,nan,,,,
7978.0,0.0,0.0,0.0,0.0,0.0,0.0,0.0,567.0,0.0,0.0,0.0,0.0,0.0,0.0,0.0,8545.0,2135.0,0.0,0.0,0.0,0.0,0.0,0.0,0.0,11.0,0.0,0.0,0.0,0.0,0.0,0.0,0.0,2146.0,nan,nan,nan,,nan,nan,nan,nan,nan,nan,nan,,,,nan,nan,nan,nan,nan,nan,nan,nan,nan,nan,nan,nan,,nan,nan,,,nan,nan,0.5421000123023987,nan,nan,0.5976999998092651,nan,nan,0.6148999929428101,nan,nan,0.5339000225067139,nan,nan,0.554099977016449,nan,nan,7.611006003571674e-05,nan,nan,47.62,nan,710.0,nan,,nan,nan,nan,,nan,,,,
8106.0,0.0,0.0,0.0,0.0,0.0,0.0,0.0,667.0,0.0,0.0,0.0,0.0,0.0,0.0,0.0,8773.0,2131.0,0.0,0.0,0.0,0.0,0.0,0.0,0.0,8.0,0.0,0.0,0.0,0.0,0.0,0.0,0.0,2139.0,nan,nan,nan,,nan,nan,nan,nan,nan,nan,nan,,,,nan,nan,nan,nan,nan,nan,nan,nan,nan,nan,nan,nan,,nan,nan,,,nan,nan,0.5421000123023987,nan,nan,0.5976999998092651,nan,nan,0.6148999929428101,nan,nan,0.5339000225067139,nan,nan,0.554099977016449,nan,nan,7.611006003571674e-05,nan,nan,47.62,nan,715.0,nan,,nan,nan,nan,,nan,,,,
7754.0,0.0,0.0,0.0,0.0,0.0,0.0,0.0,695.0,0.0,0.0,0.0,0.0,0.0,0.0,0.0,8449.0,2240.0,0.0,0.0,0.0,0.0,0.0,0.0,0.0,10.0,0.0,0.0,0.0,0.0,0.0,0.0,0.0,2250.0,nan,nan,nan,,nan,nan,nan,nan,nan,nan,nan,,,,nan,nan,nan,nan,nan,nan,nan,nan,nan,nan,nan,nan,,nan,nan,,,nan,nan,0.5419999957084656,nan,nan,0.5974000096321106,nan,nan,0.6150000095367432,nan,nan,0.5339000225067139,nan,nan,0.554099977016449,nan,nan,7.606519648106769e-05,nan,nan,47.62,nan,720.0,nan,,nan,nan,nan,,nan,,,,
7649.0,0.0,0.0,0.0,0.0,0.0,0.0,0.0,658.0,0.0,0.0,0.0,0.0,0.0,0.0,0.0,8307.0,2173.0,0.0,0.0,0.0,0.0,0.0,0.0,0.0,13.0,0.0,0.0,0.0,0.0,0.0,0.0,0.0,2186.0,nan,nan,nan,,nan,nan,nan,nan,nan,nan,nan,,,,nan,nan,nan,nan,nan,nan,nan,nan,nan,nan,nan,nan,,nan,nan,,,nan,nan,0.5419999957084656,nan,nan,0.5974000096321106,nan,nan,0.6150000095367432,nan,nan,0.5339000225067139,nan,nan,0.554099977016449,nan,nan,7.602019468322396e-05,nan,nan,47.62,nan,725.0,nan,,nan,nan,nan,,nan,,,,
7285.0,0.0,0.0,0.0,0.0,0.0,0.0,0.0,712.0,0.0,0.0,0.0,0.0,0.0,0.0,0.0,7997.0,2089.0,0.0,0.0,0.0,0.0,0.0,0.0,0.0,5.0,0.0,0.0,0.0,0.0,0.0,0.0,0.0,2094.0,nan,nan,nan,,nan,nan,nan,nan,nan,nan,nan,,,,nan,nan,nan,nan,nan,nan,nan,nan,nan,nan,nan,nan,,nan,nan,,,nan,nan,0.5419999957084656,nan,nan,0.5974000096321106,nan,nan,0.6150000095367432,nan,nan,0.5339000225067139,nan,nan,0.554099977016449,nan,nan,7.597530202474445e-05,nan,nan,47.62,nan,730.0,nan,,nan,nan,nan,,nan,,,,
7292.0,0.0,0.0,0.0,0.0,0.0,0.0,0.0,699.0,0.0,0.0,0.0,0.0,0.0,0.0,0.0,7991.0,2065.0,0.0,0.0,0.0,0.0,0.0,0.0,0.0,6.0,0.0,0.0,0.0,0.0,0.0,0.0,0.0,2071.0,nan,nan,nan,,nan,nan,nan,nan,nan,nan,nan,,,,nan,nan,nan,nan,nan,nan,nan,nan,nan,nan,nan,nan,,nan,nan,,,nan,nan,0.5419999957084656,nan,nan,0.5974000096321106,nan,nan,0.6150000095367432,nan,nan,0.5332000255584717,nan,nan,0.5537999868392944,nan,nan,7.615503272973001e-05,nan,nan,47.62,nan,735.0,nan,,nan,nan,nan,,nan,,,,
7059.0,0.0,0.0,0.0,0.0,0.0,0.0,0.0,796.0,0.0,0.0,0.0,0.0,0.0,0.0,0.0,7855.0,2142.0,0.0,0.0,0.0,0.0,0.0,0.0,0.0,7.0,0.0,0.0,0.0,0.0,0.0,0.0,0.0,2149.0,nan,nan,nan,,nan,nan,nan,nan,nan,nan,nan,,,,nan,nan,nan,nan,nan,nan,nan,nan,nan,nan,nan,nan,,nan,nan,,,nan,nan,0.5415999889373779,nan,nan,0.597599983215332,nan,nan,0.6147000193595886,nan,nan,0.5332000255584717,nan,nan,0.5537999868392944,nan,nan,7.606519648106769e-05,nan,nan,47.62,nan,740.0,nan,,nan,nan,nan,,nan,,,,
6950.0,0.0,0.0,0.0,0.0,0.0,0.0,0.0,759.0,0.0,0.0,0.0,0.0,0.0,0.0,0.0,7709.0,2137.0,0.0,0.0,0.0,0.0,0.0,0.0,0.0,7.0,0.0,0.0,0.0,0.0,0.0,0.0,0.0,2144.0,nan,nan,nan,,nan,nan,nan,nan,nan,nan,nan,,,,nan,nan,nan,nan,nan,nan,nan,nan,nan,nan,nan,nan,,nan,nan,,,nan,nan,0.5415999889373779,nan,nan,0.597599983215332,nan,nan,0.6147000193595886,nan,nan,0.5332000255584717,nan,nan,0.5537999868392944,nan,nan,7.611006003571674e-05,nan,nan,47.62,nan,745.0,nan,,nan,nan,nan,,nan,,,,
6931.0,0.0,0.0,0.0,0.0,0.0,0.0,0.0,834.0,0.0,0.0,0.0,0.0,0.0,0.0,0.0,7765.0,2155.0,0.0,0.0,0.0,0.0,0.0,0.0,0.0,10.0,0.0,0.0,0.0,0.0,0.0,0.0,0.0,2165.0,nan,nan,nan,,nan,nan,nan,nan,nan,nan,nan,,,,nan,nan,nan,nan,nan,nan,nan,nan,nan,nan,nan,nan,,nan,nan,,,nan,nan,0.5415999889373779,nan,nan,0.597599983215332,nan,nan,0.6147000193595886,nan,nan,0.5332000255584717,nan,nan,0.5537999868392944,nan,nan,7.615503272973001e-05,nan,nan,47.62,nan,750.0,nan,,nan,nan,nan,,nan,,,,
6571.0,0.0,0.0,0.0,0.0,0.0,0.0,0.0,799.0,0.0,0.0,0.0,0.0,0.0,0.0,0.0,7370.0,2156.0,0.0,0.0,0.0,0.0,0.0,0.0,0.0,6.0,0.0,0.0,0.0,0.0,0.0,0.0,0.0,2162.0,nan,nan,nan,,nan,nan,nan,nan,nan,nan,nan,,,,nan,nan,nan,nan,nan,nan,nan,nan,nan,nan,nan,nan,,nan,nan,,,nan,nan,0.5415999889373779,nan,nan,0.597599983215332,nan,nan,0.6147000193595886,nan,nan,0.534500002861023,nan,nan,0.5544000267982483,nan,nan,7.606519648106769e-05,nan,nan,47.62,nan,755.0,nan,,nan,nan,nan,,nan,,,,
6642.0,0.0,0.0,0.0,0.0,0.0,0.0,0.0,853.0,0.0,0.0,0.0,0.0,0.0,0.0,0.0,7495.0,2218.0,0.0,0.0,0.0,0.0,0.0,0.0,0.0,5.0,0.0,0.0,0.0,0.0,0.0,0.0,0.0,2223.0,nan,nan,nan,,nan,nan,nan,nan,nan,nan,nan,,,,nan,nan,nan,nan,nan,nan,nan,nan,nan,nan,nan,nan,,nan,nan,,,nan,nan,0.5424000024795532,nan,nan,0.5976999998092651,nan,nan,0.6148999929428101,nan,nan,0.534500002861023,nan,nan,0.5544000267982483,nan,nan,7.620002725161612e-05,nan,nan,47.62,nan,760.0,nan,,nan,nan,nan,,nan,,,,
6555.0,0.0,0.0,0.0,0.0,0.0,0.0,0.0,844.0,0.0,0.0,0.0,0.0,0.0,0.0,0.0,7399.0,2140.0,0.0,0.0,0.0,0.0,0.0,0.0,0.0,5.0,0.0,0.0,0.0,0.0,0.0,0.0,0.0,2145.0,nan,nan,nan,,nan,nan,nan,nan,nan,nan,nan,,,,nan,nan,nan,nan,nan,nan,nan,nan,nan,nan,nan,nan,,nan,nan,,,nan,nan,0.5424000024795532,nan,nan,0.5976999998092651,nan,nan,0.6148999929428101,nan,nan,0.534500002861023,nan,nan,0.5544000267982483,nan,nan,7.606519648106769e-05,nan,nan,47.62,nan,765.0,nan,,nan,nan,nan,,nan,,,,
6213.0,0.0,0.0,0.0,0.0,0.0,0.0,0.0,835.0,0.0,0.0,0.0,0.0,0.0,0.0,0.0,7048.0,2121.0,0.0,0.0,0.0,0.0,0.0,0.0,0.0,13.0,0.0,0.0,0.0,0.0,0.0,0.0,0.0,2134.0,nan,nan,nan,,nan,nan,nan,nan,nan,nan,nan,,,,nan,nan,nan,nan,nan,nan,nan,nan,nan,nan,nan,nan,,nan,nan,,,nan,nan,0.5424000024795532,nan,nan,0.5976999998092651,nan,nan,0.6148999929428101,nan,nan,0.534500002861023,nan,nan,0.5544000267982483,nan,nan,7.597530202474445e-05,nan,nan,47.62,nan,770.0,nan,,nan,nan,nan,,nan,,,,
6401.0,0.0,0.0,0.0,0.0,0.0,0.0,0.0,926.0,0.0,0.0,0.0,0.0,0.0,0.0,0.0,7327.0,2100.0,0.0,0.0,0.0,0.0,0.0,0.0,0.0,7.0,0.0,0.0,0.0,0.0,0.0,0.0,0.0,2107.0,nan,nan,nan,,nan,nan,nan,nan,nan,nan,nan,,,,nan,nan,nan,nan,nan,nan,nan,nan,nan,nan,nan,nan,,nan,nan,,,nan,nan,0.5424000024795532,nan,nan,0.5976999998092651,nan,nan,0.6148999929428101,nan,nan,0.5331000089645386,nan,nan,0.5537999868392944,nan,nan,7.602019468322396e-05,nan,nan,47.62,nan,775.0,nan,,nan,nan,nan,,nan,,,,
6151.0,0.0,0.0,0.0,0.0,0.0,0.0,0.0,898.0,0.0,0.0,0.0,0.0,0.0,0.0,0.0,7049.0,2134.0,0.0,0.0,0.0,0.0,0.0,0.0,0.0,9.0,0.0,0.0,0.0,0.0,0.0,0.0,0.0,2143.0,nan,nan,nan,,nan,nan,nan,nan,nan,nan,nan,,,,nan,nan,nan,nan,nan,nan,nan,nan,nan,nan,nan,nan,,nan,nan,,,nan,nan,0.5415999889373779,nan,nan,0.5975000262260437,nan,nan,0.6150000095367432,nan,nan,0.5331000089645386,nan,nan,0.5537999868392944,nan,nan,7.588568405481055e-05,nan,nan,47.62,nan,780.0,nan,,nan,nan,nan,,nan,,,,
6065.0,0.0,0.0,0.0,0.0,0.0,0.0,0.0,932.0,0.0,0.0,0.0,0.0,0.0,0.0,0.0,6997.0,2052.0,0.0,0.0,0.0,0.0,0.0,0.0,0.0,9.0,0.0,0.0,0.0,0.0,0.0,0.0,0.0,2061.0,nan,nan,nan,,nan,nan,nan,nan,nan,nan,nan,,,,nan,nan,nan,nan,nan,nan,nan,nan,nan,nan,nan,nan,,nan,nan,,,nan,nan,0.5415999889373779,nan,nan,0.5975000262260437,nan,nan,0.6150000095367432,nan,nan,0.5331000089645386,nan,nan,0.5537999868392944,nan,nan,7.593052578158677e-05,nan,nan,47.62,nan,785.0,nan,,nan,nan,nan,,nan,,,,
6065.0,0.0,0.0,0.0,0.0,0.0,0.0,0.0,865.0,0.0,0.0,0.0,0.0,0.0,0.0,0.0,6930.0,2148.0,0.0,0.0,0.0,0.0,0.0,0.0,0.0,7.0,0.0,0.0,0.0,0.0,0.0,0.0,0.0,2155.0,nan,nan,nan,,nan,nan,nan,nan,nan,nan,nan,,,,nan,nan,nan,nan,nan,nan,nan,nan,nan,nan,nan,nan,,nan,nan,,,nan,nan,0.5415999889373779,nan,nan,0.5975000262260437,nan,nan,0.6150000095367432,nan,nan,0.5331000089645386,nan,nan,0.5537999868392944,nan,nan,7.611006003571674e-05,nan,nan,47.62,nan,790.0,nan,,nan,nan,nan,,nan,,,,
5903.0,0.0,0.0,0.0,0.0,0.0,0.0,0.0,921.0,0.0,0.0,0.0,0.0,0.0,0.0,0.0,6824.0,2091.0,0.0,0.0,0.0,0.0,0.0,0.0,0.0,12.0,0.0,0.0,0.0,0.0,0.0,0.0,0.0,2103.0,nan,nan,nan,,nan,nan,nan,nan,nan,nan,nan,,,,nan,nan,nan,nan,nan,nan,nan,nan,nan,nan,nan,nan,,nan,nan,,,nan,nan,0.5415999889373779,nan,nan,0.5975000262260437,nan,nan,0.6150000095367432,nan,nan,0.5327000021934509,nan,nan,0.553600013256073,nan,nan,7.602019468322396e-05,nan,nan,47.62,nan,795.0,nan,,nan,nan,nan,,nan,,,,
5815.0,0.0,0.0,0.0,0.0,0.0,0.0,0.0,937.0,0.0,0.0,0.0,0.0,0.0,0.0,0.0,6752.0,2173.0,0.0,0.0,0.0,0.0,0.0,0.0,0.0,10.0,0.0,0.0,0.0,0.0,0.0,0.0,0.0,2183.0,nan,nan,nan,,nan,nan,nan,nan,nan,nan,nan,,,,nan,nan,nan,nan,nan,nan,nan,nan,nan,nan,nan,nan,,nan,nan,,,nan,nan,0.5418000221252441,nan,nan,0.597599983215332,nan,nan,0.6150000095367432,nan,nan,0.5327000021934509,nan,nan,0.553600013256073,nan,nan,7.611006003571674e-05,nan,nan,47.62,nan,800.0,nan,,nan,nan,nan,,nan,,,,
5657.0,0.0,0.0,0.0,0.0,0.0,0.0,0.0,976.0,0.0,0.0,0.0,0.0,0.0,0.0,0.0,6633.0,2153.0,0.0,0.0,0.0,0.0,0.0,0.0,0.0,14.0,0.0,0.0,0.0,0.0,0.0,0.0,0.0,2167.0,nan,nan,nan,,nan,nan,nan,nan,nan,nan,nan,,,,nan,nan,nan,nan,nan,nan,nan,nan,nan,nan,nan,nan,,nan,nan,,,nan,nan,0.5418000221252441,nan,nan,0.597599983215332,nan,nan,0.6150000095367432,nan,nan,0.5327000021934509,nan,nan,0.553600013256073,nan,nan,7.611006003571674e-05,nan,nan,47.62,nan,805.0,nan,,nan,nan,nan,,nan,,,,
5527.0,0.0,0.0,0.0,0.0,0.0,0.0,0.0,1011.0,0.0,0.0,0.0,0.0,0.0,0.0,0.0,6538.0,2139.0,0.0,0.0,0.0,0.0,0.0,0.0,0.0,7.0,0.0,0.0,0.0,0.0,0.0,0.0,0.0,2146.0,nan,nan,nan,,nan,nan,nan,nan,nan,nan,nan,,,,nan,nan,nan,nan,nan,nan,nan,nan,nan,nan,nan,nan,,nan,nan,,,nan,nan,0.5418000221252441,nan,nan,0.597599983215332,nan,nan,0.6150000095367432,nan,nan,0.5327000021934509,nan,nan,0.553600013256073,nan,nan,7.606519648106769e-05,nan,nan,47.62,nan,810.0,nan,,nan,nan,nan,,nan,,,,
5529.0,0.0,0.0,0.0,0.0,0.0,0.0,0.0,951.0,0.0,0.0,0.0,0.0,0.0,0.0,0.0,6480.0,2110.0,0.0,0.0,0.0,0.0,0.0,0.0,0.0,9.0,0.0,0.0,0.0,0.0,0.0,0.0,0.0,2119.0,nan,nan,nan,,nan,nan,nan,nan,nan,nan,nan,,,,nan,nan,nan,nan,nan,nan,nan,nan,nan,nan,nan,nan,,nan,nan,,,nan,nan,0.5418000221252441,nan,nan,0.597599983215332,nan,nan,0.6150000095367432,nan,nan,0.5339999794960022,nan,nan,0.5541999936103821,nan,nan,7.602019468322396e-05,nan,nan,47.62,nan,815.0,nan,,nan,nan,nan,,nan,,,,
5402.0,0.0,0.0,0.0,0.0,0.0,0.0,0.0,946.0,0.0,0.0,0.0,0.0,0.0,0.0,0.0,6348.0,2113.0,0.0,0.0,0.0,0.0,0.0,0.0,0.0,3.0,0.0,0.0,0.0,0.0,0.0,0.0,0.0,2116.0,nan,nan,nan,,nan,nan,nan,nan,nan,nan,nan,,,,nan,nan,nan,nan,nan,nan,nan,nan,nan,nan,nan,nan,,nan,nan,,,nan,nan,0.5422999858856201,nan,nan,0.5976999998092651,nan,nan,0.6151000261306763,nan,nan,0.5339999794960022,nan,nan,0.5541999936103821,nan,nan,7.593052578158677e-05,nan,nan,47.62,nan,820.0,nan,,nan,nan,nan,,nan,,,,
5247.0,0.0,0.0,0.0,0.0,0.0,0.0,0.0,917.0,0.0,0.0,0.0,0.0,0.0,0.0,0.0,6164.0,2217.0,0.0,0.0,0.0,0.0,0.0,0.0,0.0,7.0,0.0,0.0,0.0,0.0,0.0,0.0,0.0,2224.0,nan,nan,nan,,nan,nan,nan,nan,nan,nan,nan,,,,nan,nan,nan,nan,nan,nan,nan,nan,nan,nan,nan,nan,,nan,nan,,,nan,nan,0.5422999858856201,nan,nan,0.5976999998092651,nan,nan,0.6151000261306763,nan,nan,0.5339999794960022,nan,nan,0.5541999936103821,nan,nan,7.611006003571674e-05,nan,nan,47.62,nan,825.0,nan,,nan,nan,nan,,nan,,,,
5086.0,0.0,0.0,0.0,0.0,0.0,0.0,0.0,919.0,0.0,0.0,0.0,0.0,0.0,0.0,0.0,6005.0,2206.0,0.0,0.0,0.0,0.0,0.0,0.0,0.0,9.0,0.0,0.0,0.0,0.0,0.0,0.0,0.0,2215.0,nan,nan,nan,,nan,nan,nan,nan,nan,nan,nan,,,,nan,nan,nan,nan,nan,nan,nan,nan,nan,nan,nan,nan,,nan,nan,,,nan,nan,0.5422999858856201,nan,nan,0.5976999998092651,nan,nan,0.6151000261306763,nan,nan,0.5339999794960022,nan,nan,0.5541999936103821,nan,nan,7.606519648106769e-05,nan,nan,47.62,nan,830.0,nan,,nan,nan,nan,,nan,,,,
4995.0,0.0,0.0,0.0,0.0,0.0,0.0,0.0,1003.0,0.0,0.0,0.0,0.0,0.0,0.0,0.0,5998.0,2137.0,0.0,0.0,0.0,0.0,0.0,0.0,0.0,6.0,0.0,0.0,0.0,0.0,0.0,0.0,0.0,2143.0,nan,nan,nan,,nan,nan,nan,nan,nan,nan,nan,,,,nan,nan,nan,nan,nan,nan,nan,nan,nan,nan,nan,nan,,nan,nan,,,nan,nan,0.5422999858856201,nan,nan,0.5976999998092651,nan,nan,0.6151000261306763,nan,nan,0.5346999764442444,nan,nan,0.5544999837875366,nan,nan,7.615503272973001e-05,nan,nan,47.62,nan,835.0,nan,,nan,nan,nan,,nan,,,,
4812.0,0.0,0.0,0.0,0.0,0.0,0.0,0.0,950.0,0.0,0.0,0.0,0.0,0.0,0.0,0.0,5762.0,2079.0,0.0,0.0,0.0,0.0,0.0,0.0,0.0,14.0,0.0,0.0,0.0,0.0,0.0,0.0,0.0,2093.0,nan,nan,nan,,nan,nan,nan,nan,nan,nan,nan,,,,nan,nan,nan,nan,nan,nan,nan,nan,nan,nan,nan,nan,,nan,nan,,,nan,nan,0.5424000024795532,nan,nan,0.5976999998092651,nan,nan,0.6151999831199646,nan,nan,0.5346999764442444,nan,nan,0.5544999837875366,nan,nan,7.615503272973001e-05,nan,nan,47.62,nan,840.0,nan,,nan,nan,nan,,nan,,,,
4808.0,0.0,0.0,0.0,0.0,0.0,0.0,0.0,979.0,0.0,0.0,0.0,0.0,0.0,0.0,0.0,5787.0,2102.0,0.0,0.0,0.0,0.0,0.0,0.0,0.0,9.0,0.0,0.0,0.0,0.0,0.0,0.0,0.0,2111.0,nan,nan,nan,,nan,nan,nan,nan,nan,nan,nan,,,,nan,nan,nan,nan,nan,nan,nan,nan,nan,nan,nan,nan,,nan,nan,,,nan,nan,0.5424000024795532,nan,nan,0.5976999998092651,nan,nan,0.6151999831199646,nan,nan,0.5346999764442444,nan,nan,0.5544999837875366,nan,nan,7.611006003571674e-05,nan,nan,47.62,nan,845.0,nan,,nan,nan,nan,,nan,,,,
4583.0,0.0,0.0,0.0,0.0,0.0,0.0,0.0,990.0,0.0,0.0,0.0,0.0,0.0,0.0,0.0,5573.0,2181.0,0.0,0.0,0.0,0.0,0.0,0.0,0.0,9.0,0.0,0.0,0.0,0.0,0.0,0.0,0.0,2190.0,nan,nan,nan,,nan,nan,nan,nan,nan,nan,nan,,,,nan,nan,nan,nan,nan,nan,nan,nan,nan,nan,nan,nan,,nan,nan,,,nan,nan,0.5424000024795532,nan,nan,0.5976999998092651,nan,nan,0.6151999831199646,nan,nan,0.5346999764442444,nan,nan,0.5544999837875366,nan,nan,7.593052578158677e-05,nan,nan,47.62,nan,850.0,nan,,nan,nan,nan,,nan,,,,
4706.0,0.0,0.0,0.0,0.0,0.0,0.0,0.0,945.0,0.0,0.0,0.0,0.0,0.0,0.0,0.0,5651.0,2136.0,0.0,0.0,0.0,0.0,0.0,0.0,0.0,6.0,0.0,0.0,0.0,0.0,0.0,0.0,0.0,2142.0,nan,nan,nan,,nan,nan,nan,nan,nan,nan,nan,,,,nan,nan,nan,nan,nan,nan,nan,nan,nan,nan,nan,nan,,nan,nan,,,nan,nan,0.5424000024795532,nan,nan,0.5976999998092651,nan,nan,0.6151999831199646,nan,nan,0.5343999862670898,nan,nan,0.5544000267982483,nan,nan,7.597530202474445e-05,nan,nan,47.62,nan,855.0,nan,,nan,nan,nan,,nan,,,,
4462.0,0.0,0.0,0.0,0.0,0.0,0.0,0.0,887.0,0.0,0.0,0.0,0.0,0.0,0.0,0.0,5349.0,2189.0,0.0,0.0,0.0,0.0,0.0,0.0,0.0,10.0,0.0,0.0,0.0,0.0,0.0,0.0,0.0,2199.0,nan,nan,nan,,nan,nan,nan,nan,nan,nan,nan,,,,nan,nan,nan,nan,nan,nan,nan,nan,nan,nan,nan,nan,,nan,nan,,,nan,nan,0.5422000288963318,nan,nan,0.5976999998092651,nan,nan,0.6151999831199646,nan,nan,0.5335000157356262,nan,nan,0.5540000200271606,nan,nan,7.597530202474445e-05,nan,nan,47.62,nan,860.0,nan,,nan,nan,nan,,nan,,,,
4407.0,0.0,0.0,0.0,0.0,0.0,0.0,0.0,977.0,0.0,0.0,0.0,0.0,0.0,0.0,0.0,5384.0,2085.0,0.0,0.0,0.0,0.0,0.0,0.0,0.0,3.0,0.0,0.0,0.0,0.0,0.0,0.0,0.0,2088.0,nan,nan,nan,,nan,nan,nan,nan,nan,nan,nan,,,,nan,nan,nan,nan,nan,nan,nan,nan,nan,nan,nan,nan,,nan,nan,,,nan,nan,0.5422000288963318,nan,nan,0.5976999998092651,nan,nan,0.6151999831199646,nan,nan,0.5328999757766724,nan,nan,0.5536999702453613,nan,nan,7.602019468322396e-05,nan,nan,47.62,nan,865.0,nan,,nan,nan,nan,,nan,,,,
4322.0,0.0,0.0,0.0,0.0,0.0,0.0,0.0,956.0,0.0,0.0,0.0,0.0,0.0,0.0,0.0,5278.0,2146.0,0.0,0.0,0.0,0.0,0.0,0.0,0.0,3.0,0.0,0.0,0.0,0.0,0.0,0.0,0.0,2149.0,nan,nan,nan,,nan,nan,nan,nan,nan,nan,nan,,,,nan,nan,nan,nan,nan,nan,nan,nan,nan,nan,nan,nan,,nan,nan,,,nan,nan,0.5422000288963318,nan,nan,0.5976999998092651,nan,nan,0.6151999831199646,nan,nan,0.5339000225067139,nan,nan,0.554099977016449,nan,nan,7.602019468322396e-05,nan,nan,47.62,nan,870.0,nan,,nan,nan,nan,,nan,,,,
4212.0,0.0,0.0,0.0,0.0,0.0,0.0,0.0,1001.0,0.0,0.0,0.0,0.0,0.0,0.0,0.0,5213.0,2089.0,0.0,0.0,0.0,0.0,0.0,0.0,0.0,11.0,0.0,0.0,0.0,0.0,0.0,0.0,0.0,2100.0,nan,nan,nan,,nan,nan,nan,nan,nan,nan,nan,,,,nan,nan,nan,nan,nan,nan,nan,nan,nan,nan,nan,nan,,nan,nan,,,nan,nan,0.5422000288963318,nan,nan,0.5976999998092651,nan,nan,0.6151999831199646,nan,nan,0.5349000096321106,nan,nan,0.5546000003814697,nan,nan,7.606519648106769e-05,nan,nan,47.62,nan,875.0,nan,,nan,nan,nan,,nan,,,,
4094.0,0.0,0.0,0.0,0.0,0.0,0.0,0.0,977.0,0.0,0.0,0.0,0.0,0.0,0.0,0.0,5071.0,2166.0,0.0,0.0,0.0,0.0,0.0,0.0,0.0,12.0,0.0,0.0,0.0,0.0,0.0,0.0,0.0,2178.0,nan,nan,nan,,nan,nan,nan,nan,nan,nan,nan,,,,nan,nan,nan,nan,nan,nan,nan,nan,nan,nan,nan,nan,,nan,nan,,,nan,nan,0.5422000288963318,nan,nan,0.597599983215332,nan,nan,0.6151000261306763,nan,nan,0.5349000096321106,nan,nan,0.5546000003814697,nan,nan,7.597530202474445e-05,nan,nan,47.62,nan,880.0,nan,,nan,nan,nan,,nan,,,,
3931.0,0.0,0.0,0.0,0.0,0.0,0.0,0.0,909.0,0.0,0.0,0.0,0.0,0.0,0.0,0.0,4840.0,2146.0,0.0,0.0,0.0,0.0,0.0,0.0,0.0,8.0,0.0,0.0,0.0,0.0,0.0,0.0,0.0,2154.0,nan,nan,nan,,nan,nan,nan,nan,nan,nan,nan,,,,nan,nan,nan,nan,nan,nan,nan,nan,nan,nan,nan,nan,,nan,nan,,,nan,nan,0.5422000288963318,nan,nan,0.597599983215332,nan,nan,0.6151000261306763,nan,nan,0.5349000096321106,nan,nan,0.5546000003814697,nan,nan,7.593052578158677e-05,nan,nan,47.62,nan,885.0,nan,,nan,nan,nan,,nan,,,,
3834.0,0.0,0.0,0.0,0.0,0.0,0.0,0.0,898.0,0.0,0.0,0.0,0.0,0.0,0.0,0.0,4732.0,2121.0,0.0,0.0,0.0,0.0,0.0,0.0,0.0,7.0,0.0,0.0,0.0,0.0,0.0,0.0,0.0,2128.0,nan,nan,nan,,nan,nan,nan,nan,nan,nan,nan,,,,nan,nan,nan,nan,nan,nan,nan,nan,nan,nan,nan,nan,,nan,nan,,,nan,nan,0.5422000288963318,nan,nan,0.597599983215332,nan,nan,0.6151000261306763,nan,nan,0.5349000096321106,nan,nan,0.5546000003814697,nan,nan,7.627300510648638e-05,nan,nan,47.62,nan,890.0,nan,,nan,nan,nan,,nan,,,,
3788.0,0.0,0.0,0.0,0.0,0.0,0.0,0.0,948.0,0.0,0.0,0.0,0.0,0.0,0.0,0.0,4736.0,2242.0,0.0,0.0,0.0,0.0,0.0,0.0,0.0,7.0,0.0,0.0,0.0,0.0,0.0,0.0,0.0,2249.0,nan,nan,nan,,nan,nan,nan,nan,nan,nan,nan,,,,nan,nan,nan,nan,nan,nan,nan,nan,nan,nan,nan,nan,,nan,nan,,,nan,nan,0.5422000288963318,nan,nan,0.597599983215332,nan,nan,0.6151000261306763,nan,nan,0.5342000126838684,nan,nan,0.5543000102043152,nan,nan,7.554335752502084e-05,nan,nan,47.62,nan,895.0,nan,,nan,nan,nan,,nan,,,,
3618.0,0.0,0.0,0.0,0.0,0.0,0.0,0.0,926.0,0.0,0.0,0.0,0.0,0.0,0.0,0.0,4544.0,2195.0,0.0,0.0,0.0,0.0,0.0,0.0,0.0,7.0,0.0,0.0,0.0,0.0,0.0,0.0,0.0,2202.0,nan,nan,nan,,nan,nan,nan,nan,nan,nan,nan,,,,nan,nan,nan,nan,nan,nan,nan,nan,nan,nan,nan,nan,,nan,nan,,,nan,nan,0.5424000024795532,nan,nan,0.5978999733924866,nan,nan,0.6151000261306763,nan,nan,0.5342000126838684,nan,nan,0.5543000102043152,nan,nan,7.606519648106769e-05,nan,nan,47.62,nan,900.0,nan,,nan,nan,nan,,nan,,,,
3513.0,0.0,0.0,0.0,0.0,0.0,0.0,0.0,966.0,0.0,0.0,0.0,0.0,0.0,0.0,0.0,4479.0,2166.0,0.0,0.0,0.0,0.0,0.0,0.0,0.0,10.0,0.0,0.0,0.0,0.0,0.0,0.0,0.0,2176.0,nan,nan,nan,,nan,nan,nan,nan,nan,nan,nan,,,,nan,nan,nan,nan,nan,nan,nan,nan,nan,nan,nan,nan,,nan,nan,,,nan,nan,0.5424000024795532,nan,nan,0.5978999733924866,nan,nan,0.6151000261306763,nan,nan,0.5342000126838684,nan,nan,0.5543000102043152,nan,nan,7.624497084179893e-05,nan,nan,47.62,nan,905.0,nan,,nan,nan,nan,,nan,,,,
3418.0,0.0,0.0,0.0,0.0,0.0,0.0,0.0,993.0,0.0,0.0,0.0,0.0,0.0,0.0,0.0,4411.0,2133.0,0.0,0.0,0.0,0.0,0.0,0.0,0.0,6.0,0.0,0.0,0.0,0.0,0.0,0.0,0.0,2139.0,nan,nan,nan,,nan,nan,nan,nan,nan,nan,nan,,,,nan,nan,nan,nan,nan,nan,nan,nan,nan,nan,nan,nan,,nan,nan,,,nan,nan,0.5424000024795532,nan,nan,0.5978999733924866,nan,nan,0.6151000261306763,nan,nan,0.5342000126838684,nan,nan,0.5543000102043152,nan,nan,7.602019468322396e-05,nan,nan,47.62,nan,910.0,nan,,nan,nan,nan,,nan,,,,
3107.0,0.0,0.0,0.0,0.0,0.0,0.0,0.0,913.0,0.0,0.0,0.0,0.0,0.0,0.0,0.0,4020.0,2180.0,0.0,0.0,0.0,0.0,0.0,0.0,0.0,4.0,0.0,0.0,0.0,0.0,0.0,0.0,0.0,2184.0,nan,nan,nan,,nan,nan,nan,nan,nan,nan,nan,,,,nan,nan,nan,nan,nan,nan,nan,nan,nan,nan,nan,nan,,nan,nan,,,nan,nan,0.5424000024795532,nan,nan,0.5978999733924866,nan,nan,0.6151000261306763,nan,nan,0.5357000231742859,nan,nan,0.5550000071525574,nan,nan,7.585834828205407e-05,nan,nan,47.62,nan,915.0,nan,,nan,nan,nan,,nan,,,,
3154.0,0.0,0.0,0.0,0.0,0.0,0.0,0.0,959.0,0.0,0.0,0.0,0.0,0.0,0.0,0.0,4113.0,2203.0,0.0,0.0,0.0,0.0,0.0,0.0,0.0,8.0,0.0,0.0,0.0,0.0,0.0,0.0,0.0,2211.0,nan,nan,nan,,nan,nan,nan,nan,nan,nan,nan,,,,nan,nan,nan,nan,nan,nan,nan,nan,nan,nan,nan,nan,,nan,nan,,,nan,nan,0.5432000160217285,nan,nan,0.5978999733924866,nan,nan,0.6154000163078308,nan,nan,0.5357000231742859,nan,nan,0.5550000071525574,nan,nan,7.624497084179893e-05,nan,nan,47.62,nan,920.0,nan,,nan,nan,nan,,nan,,,,
2963.0,0.0,0.0,0.0,0.0,0.0,0.0,0.0,915.0,0.0,0.0,0.0,0.0,0.0,0.0,0.0,3878.0,2127.0,0.0,0.0,0.0,0.0,0.0,0.0,0.0,4.0,0.0,0.0,0.0,0.0,0.0,0.0,0.0,2131.0,nan,nan,nan,,nan,nan,nan,nan,nan,nan,nan,,,,nan,nan,nan,nan,nan,nan,nan,nan,nan,nan,nan,nan,,nan,nan,,,nan,nan,0.5432000160217285,nan,nan,0.5978999733924866,nan,nan,0.6154000163078308,nan,nan,0.5357000231742859,nan,nan,0.5550000071525574,nan,nan,7.620002725161612e-05,nan,nan,47.62,nan,925.0,nan,,nan,nan,nan,,nan,,,,
2871.0,0.0,0.0,0.0,0.0,0.0,0.0,0.0,865.0,0.0,0.0,0.0,0.0,0.0,0.0,0.0,3736.0,2120.0,0.0,0.0,0.0,0.0,0.0,0.0,0.0,6.0,0.0,0.0,0.0,0.0,0.0,0.0,0.0,2126.0,nan,nan,nan,,nan,nan,nan,nan,nan,nan,nan,,,,nan,nan,nan,nan,nan,nan,nan,nan,nan,nan,nan,nan,,nan,nan,,,nan,nan,0.5432000160217285,nan,nan,0.5978999733924866,nan,nan,0.6154000163078308,nan,nan,0.5357000231742859,nan,nan,0.5550000071525574,nan,nan,7.585834828205407e-05,nan,nan,47.62,nan,930.0,nan,,nan,nan,nan,,nan,,,,
2718.0,0.0,0.0,0.0,0.0,0.0,0.0,0.0,908.0,0.0,0.0,0.0,0.0,0.0,0.0,0.0,3626.0,2179.0,0.0,0.0,0.0,0.0,0.0,0.0,0.0,10.0,0.0,0.0,0.0,0.0,0.0,0.0,0.0,2189.0,nan,nan,nan,,nan,nan,nan,nan,nan,nan,nan,,,,nan,nan,nan,nan,nan,nan,nan,nan,nan,nan,nan,nan,,nan,nan,,,nan,nan,0.5432000160217285,nan,nan,0.5978999733924866,nan,nan,0.6154000163078308,nan,nan,0.536899983882904,nan,nan,0.5558000206947327,nan,nan,7.633518544025719e-05,nan,nan,47.62,nan,935.0,nan,,nan,nan,nan,,nan,,,,
2639.0,0.0,0.0,0.0,0.0,0.0,0.0,0.0,924.0,0.0,0.0,0.0,0.0,0.0,0.0,0.0,3563.0,2178.0,0.0,0.0,0.0,0.0,0.0,0.0,0.0,10.0,0.0,0.0,0.0,0.0,0.0,0.0,0.0,2188.0,nan,nan,nan,,nan,nan,nan,nan,nan,nan,nan,,,,nan,nan,nan,nan,nan,nan,nan,nan,nan,nan,nan,nan,,nan,nan,,,nan,nan,0.544700026512146,nan,nan,0.5986999869346619,nan,nan,0.6159999966621399,nan,nan,0.5372999906539917,nan,nan,0.5559999942779541,nan,nan,7.624497084179893e-05,nan,nan,47.62,nan,940.0,nan,,nan,nan,nan,,nan,,,,
2503.0,0.0,0.0,0.0,0.0,0.0,0.0,0.0,889.0,0.0,0.0,0.0,0.0,0.0,0.0,0.0,3392.0,2106.0,0.0,0.0,0.0,0.0,0.0,0.0,0.0,11.0,0.0,0.0,0.0,0.0,0.0,0.0,0.0,2117.0,nan,nan,nan,,nan,nan,nan,nan,nan,nan,nan,,,,nan,nan,nan,nan,nan,nan,nan,nan,nan,nan,nan,nan,,nan,nan,,,nan,nan,0.544700026512146,nan,nan,0.5986999869346619,nan,nan,0.6159999966621399,nan,nan,0.5372999906539917,nan,nan,0.5561000108718872,nan,nan,7.624497084179893e-05,nan,nan,47.62,nan,945.0,nan,,nan,nan,nan,,nan,,,,
2414.0,0.0,0.0,0.0,0.0,0.0,0.0,0.0,853.0,0.0,0.0,0.0,0.0,0.0,0.0,0.0,3267.0,2075.0,0.0,0.0,0.0,0.0,0.0,0.0,0.0,11.0,0.0,0.0,0.0,0.0,0.0,0.0,0.0,2086.0,nan,nan,nan,,nan,nan,nan,nan,nan,nan,nan,,,,nan,nan,nan,nan,nan,nan,nan,nan,nan,nan,nan,nan,,nan,nan,,,nan,nan,0.544700026512146,nan,nan,0.5986999869346619,nan,nan,0.6159999966621399,nan,nan,0.5372999906539917,nan,nan,0.5561000108718872,nan,nan,7.647040911251679e-05,nan,nan,47.62,nan,950.0,nan,,nan,nan,nan,,nan,,,,
2314.0,0.0,0.0,0.0,0.0,0.0,0.0,0.0,885.0,0.0,0.0,0.0,0.0,0.0,0.0,0.0,3199.0,2122.0,0.0,0.0,0.0,0.0,0.0,0.0,0.0,6.0,0.0,0.0,0.0,0.0,0.0,0.0,0.0,2128.0,nan,nan,nan,,nan,nan,nan,nan,nan,nan,nan,,,,nan,nan,nan,nan,nan,nan,nan,nan,nan,nan,nan,nan,,nan,nan,,,nan,nan,0.544700026512146,nan,nan,0.5986999869346619,nan,nan,0.6159999966621399,nan,nan,0.5371999740600586,nan,nan,0.5559999942779541,nan,nan,7.638020906597376e-05,nan,nan,47.62,nan,955.0,nan,,nan,nan,nan,,nan,,,,
2110.0,0.0,0.0,0.0,0.0,0.0,0.0,0.0,875.0,0.0,0.0,0.0,0.0,0.0,0.0,0.0,2985.0,2157.0,0.0,0.0,0.0,0.0,0.0,0.0,0.0,14.0,0.0,0.0,0.0,0.0,0.0,0.0,0.0,2171.0,nan,nan,nan,,nan,nan,nan,nan,nan,nan,nan,,,,nan,nan,nan,nan,nan,nan,nan,nan,nan,nan,nan,nan,,nan,nan,,,nan,nan,0.5455999970436096,nan,nan,0.5990999937057495,nan,nan,0.6168000102043152,nan,nan,0.5371999740600586,nan,nan,0.5559999942779541,nan,nan,7.642533455509692e-05,nan,nan,47.62,nan,960.0,nan,,nan,nan,nan,,nan,,,,
2016.0,0.0,0.0,0.0,0.0,0.0,0.0,0.0,903.0,0.0,0.0,0.0,0.0,0.0,0.0,0.0,2919.0,2117.0,0.0,0.0,0.0,0.0,0.0,0.0,0.0,6.0,0.0,0.0,0.0,0.0,0.0,0.0,0.0,2123.0,nan,nan,nan,,nan,nan,nan,nan,nan,nan,nan,,,,nan,nan,nan,nan,nan,nan,nan,nan,nan,nan,nan,nan,,nan,nan,,,nan,nan,0.5455999970436096,nan,nan,0.5990999937057495,nan,nan,0.6168000102043152,nan,nan,0.5371999740600586,nan,nan,0.5559999942779541,nan,nan,7.638020906597376e-05,nan,nan,47.62,nan,965.0,nan,,nan,nan,nan,,nan,,,,
1889.0,0.0,0.0,0.0,0.0,0.0,0.0,0.0,910.0,0.0,0.0,0.0,0.0,0.0,0.0,0.0,2799.0,2202.0,0.0,0.0,0.0,0.0,0.0,0.0,0.0,8.0,0.0,0.0,0.0,0.0,0.0,0.0,0.0,2210.0,nan,nan,nan,,nan,nan,nan,nan,nan,nan,nan,,,,nan,nan,nan,nan,nan,nan,nan,nan,nan,nan,nan,nan,,nan,nan,,,nan,nan,0.5455999970436096,nan,nan,0.5990999937057495,nan,nan,0.6168000102043152,nan,nan,0.5371999740600586,nan,nan,0.5559999942779541,nan,nan,7.651568012079224e-05,nan,nan,47.62,nan,970.0,nan,,nan,nan,nan,,nan,,,,
1804.0,0.0,0.0,0.0,0.0,0.0,0.0,0.0,894.0,0.0,0.0,0.0,0.0,0.0,0.0,0.0,2698.0,2203.0,0.0,0.0,0.0,0.0,0.0,0.0,0.0,4.0,0.0,0.0,0.0,0.0,0.0,0.0,0.0,2207.0,nan,nan,nan,,nan,nan,nan,nan,nan,nan,nan,,,,nan,nan,nan,nan,nan,nan,nan,nan,nan,nan,nan,nan,,nan,nan,,,nan,nan,0.5455999970436096,nan,nan,0.5990999937057495,nan,nan,0.6168000102043152,nan,nan,0.5375999808311462,nan,nan,0.5562999844551086,nan,nan,7.642533455509692e-05,nan,nan,47.65,nan,975.0,nan,,nan,nan,nan,,nan,,,,
1732.0,0.0,0.0,0.0,0.0,0.0,0.0,0.0,880.0,0.0,0.0,0.0,0.0,0.0,0.0,0.0,2612.0,2157.0,0.0,0.0,0.0,0.0,0.0,0.0,0.0,11.0,0.0,0.0,0.0,0.0,0.0,0.0,0.0,2168.0,nan,nan,nan,,nan,nan,nan,nan,nan,nan,nan,,,,nan,nan,nan,nan,nan,nan,nan,nan,nan,nan,nan,nan,,nan,nan,,,nan,nan,0.545799970626831,nan,nan,0.5990999937057495,nan,nan,0.6172000169754028,nan,nan,0.5375999808311462,nan,nan,0.5562999844551086,nan,nan,7.590337190777063e-05,nan,nan,47.65,nan,980.0,nan,,nan,nan,nan,,nan,,,,
1503.0,0.0,0.0,0.0,0.0,0.0,0.0,0.0,853.0,0.0,0.0,0.0,0.0,0.0,0.0,0.0,2356.0,2103.0,0.0,0.0,0.0,0.0,0.0,0.0,0.0,13.0,0.0,0.0,0.0,0.0,0.0,0.0,0.0,2116.0,nan,nan,nan,,nan,nan,nan,nan,nan,nan,nan,,,,nan,nan,nan,nan,nan,nan,nan,nan,nan,nan,nan,nan,,nan,nan,,,nan,nan,0.545799970626831,nan,nan,0.5990999937057495,nan,nan,0.6172000169754028,nan,nan,0.5375999808311462,nan,nan,0.5562999844551086,nan,nan,7.642533455509692e-05,nan,nan,47.65,nan,985.0,nan,,nan,nan,nan,,nan,,,,
1465.0,0.0,0.0,0.0,0.0,0.0,0.0,0.0,853.0,0.0,0.0,0.0,0.0,0.0,0.0,0.0,2318.0,2136.0,0.0,0.0,0.0,0.0,0.0,0.0,0.0,8.0,0.0,0.0,0.0,0.0,0.0,0.0,0.0,2144.0,nan,nan,nan,,nan,nan,nan,nan,nan,nan,nan,,,,nan,nan,nan,nan,nan,nan,nan,nan,nan,nan,nan,nan,,nan,nan,,,nan,nan,0.545799970626831,nan,nan,0.5990999937057495,nan,nan,0.6172000169754028,nan,nan,0.5375999808311462,nan,nan,0.5562999844551086,nan,nan,7.642533455509692e-05,nan,nan,47.65,nan,990.0,nan,,nan,nan,nan,,nan,,,,
1327.0,0.0,0.0,0.0,0.0,0.0,0.0,0.0,842.0,0.0,0.0,0.0,0.0,0.0,0.0,0.0,2169.0,2167.0,0.0,0.0,0.0,0.0,0.0,0.0,0.0,12.0,0.0,0.0,0.0,0.0,0.0,0.0,0.0,2179.0,nan,nan,nan,,nan,nan,nan,nan,nan,nan,nan,,,,nan,nan,nan,nan,nan,nan,nan,nan,nan,nan,nan,nan,,nan,nan,,,nan,nan,0.545799970626831,nan,nan,0.5990999937057495,nan,nan,0.6172000169754028,nan,nan,0.5378999710083008,nan,nan,0.5565000176429749,nan,nan,7.647040911251679e-05,nan,nan,47.65,nan,995.0,nan,,nan,nan,nan,,nan,,,,
1269.0,0.0,0.0,0.0,0.0,0.0,0.0,0.0,836.0,0.0,0.0,0.0,0.0,0.0,0.0,0.0,2105.0,2164.0,0.0,0.0,0.0,0.0,0.0,0.0,0.0,8.0,0.0,0.0,0.0,0.0,0.0,0.0,0.0,2172.0,nan,nan,nan,,nan,nan,nan,nan,nan,nan,nan,,,,nan,nan,nan,nan,nan,nan,nan,nan,nan,nan,nan,nan,,nan,nan,,,nan,nan,0.5461000204086304,nan,nan,0.5990999937057495,nan,nan,0.6176000237464905,nan,nan,0.5378999710083008,nan,nan,0.5565000176429749,nan,nan,7.638020906597376e-05,nan,nan,47.65,nan,1000.0,nan,,nan,nan,nan,,nan,,,,
1126.0,0.0,0.0,0.0,0.0,0.0,0.0,0.0,826.0,0.0,0.0,0.0,0.0,0.0,0.0,0.0,1952.0,2255.0,0.0,0.0,0.0,0.0,0.0,0.0,0.0,7.0,0.0,0.0,0.0,0.0,0.0,0.0,0.0,2262.0,nan,nan,nan,,nan,nan,nan,nan,nan,nan,nan,,,,nan,nan,nan,nan,nan,nan,nan,nan,nan,nan,nan,nan,,nan,nan,,,nan,nan,0.5461000204086304,nan,nan,0.5990999937057495,nan,nan,0.6176000237464905,nan,nan,0.5382999777793884,nan,nan,0.5566999912261963,nan,nan,7.642533455509692e-05,nan,nan,47.65,nan,1005.0,nan,,nan,nan,nan,,nan,,,,
1053.0,0.0,0.0,0.0,0.0,0.0,0.0,0.0,791.0,0.0,0.0,0.0,0.0,0.0,0.0,0.0,1844.0,2157.0,0.0,0.0,0.0,0.0,0.0,0.0,0.0,12.0,0.0,0.0,0.0,0.0,0.0,0.0,0.0,2169.0,nan,nan,nan,,nan,nan,nan,nan,nan,nan,nan,,,,nan,nan,nan,nan,nan,nan,nan,nan,nan,nan,nan,nan,,nan,nan,,,nan,nan,0.5461000204086304,nan,nan,0.5990999937057495,nan,nan,0.6176000237464905,nan,nan,0.5383999943733215,nan,nan,0.5566999912261963,nan,nan,7.647040911251679e-05,nan,nan,47.65,nan,1010.0,nan,,nan,nan,nan,,nan,,,,
1006.0,0.0,0.0,0.0,0.0,0.0,0.0,0.0,775.0,0.0,0.0,0.0,0.0,0.0,0.0,0.0,1781.0,2178.0,0.0,0.0,0.0,0.0,0.0,0.0,0.0,10.0,0.0,0.0,0.0,0.0,0.0,0.0,0.0,2188.0,nan,nan,nan,,nan,nan,nan,nan,nan,nan,nan,,,,nan,nan,nan,nan,nan,nan,nan,nan,nan,nan,nan,nan,,nan,nan,,,nan,nan,0.5461000204086304,nan,nan,0.5990999937057495,nan,nan,0.6176000237464905,nan,nan,0.5376999974250793,nan,nan,0.5564000010490417,nan,nan,7.66060475143604e-05,nan,nan,47.65,nan,1015.0,nan,,nan,nan,nan,,nan,,,,
865.0,0.0,0.0,0.0,0.0,0.0,0.0,0.0,806.0,0.0,0.0,0.0,0.0,0.0,0.0,0.0,1671.0,2151.0,0.0,0.0,0.0,0.0,0.0,0.0,0.0,7.0,0.0,0.0,0.0,0.0,0.0,0.0,0.0,2158.0,nan,nan,nan,,nan,nan,nan,nan,nan,nan,nan,,,,nan,nan,nan,nan,nan,nan,nan,nan,nan,nan,nan,nan,,nan,nan,,,nan,nan,0.5461000204086304,nan,nan,0.5989999771118164,nan,nan,0.6176999807357788,nan,nan,0.5372999906539917,nan,nan,0.5562000274658203,nan,nan,7.638020906597376e-05,nan,nan,47.65,nan,1020.0,nan,,nan,nan,nan,,nan,,,,
850.0,0.0,0.0,0.0,0.0,0.0,0.0,0.0,848.0,0.0,0.0,0.0,0.0,0.0,0.0,0.0,1698.0,2117.0,0.0,0.0,0.0,0.0,0.0,0.0,0.0,7.0,0.0,0.0,0.0,0.0,0.0,0.0,0.0,2124.0,nan,nan,nan,,nan,nan,nan,nan,nan,nan,nan,,,,nan,nan,nan,nan,nan,nan,nan,nan,nan,nan,nan,nan,,nan,nan,,,nan,nan,0.5461000204086304,nan,nan,0.5989999771118164,nan,nan,0.6176999807357788,nan,nan,0.5375999808311462,nan,nan,0.5562999844551086,nan,nan,7.651568012079224e-05,nan,nan,47.65,nan,1025.0,nan,,nan,nan,nan,,nan,,,,
775.0,0.0,0.0,0.0,0.0,0.0,0.0,0.0,834.0,0.0,0.0,0.0,0.0,0.0,0.0,0.0,1609.0,2212.0,0.0,0.0,0.0,0.0,0.0,0.0,0.0,7.0,0.0,0.0,0.0,0.0,0.0,0.0,0.0,2219.0,nan,nan,nan,,nan,nan,nan,nan,nan,nan,nan,,,,nan,nan,nan,nan,nan,nan,nan,nan,nan,nan,nan,nan,,nan,nan,,,nan,nan,0.5461000204086304,nan,nan,0.5989999771118164,nan,nan,0.6176999807357788,nan,nan,0.5375999808311462,nan,nan,0.5562999844551086,nan,nan,7.642533455509692e-05,nan,nan,47.65,nan,1030.0,nan,,nan,nan,nan,,nan,,,,
721.0,0.0,0.0,0.0,0.0,0.0,0.0,0.0,851.0,0.0,0.0,0.0,0.0,0.0,0.0,0.0,1572.0,2099.0,0.0,0.0,0.0,0.0,0.0,0.0,0.0,10.0,0.0,0.0,0.0,0.0,0.0,0.0,0.0,2109.0,nan,nan,nan,,nan,nan,nan,nan,nan,nan,nan,,,,nan,nan,nan,nan,nan,nan,nan,nan,nan,nan,nan,nan,,nan,nan,,,nan,nan,0.5461000204086304,nan,nan,0.5989999771118164,nan,nan,0.6176999807357788,nan,nan,0.5383999943733215,nan,nan,0.5566999912261963,nan,nan,7.651568012079224e-05,nan,nan,47.65,nan,1035.0,nan,,nan,nan,nan,,nan,,,,
636.0,0.0,0.0,0.0,0.0,0.0,0.0,0.0,809.0,0.0,0.0,0.0,0.0,0.0,0.0,0.0,1445.0,2195.0,0.0,0.0,0.0,0.0,0.0,0.0,0.0,15.0,0.0,0.0,0.0,0.0,0.0,0.0,0.0,2210.0,nan,nan,nan,,nan,nan,nan,nan,nan,nan,nan,,,,nan,nan,nan,nan,nan,nan,nan,nan,nan,nan,nan,nan,,nan,nan,,,nan,nan,0.5464000105857849,nan,nan,0.5992000102996826,nan,nan,0.6176000237464905,nan,nan,0.5383999943733215,nan,nan,0.5566999912261963,nan,nan,7.638020906597376e-05,nan,nan,47.65,nan,1040.0,nan,,nan,nan,nan,,nan,,,,
539.0,0.0,0.0,0.0,0.0,0.0,0.0,0.0,828.0,0.0,0.0,0.0,0.0,0.0,0.0,0.0,1367.0,2149.0,0.0,0.0,0.0,0.0,0.0,0.0,0.0,10.0,0.0,0.0,0.0,0.0,0.0,0.0,0.0,2159.0,nan,nan,nan,,nan,nan,nan,nan,nan,nan,nan,,,,nan,nan,nan,nan,nan,nan,nan,nan,nan,nan,nan,nan,,nan,nan,,,nan,nan,0.5464000105857849,nan,nan,0.5992000102996826,nan,nan,0.6176000237464905,nan,nan,0.5383999943733215,nan,nan,0.5566999912261963,nan,nan,7.647040911251679e-05,nan,nan,47.65,nan,1045.0,nan,,nan,nan,nan,,nan,,,,
498.0,0.0,0.0,0.0,0.0,0.0,0.0,0.0,806.0,0.0,0.0,0.0,0.0,0.0,0.0,0.0,1304.0,2180.0,0.0,0.0,0.0,0.0,0.0,0.0,0.0,16.0,0.0,0.0,0.0,0.0,0.0,0.0,0.0,2196.0,nan,nan,nan,,nan,nan,nan,nan,nan,nan,nan,,,,nan,nan,nan,nan,nan,nan,nan,nan,nan,nan,nan,nan,,nan,nan,,,nan,nan,0.5464000105857849,nan,nan,0.5992000102996826,nan,nan,0.6176000237464905,nan,nan,0.5383999943733215,nan,nan,0.5566999912261963,nan,nan,7.651568012079224e-05,nan,nan,47.65,nan,1050.0,nan,,nan,nan,nan,,nan,,,,
479.0,0.0,0.0,0.0,0.0,0.0,0.0,0.0,792.0,0.0,0.0,0.0,0.0,0.0,0.0,0.0,1271.0,2175.0,0.0,0.0,0.0,0.0,0.0,0.0,0.0,11.0,0.0,0.0,0.0,0.0,0.0,0.0,0.0,2186.0,nan,nan,nan,,nan,nan,nan,nan,nan,nan,nan,,,,nan,nan,nan,nan,nan,nan,nan,nan,nan,nan,nan,nan,,nan,nan,,,nan,nan,0.5464000105857849,nan,nan,0.5992000102996826,nan,nan,0.6176000237464905,nan,nan,0.5386000275611877,nan,nan,0.5568000078201294,nan,nan,7.638020906597376e-05,nan,nan,47.65,nan,1055.0,nan,,nan,nan,nan,,nan,,,,
453.0,0.0,0.0,0.0,0.0,0.0,0.0,0.0,837.0,0.0,0.0,0.0,0.0,0.0,0.0,0.0,1290.0,2181.0,0.0,0.0,0.0,0.0,0.0,0.0,0.0,10.0,0.0,0.0,0.0,0.0,0.0,0.0,0.0,2191.0,nan,nan,nan,,nan,nan,nan,nan,nan,nan,nan,,,,nan,nan,nan,nan,nan,nan,nan,nan,nan,nan,nan,nan,,nan,nan,,,nan,nan,0.546500027179718,nan,nan,0.5993000268936157,nan,nan,0.6177999973297119,nan,nan,0.5386000275611877,nan,nan,0.5568000078201294,nan,nan,7.651568012079224e-05,nan,nan,47.65,nan,1060.0,nan,,nan,nan,nan,,nan,,,,
370.0,0.0,0.0,0.0,0.0,0.0,0.0,0.0,725.0,0.0,0.0,0.0,0.0,0.0,0.0,0.0,1095.0,2187.0,0.0,0.0,0.0,0.0,0.0,0.0,0.0,12.0,0.0,0.0,0.0,0.0,0.0,0.0,0.0,2199.0,nan,nan,nan,,nan,nan,nan,nan,nan,nan,nan,,,,nan,nan,nan,nan,nan,nan,nan,nan,nan,nan,nan,nan,,nan,nan,,,nan,nan,0.546500027179718,nan,nan,0.5993000268936157,nan,nan,0.6177999973297119,nan,nan,0.5386000275611877,nan,nan,0.5568000078201294,nan,nan,7.651568012079224e-05,nan,nan,47.65,nan,1065.0,nan,,nan,nan,nan,,nan,,,,
340.0,0.0,0.0,0.0,0.0,0.0,0.0,0.0,831.0,0.0,0.0,0.0,0.0,0.0,0.0,0.0,1171.0,2165.0,0.0,0.0,0.0,0.0,0.0,0.0,0.0,4.0,0.0,0.0,0.0,0.0,0.0,0.0,0.0,2169.0,nan,nan,nan,,nan,nan,nan,nan,nan,nan,nan,,,,nan,nan,nan,nan,nan,nan,nan,nan,nan,nan,nan,nan,,nan,nan,,,nan,nan,0.546500027179718,nan,nan,0.5993000268936157,nan,nan,0.6177999973297119,nan,nan,0.5386000275611877,nan,nan,0.5568000078201294,nan,nan,7.656089292140678e-05,nan,nan,47.65,nan,1070.0,nan,,nan,nan,nan,,nan,,,,
317.0,0.0,0.0,0.0,0.0,0.0,0.0,0.0,765.0,0.0,0.0,0.0,0.0,0.0,0.0,0.0,1082.0,2081.0,0.0,0.0,0.0,0.0,0.0,0.0,0.0,5.0,0.0,0.0,0.0,0.0,0.0,0.0,0.0,2086.0,nan,nan,nan,,nan,nan,nan,nan,nan,nan,nan,,,,nan,nan,nan,nan,nan,nan,nan,nan,nan,nan,nan,nan,,nan,nan,,,nan,nan,0.546500027179718,nan,nan,0.5993000268936157,nan,nan,0.6177999973297119,nan,nan,0.5386999845504761,nan,nan,0.5569000244140625,nan,nan,7.651568012079224e-05,nan,nan,47.65,nan,1075.0,nan,,nan,nan,nan,,nan,,,,
249.0,0.0,0.0,0.0,0.0,0.0,0.0,0.0,818.0,0.0,0.0,0.0,0.0,0.0,0.0,0.0,1067.0,2177.0,0.0,0.0,0.0,0.0,0.0,0.0,0.0,9.0,0.0,0.0,0.0,0.0,0.0,0.0,0.0,2186.0,nan,nan,nan,,nan,nan,nan,nan,nan,nan,nan,,,,nan,nan,nan,nan,nan,nan,nan,nan,nan,nan,nan,nan,,nan,nan,,,nan,nan,0.5465999841690063,nan,nan,0.5992000102996826,nan,nan,0.6179999709129333,nan,nan,0.5386999845504761,nan,nan,0.5569000244140625,nan,nan,7.66060475143604e-05,nan,nan,47.65,nan,1080.0,nan,,nan,nan,nan,,nan,,,,
212.0,0.0,0.0,0.0,0.0,0.0,0.0,0.0,781.0,0.0,0.0,0.0,0.0,0.0,0.0,0.0,993.0,2167.0,0.0,0.0,0.0,0.0,0.0,0.0,0.0,12.0,0.0,0.0,0.0,0.0,0.0,0.0,0.0,2179.0,nan,nan,nan,,nan,nan,nan,nan,nan,nan,nan,,,,nan,nan,nan,nan,nan,nan,nan,nan,nan,nan,nan,nan,,nan,nan,,,nan,nan,0.5465999841690063,nan,nan,0.5992000102996826,nan,nan,0.6179999709129333,nan,nan,0.5383999943733215,nan,nan,0.5568000078201294,nan,nan,7.647040911251679e-05,nan,nan,47.65,nan,1085.0,nan,,nan,nan,nan,,nan,,,,
209.0,0.0,0.0,0.0,0.0,0.0,0.0,0.0,811.0,0.0,0.0,0.0,0.0,0.0,0.0,0.0,1020.0,2179.0,0.0,0.0,0.0,0.0,0.0,0.0,0.0,10.0,0.0,0.0,0.0,0.0,0.0,0.0,0.0,2189.0,nan,nan,nan,,nan,nan,nan,nan,nan,nan,nan,,,,nan,nan,nan,nan,nan,nan,nan,nan,nan,nan,nan,nan,,nan,nan,,,nan,nan,0.5465999841690063,nan,nan,0.5992000102996826,nan,nan,0.6179999709129333,nan,nan,0.5385000109672546,nan,nan,0.5568000078201294,nan,nan,7.647040911251679e-05,nan,nan,47.65,nan,1090.0,nan,,nan,nan,nan,,nan,,,,
197.0,0.0,0.0,0.0,0.0,0.0,0.0,0.0,805.0,0.0,0.0,0.0,0.0,0.0,0.0,0.0,1002.0,2149.0,0.0,0.0,0.0,0.0,0.0,0.0,0.0,10.0,0.0,0.0,0.0,0.0,0.0,0.0,0.0,2159.0,nan,nan,nan,,nan,nan,nan,nan,nan,nan,nan,,,,nan,nan,nan,nan,nan,nan,nan,nan,nan,nan,nan,nan,,nan,nan,,,nan,nan,0.5465999841690063,nan,nan,0.5992000102996826,nan,nan,0.6179999709129333,nan,nan,0.5386000275611877,nan,nan,0.5569000244140625,nan,nan,7.642533455509692e-05,nan,nan,47.65,nan,1095.0,nan,,nan,nan,nan,,nan,,,,
150.0,0.0,0.0,0.0,0.0,0.0,0.0,0.0,763.0,0.0,0.0,0.0,0.0,0.0,0.0,0.0,913.0,2180.0,0.0,0.0,0.0,0.0,0.0,0.0,0.0,9.0,0.0,0.0,0.0,0.0,0.0,0.0,0.0,2189.0,nan,nan,nan,,nan,nan,nan,nan,nan,nan,nan,,,,nan,nan,nan,nan,nan,nan,nan,nan,nan,nan,nan,nan,,nan,nan,,,nan,nan,0.5465999841690063,nan,nan,0.599399983882904,nan,nan,0.617900013923645,nan,nan,0.5386000275611877,nan,nan,0.5569000244140625,nan,nan,7.651568012079224e-05,nan,nan,47.65,nan,1100.0,nan,,nan,nan,nan,,nan,,,,
169.0,0.0,0.0,0.0,0.0,0.0,0.0,0.0,774.0,0.0,0.0,0.0,0.0,0.0,0.0,0.0,943.0,2155.0,0.0,0.0,0.0,0.0,0.0,0.0,0.0,7.0,0.0,0.0,0.0,0.0,0.0,0.0,0.0,2162.0,nan,nan,nan,,nan,nan,nan,nan,nan,nan,nan,,,,nan,nan,nan,nan,nan,nan,nan,nan,nan,nan,nan,nan,,nan,nan,,,nan,nan,0.5465999841690063,nan,nan,0.599399983882904,nan,nan,0.617900013923645,nan,nan,0.5386000275611877,nan,nan,0.5569000244140625,nan,nan,7.642533455509692e-05,nan,nan,47.65,nan,1105.0,nan,,nan,nan,nan,,nan,,,,
115.0,0.0,0.0,0.0,0.0,0.0,0.0,0.0,823.0,0.0,0.0,0.0,0.0,0.0,0.0,0.0,938.0,2133.0,0.0,0.0,0.0,0.0,0.0,0.0,0.0,9.0,0.0,0.0,0.0,0.0,0.0,0.0,0.0,2142.0,nan,nan,nan,,nan,nan,nan,nan,nan,nan,nan,,,,nan,nan,nan,nan,nan,nan,nan,nan,nan,nan,nan,nan,,nan,nan,,,nan,nan,0.5465999841690063,nan,nan,0.599399983882904,nan,nan,0.617900013923645,nan,nan,0.5386000275611877,nan,nan,0.5569000244140625,nan,nan,7.647040911251679e-05,nan,nan,47.65,nan,1110.0,nan,,nan,nan,nan,,nan,,,,
114.0,0.0,0.0,0.0,0.0,0.0,0.0,0.0,701.0,0.0,0.0,0.0,0.0,0.0,0.0,0.0,815.0,2122.0,0.0,0.0,0.0,0.0,0.0,0.0,0.0,18.0,0.0,0.0,0.0,0.0,0.0,0.0,0.0,2140.0,nan,nan,nan,,nan,nan,nan,nan,nan,nan,nan,,,,nan,nan,nan,nan,nan,nan,nan,nan,nan,nan,nan,nan,,nan,nan,,,nan,nan,0.5465999841690063,nan,nan,0.599399983882904,nan,nan,0.617900013923645,nan,nan,0.5388000011444092,nan,nan,0.5569999814033508,nan,nan,7.651568012079224e-05,nan,nan,47.65,nan,1115.0,nan,,nan,nan,nan,,nan,,,,
90.0,0.0,0.0,0.0,0.0,0.0,0.0,0.0,775.0,0.0,0.0,0.0,0.0,0.0,0.0,0.0,865.0,2106.0,0.0,0.0,0.0,0.0,0.0,0.0,0.0,6.0,0.0,0.0,0.0,0.0,0.0,0.0,0.0,2112.0,nan,nan,nan,,nan,nan,nan,nan,nan,nan,nan,,,,nan,nan,nan,nan,nan,nan,nan,nan,nan,nan,nan,nan,,nan,nan,,,nan,nan,0.5467000007629395,nan,nan,0.599399983882904,nan,nan,0.6179999709129333,nan,nan,0.5388000011444092,nan,nan,0.5569999814033508,nan,nan,7.638020906597376e-05,nan,nan,47.65,nan,1120.0,nan,,nan,nan,nan,,nan,,,,
109.0,0.0,0.0,0.0,0.0,0.0,0.0,0.0,735.0,0.0,0.0,0.0,0.0,0.0,0.0,0.0,844.0,2147.0,0.0,0.0,0.0,0.0,0.0,0.0,0.0,15.0,0.0,0.0,0.0,0.0,0.0,0.0,0.0,2162.0,nan,nan,nan,,nan,nan,nan,nan,nan,nan,nan,,,,nan,nan,nan,nan,nan,nan,nan,nan,nan,nan,nan,nan,,nan,nan,,,nan,nan,0.5467000007629395,nan,nan,0.599399983882904,nan,nan,0.6179999709129333,nan,nan,0.5388000011444092,nan,nan,0.5569999814033508,nan,nan,7.66060475143604e-05,nan,nan,47.65,nan,1125.0,nan,,nan,nan,nan,,nan,,,,
73.0,0.0,0.0,0.0,0.0,0.0,0.0,0.0,732.0,0.0,0.0,0.0,0.0,0.0,0.0,0.0,805.0,2111.0,0.0,0.0,0.0,0.0,0.0,0.0,0.0,9.0,0.0,0.0,0.0,0.0,0.0,0.0,0.0,2120.0,nan,nan,nan,,nan,nan,nan,nan,nan,nan,nan,,,,nan,nan,nan,nan,nan,nan,nan,nan,nan,nan,nan,nan,,nan,nan,,,nan,nan,0.5467000007629395,nan,nan,0.599399983882904,nan,nan,0.6179999709129333,nan,nan,0.5388000011444092,nan,nan,0.5569999814033508,nan,nan,7.642533455509692e-05,nan,nan,47.65,nan,1130.0,nan,,nan,nan,nan,,nan,,,,
62.0,0.0,0.0,0.0,0.0,0.0,0.0,0.0,776.0,0.0,0.0,0.0,0.0,0.0,0.0,0.0,838.0,2135.0,0.0,0.0,0.0,0.0,0.0,0.0,0.0,5.0,0.0,0.0,0.0,0.0,0.0,0.0,0.0,2140.0,nan,nan,nan,,nan,nan,nan,nan,nan,nan,nan,,,,nan,nan,nan,nan,nan,nan,nan,nan,nan,nan,nan,nan,,nan,nan,,,nan,nan,0.5467000007629395,nan,nan,0.599399983882904,nan,nan,0.6179999709129333,nan,nan,0.5386000275611877,nan,nan,0.5568000078201294,nan,nan,7.651568012079224e-05,nan,nan,47.65,nan,1135.0,nan,,nan,nan,nan,,nan,,,,
73.0,0.0,0.0,0.0,0.0,0.0,0.0,0.0,733.0,0.0,0.0,0.0,0.0,0.0,0.0,0.0,806.0,2174.0,0.0,0.0,0.0,0.0,0.0,0.0,0.0,7.0,0.0,0.0,0.0,0.0,0.0,0.0,0.0,2181.0,nan,nan,nan,,nan,nan,nan,nan,nan,nan,nan,,,,nan,nan,nan,nan,nan,nan,nan,nan,nan,nan,nan,nan,,nan,nan,,,nan,nan,0.5467000007629395,nan,nan,0.5995000004768372,nan,nan,0.6179999709129333,nan,nan,0.5386000275611877,nan,nan,0.5568000078201294,nan,nan,7.651568012079224e-05,nan,nan,47.65,nan,1140.0,nan,,nan,nan,nan,,nan,,,,
60.0,0.0,0.0,0.0,0.0,0.0,0.0,0.0,793.0,0.0,0.0,0.0,0.0,0.0,0.0,0.0,853.0,2190.0,0.0,0.0,0.0,0.0,0.0,0.0,0.0,10.0,0.0,0.0,0.0,0.0,0.0,0.0,0.0,2200.0,nan,nan,nan,,nan,nan,nan,nan,nan,nan,nan,,,,nan,nan,nan,nan,nan,nan,nan,nan,nan,nan,nan,nan,,nan,nan,,,nan,nan,0.5467000007629395,nan,nan,0.5995000004768372,nan,nan,0.6179999709129333,nan,nan,0.5386000275611877,nan,nan,0.5568000078201294,nan,nan,7.642533455509692e-05,nan,nan,47.65,nan,1145.0,nan,,nan,nan,nan,,nan,,,,
54.0,0.0,0.0,0.0,0.0,0.0,0.0,0.0,744.0,0.0,0.0,0.0,0.0,0.0,0.0,0.0,798.0,2121.0,0.0,0.0,0.0,0.0,0.0,0.0,0.0,6.0,0.0,0.0,0.0,0.0,0.0,0.0,0.0,2127.0,nan,nan,nan,,nan,nan,nan,nan,nan,nan,nan,,,,nan,nan,nan,nan,nan,nan,nan,nan,nan,nan,nan,nan,,nan,nan,,,nan,nan,0.5467000007629395,nan,nan,0.5995000004768372,nan,nan,0.6179999709129333,nan,nan,0.5386000275611877,nan,nan,0.5568000078201294,nan,nan,7.665131124667823e-05,nan,nan,47.65,nan,1150.0,nan,,nan,nan,nan,,nan,,,,
51.0,0.0,0.0,0.0,0.0,0.0,0.0,0.0,743.0,0.0,0.0,0.0,0.0,0.0,0.0,0.0,794.0,2153.0,0.0,0.0,0.0,0.0,0.0,0.0,0.0,9.0,0.0,0.0,0.0,0.0,0.0,0.0,0.0,2162.0,nan,nan,nan,,nan,nan,nan,nan,nan,nan,nan,,,,nan,nan,nan,nan,nan,nan,nan,nan,nan,nan,nan,nan,,nan,nan,,,nan,nan,0.5467000007629395,nan,nan,0.5995000004768372,nan,nan,0.6179999709129333,nan,nan,0.5386999845504761,nan,nan,0.5569000244140625,nan,nan,7.642533455509692e-05,nan,nan,47.65,nan,1155.0,nan,,nan,nan,nan,,nan,,,,
46.0,0.0,0.0,0.0,0.0,0.0,0.0,0.0,781.0,0.0,0.0,0.0,0.0,0.0,0.0,0.0,827.0,2149.0,0.0,0.0,0.0,0.0,0.0,0.0,0.0,10.0,0.0,0.0,0.0,0.0,0.0,0.0,0.0,2159.0,nan,nan,nan,,nan,nan,nan,nan,nan,nan,nan,,,,nan,nan,nan,nan,nan,nan,nan,nan,nan,nan,nan,nan,,nan,nan,,,nan,nan,0.5467000007629395,nan,nan,0.599399983882904,nan,nan,0.6179999709129333,nan,nan,0.5382999777793884,nan,nan,0.5566999912261963,nan,nan,7.642533455509692e-05,nan,nan,47.65,nan,1160.0,nan,,nan,nan,nan,,nan,,,,
39.0,0.0,0.0,0.0,0.0,0.0,0.0,0.0,765.0,0.0,0.0,0.0,0.0,0.0,0.0,0.0,804.0,2223.0,0.0,0.0,0.0,0.0,0.0,0.0,0.0,7.0,0.0,0.0,0.0,0.0,0.0,0.0,0.0,2230.0,nan,nan,nan,,nan,nan,nan,nan,nan,nan,nan,,,,nan,nan,nan,nan,nan,nan,nan,nan,nan,nan,nan,nan,,nan,nan,,,nan,nan,0.5467000007629395,nan,nan,0.599399983882904,nan,nan,0.6179999709129333,nan,nan,0.5385000109672546,nan,nan,0.5568000078201294,nan,nan,7.651568012079224e-05,nan,nan,47.65,nan,1165.0,nan,,nan,nan,nan,,nan,,,,
46.0,0.0,0.0,0.0,0.0,0.0,0.0,0.0,737.0,0.0,0.0,0.0,0.0,0.0,0.0,0.0,783.0,2164.0,0.0,0.0,0.0,0.0,0.0,0.0,0.0,13.0,0.0,0.0,0.0,0.0,0.0,0.0,0.0,2177.0,nan,nan,nan,,nan,nan,nan,nan,nan,nan,nan,,,,nan,nan,nan,nan,nan,nan,nan,nan,nan,nan,nan,nan,,nan,nan,,,nan,nan,0.5467000007629395,nan,nan,0.599399983882904,nan,nan,0.6179999709129333,nan,nan,0.5385000109672546,nan,nan,0.5568000078201294,nan,nan,7.642533455509692e-05,nan,nan,47.65,nan,1170.0,nan,,nan,nan,nan,,nan,,,,
47.0,0.0,0.0,0.0,0.0,0.0,0.0,0.0,738.0,0.0,0.0,0.0,0.0,0.0,0.0,0.0,785.0,2129.0,0.0,0.0,0.0,0.0,0.0,0.0,0.0,8.0,0.0,0.0,0.0,0.0,0.0,0.0,0.0,2137.0,nan,nan,nan,,nan,nan,nan,nan,nan,nan,nan,,,,nan,nan,nan,nan,nan,nan,nan,nan,nan,nan,nan,nan,,nan,nan,,,nan,nan,0.5467000007629395,nan,nan,0.599399983882904,nan,nan,0.6179999709129333,nan,nan,0.538100004196167,nan,nan,0.5565999746322632,nan,nan,7.638020906597376e-05,nan,nan,47.65,nan,1175.0,nan,,nan,nan,nan,,nan,,,,
31.0,0.0,0.0,0.0,0.0,0.0,0.0,0.0,783.0,0.0,0.0,0.0,0.0,0.0,0.0,0.0,814.0,2180.0,0.0,0.0,0.0,0.0,0.0,0.0,0.0,11.0,0.0,0.0,0.0,0.0,0.0,0.0,0.0,2191.0,nan,nan,nan,,nan,nan,nan,nan,nan,nan,nan,,,,nan,nan,nan,nan,nan,nan,nan,nan,nan,nan,nan,nan,,nan,nan,,,nan,nan,0.5462999939918518,nan,nan,0.5993000268936157,nan,nan,0.6179999709129333,nan,nan,0.538100004196167,nan,nan,0.5565999746322632,nan,nan,7.647040911251679e-05,nan,nan,47.65,nan,1180.0,nan,,nan,nan,nan,,nan,,,,
27.0,0.0,0.0,0.0,0.0,0.0,0.0,0.0,711.0,0.0,0.0,0.0,0.0,0.0,0.0,0.0,738.0,2088.0,0.0,0.0,0.0,0.0,0.0,0.0,0.0,10.0,0.0,0.0,0.0,0.0,0.0,0.0,0.0,2098.0,nan,nan,nan,,nan,nan,nan,nan,nan,nan,nan,,,,nan,nan,nan,nan,nan,nan,nan,nan,nan,nan,nan,nan,,nan,nan,,,nan,nan,0.5462999939918518,nan,nan,0.5993000268936157,nan,nan,0.6179999709129333,nan,nan,0.538100004196167,nan,nan,0.5565999746322632,nan,nan,7.647040911251679e-05,nan,nan,47.65,nan,1185.0,nan,,nan,nan,nan,,nan,,,,
31.0,0.0,0.0,0.0,0.0,0.0,0.0,0.0,720.0,0.0,0.0,0.0,0.0,0.0,0.0,0.0,751.0,2147.0,0.0,0.0,0.0,0.0,0.0,0.0,0.0,7.0,0.0,0.0,0.0,0.0,0.0,0.0,0.0,2154.0,nan,nan,nan,,nan,nan,nan,nan,nan,nan,nan,,,,nan,nan,nan,nan,nan,nan,nan,nan,nan,nan,nan,nan,,nan,nan,,,nan,nan,0.5462999939918518,nan,nan,0.5993000268936157,nan,nan,0.6179999709129333,nan,nan,0.538100004196167,nan,nan,0.5565999746322632,nan,nan,7.638020906597376e-05,nan,nan,47.65,nan,1190.0,nan,,nan,nan,nan,,nan,,,,
38.0,0.0,0.0,0.0,0.0,0.0,0.0,0.0,729.0,0.0,0.0,0.0,0.0,0.0,0.0,0.0,767.0,2192.0,0.0,0.0,0.0,0.0,0.0,0.0,0.0,9.0,0.0,0.0,0.0,0.0,0.0,0.0,0.0,2201.0,nan,nan,nan,,nan,nan,nan,nan,nan,nan,nan,,,,nan,nan,nan,nan,nan,nan,nan,nan,nan,nan,nan,nan,,nan,nan,,,nan,nan,0.5462999939918518,nan,nan,0.5993000268936157,nan,nan,0.6179999709129333,nan,nan,0.5382999777793884,nan,nan,0.5566999912261963,nan,nan,7.638020906597376e-05,nan,nan,47.65,nan,1195.0,nan,,nan,nan,nan,,nan,,,,
34.0,0.0,0.0,0.0,0.0,0.0,0.0,0.0,794.0,0.0,0.0,0.0,0.0,0.0,0.0,0.0,828.0,2164.0,0.0,0.0,0.0,0.0,0.0,0.0,0.0,10.0,0.0,0.0,0.0,0.0,0.0,0.0,0.0,2174.0,nan,nan,nan,,nan,nan,nan,nan,nan,nan,nan,,,,nan,nan,nan,nan,nan,nan,nan,nan,nan,nan,nan,nan,,nan,nan,,,nan,nan,0.5464000105857849,nan,nan,0.5993000268936157,nan,nan,0.6179999709129333,nan,nan,0.5382999777793884,nan,nan,0.5566999912261963,nan,nan,7.647040911251679e-05,nan,nan,47.65,nan,1200.0,nan,,nan,nan,nan,,nan,,,,
31.0,0.0,0.0,0.0,0.0,0.0,0.0,0.0,742.0,0.0,0.0,0.0,0.0,0.0,0.0,0.0,773.0,2124.0,0.0,0.0,0.0,0.0,0.0,0.0,0.0,13.0,0.0,0.0,0.0,0.0,0.0,0.0,0.0,2137.0,nan,nan,nan,,nan,nan,nan,nan,nan,nan,nan,,,,nan,nan,nan,nan,nan,nan,nan,nan,nan,nan,nan,nan,,nan,nan,,,nan,nan,0.5464000105857849,nan,nan,0.5993000268936157,nan,nan,0.6179999709129333,nan,nan,0.5382999777793884,nan,nan,0.5566999912261963,nan,nan,7.642533455509692e-05,nan,nan,47.65,nan,1205.0,nan,,nan,nan,nan,,nan,,,,
22.0,0.0,0.0,0.0,0.0,0.0,0.0,0.0,793.0,0.0,0.0,0.0,0.0,0.0,0.0,0.0,815.0,2182.0,0.0,0.0,0.0,0.0,0.0,0.0,0.0,13.0,0.0,0.0,0.0,0.0,0.0,0.0,0.0,2195.0,nan,nan,nan,,nan,nan,nan,nan,nan,nan,nan,,,,nan,nan,nan,nan,nan,nan,nan,nan,nan,nan,nan,nan,,nan,nan,,,nan,nan,0.5464000105857849,nan,nan,0.5993000268936157,nan,nan,0.6179999709129333,nan,nan,0.5382999777793884,nan,nan,0.5566999912261963,nan,nan,7.585834828205407e-05,nan,nan,47.65,nan,1210.0,nan,,nan,nan,nan,,nan,,,,
27.0,0.0,0.0,0.0,0.0,0.0,0.0,0.0,713.0,0.0,0.0,0.0,0.0,0.0,0.0,0.0,740.0,2119.0,0.0,0.0,0.0,0.0,0.0,0.0,0.0,13.0,0.0,0.0,0.0,0.0,0.0,0.0,0.0,2132.0,nan,nan,nan,,nan,nan,nan,nan,nan,nan,nan,,,,nan,nan,nan,nan,nan,nan,nan,nan,nan,nan,nan,nan,,nan,nan,,,nan,nan,0.5464000105857849,nan,nan,0.5993000268936157,nan,nan,0.6179999709129333,nan,nan,0.5386000275611877,nan,nan,0.5569000244140625,nan,nan,7.651568012079224e-05,nan,nan,47.65,nan,1215.0,nan,,nan,nan,nan,,nan,,,,
25.0,0.0,0.0,0.0,0.0,0.0,0.0,0.0,711.0,0.0,0.0,0.0,0.0,0.0,0.0,0.0,736.0,2190.0,0.0,0.0,0.0,0.0,0.0,0.0,0.0,10.0,0.0,0.0,0.0,0.0,0.0,0.0,0.0,2200.0,nan,nan,nan,,nan,nan,nan,nan,nan,nan,nan,,,,nan,nan,nan,nan,nan,nan,nan,nan,nan,nan,nan,nan,,nan,nan,,,nan,nan,0.5465999841690063,nan,nan,0.599399983882904,nan,nan,0.617900013923645,nan,nan,0.5386000275611877,nan,nan,0.5569000244140625,nan,nan,7.638020906597376e-05,nan,nan,47.65,nan,1220.0,nan,,nan,nan,nan,,nan,,,,
35.0,0.0,0.0,0.0,0.0,0.0,0.0,0.0,671.0,0.0,0.0,0.0,0.0,0.0,0.0,0.0,706.0,2152.0,0.0,0.0,0.0,0.0,0.0,0.0,0.0,9.0,0.0,0.0,0.0,0.0,0.0,0.0,0.0,2161.0,nan,nan,nan,,nan,nan,nan,nan,nan,nan,nan,,,,nan,nan,nan,nan,nan,nan,nan,nan,nan,nan,nan,nan,,nan,nan,,,nan,nan,0.5465999841690063,nan,nan,0.599399983882904,nan,nan,0.617900013923645,nan,nan,0.5386000275611877,nan,nan,0.5569000244140625,nan,nan,7.647040911251679e-05,nan,nan,47.65,nan,1225.0,nan,,nan,nan,nan,,nan,,,,
26.0,0.0,0.0,0.0,0.0,0.0,0.0,0.0,673.0,0.0,0.0,0.0,0.0,0.0,0.0,0.0,699.0,2127.0,0.0,0.0,0.0,0.0,0.0,0.0,0.0,15.0,0.0,0.0,0.0,0.0,0.0,0.0,0.0,2142.0,nan,nan,nan,,nan,nan,nan,nan,nan,nan,nan,,,,nan,nan,nan,nan,nan,nan,nan,nan,nan,nan,nan,nan,,nan,nan,,,nan,nan,0.5465999841690063,nan,nan,0.599399983882904,nan,nan,0.617900013923645,nan,nan,0.5386000275611877,nan,nan,0.5569000244140625,nan,nan,7.633518544025719e-05,nan,nan,47.65,nan,1230.0,nan,,nan,nan,nan,,nan,,,,
21.0,0.0,0.0,0.0,0.0,0.0,0.0,0.0,671.0,0.0,0.0,0.0,0.0,0.0,0.0,0.0,692.0,2214.0,0.0,0.0,0.0,0.0,0.0,0.0,0.0,12.0,0.0,0.0,0.0,0.0,0.0,0.0,0.0,2226.0,nan,nan,nan,,nan,nan,nan,nan,nan,nan,nan,,,,nan,nan,nan,nan,nan,nan,nan,nan,nan,nan,nan,nan,,nan,nan,,,nan,nan,0.5465999841690063,nan,nan,0.599399983882904,nan,nan,0.617900013923645,nan,nan,0.5386999845504761,nan,nan,0.5569000244140625,nan,nan,7.585834828205407e-05,nan,nan,47.65,nan,1235.0,nan,,nan,nan,nan,,nan,,,,
22.0,0.0,0.0,0.0,0.0,0.0,0.0,0.0,721.0,0.0,0.0,0.0,0.0,0.0,0.0,0.0,743.0,2125.0,0.0,0.0,0.0,0.0,0.0,0.0,0.0,10.0,0.0,0.0,0.0,0.0,0.0,0.0,0.0,2135.0,nan,nan,nan,,nan,nan,nan,nan,nan,nan,nan,,,,nan,nan,nan,nan,nan,nan,nan,nan,nan,nan,nan,nan,,nan,nan,,,nan,nan,0.5465999841690063,nan,nan,0.5993000268936157,nan,nan,0.6179999709129333,nan,nan,0.5386000275611877,nan,nan,0.5569000244140625,nan,nan,7.633518544025719e-05,nan,nan,47.65,nan,1240.0,nan,,nan,nan,nan,,nan,,,,
25.0,0.0,0.0,0.0,0.0,0.0,0.0,0.0,712.0,0.0,0.0,0.0,0.0,0.0,0.0,0.0,737.0,2068.0,0.0,0.0,0.0,0.0,0.0,0.0,0.0,17.0,0.0,0.0,0.0,0.0,0.0,0.0,0.0,2085.0,nan,nan,nan,,nan,nan,nan,nan,nan,nan,nan,,,,nan,nan,nan,nan,nan,nan,nan,nan,nan,nan,nan,nan,,nan,nan,,,nan,nan,0.5465999841690063,nan,nan,0.5993000268936157,nan,nan,0.6179999709129333,nan,nan,0.5386000275611877,nan,nan,0.5569000244140625,nan,nan,7.633518544025719e-05,nan,nan,47.65,nan,1245.0,nan,,nan,nan,nan,,nan,,,,
31.0,0.0,0.0,0.0,0.0,0.0,0.0,0.0,716.0,0.0,0.0,0.0,0.0,0.0,0.0,0.0,747.0,2220.0,0.0,0.0,0.0,0.0,0.0,0.0,0.0,13.0,0.0,0.0,0.0,0.0,0.0,0.0,0.0,2233.0,nan,nan,nan,,nan,nan,nan,nan,nan,nan,nan,,,,nan,nan,nan,nan,nan,nan,nan,nan,nan,nan,nan,nan,,nan,nan,,,nan,nan,0.5465999841690063,nan,nan,0.5993000268936157,nan,nan,0.6179999709129333,nan,nan,0.5386000275611877,nan,nan,0.5569000244140625,nan,nan,7.633518544025719e-05,nan,nan,47.65,nan,1250.0,nan,,nan,nan,nan,,nan,,,,
33.0,0.0,0.0,0.0,0.0,0.0,0.0,0.0,690.0,0.0,0.0,0.0,0.0,0.0,0.0,0.0,723.0,2124.0,0.0,0.0,0.0,0.0,0.0,0.0,0.0,7.0,0.0,0.0,0.0,0.0,0.0,0.0,0.0,2131.0,nan,nan,nan,,nan,nan,nan,nan,nan,nan,nan,,,,nan,nan,nan,nan,nan,nan,nan,nan,nan,nan,nan,nan,,nan,nan,,,nan,nan,0.5465999841690063,nan,nan,0.5993000268936157,nan,nan,0.6179999709129333,nan,nan,0.5388000011444092,nan,nan,0.5569999814033508,nan,nan,7.638020906597376e-05,nan,nan,47.65,nan,1255.0,nan,,nan,nan,nan,,nan,,,,
26.0,0.0,0.0,0.0,0.0,0.0,0.0,0.0,726.0,0.0,0.0,0.0,0.0,0.0,0.0,0.0,752.0,2139.0,0.0,0.0,0.0,0.0,0.0,0.0,0.0,12.0,0.0,0.0,0.0,0.0,0.0,0.0,0.0,2151.0,nan,nan,nan,,nan,nan,nan,nan,nan,nan,nan,,,,nan,nan,nan,nan,nan,nan,nan,nan,nan,nan,nan,nan,,nan,nan,,,nan,nan,0.5467000007629395,nan,nan,0.599399983882904,nan,nan,0.6180999875068665,nan,nan,0.5388000011444092,nan,nan,0.5569999814033508,nan,nan,7.633518544025719e-05,nan,nan,47.65,nan,1260.0,nan,,nan,nan,nan,,nan,,,,
29.0,0.0,0.0,0.0,0.0,0.0,0.0,0.0,754.0,0.0,0.0,0.0,0.0,0.0,0.0,0.0,783.0,2075.0,0.0,0.0,0.0,0.0,0.0,0.0,0.0,15.0,0.0,0.0,0.0,0.0,0.0,0.0,0.0,2090.0,nan,nan,nan,,nan,nan,nan,nan,nan,nan,nan,,,,nan,nan,nan,nan,nan,nan,nan,nan,nan,nan,nan,nan,,nan,nan,,,nan,nan,0.5467000007629395,nan,nan,0.599399983882904,nan,nan,0.6180999875068665,nan,nan,0.5388000011444092,nan,nan,0.5569999814033508,nan,nan,7.638020906597376e-05,nan,nan,47.65,nan,1265.0,nan,,nan,nan,nan,,nan,,,,
19.0,0.0,0.0,0.0,0.0,0.0,0.0,0.0,684.0,0.0,0.0,0.0,0.0,0.0,0.0,0.0,703.0,2191.0,0.0,0.0,0.0,0.0,0.0,0.0,0.0,8.0,0.0,0.0,0.0,0.0,0.0,0.0,0.0,2199.0,nan,nan,nan,,nan,nan,nan,nan,nan,nan,nan,,,,nan,nan,nan,nan,nan,nan,nan,nan,nan,nan,nan,nan,,nan,nan,,,nan,nan,0.5467000007629395,nan,nan,0.599399983882904,nan,nan,0.6180999875068665,nan,nan,0.5388000011444092,nan,nan,0.5569999814033508,nan,nan,7.638020906597376e-05,nan,nan,47.65,nan,1270.0,nan,,nan,nan,nan,,nan,,,,
32.0,0.0,0.0,0.0,0.0,0.0,0.0,0.0,650.0,0.0,0.0,0.0,0.0,0.0,0.0,0.0,682.0,2121.0,0.0,0.0,0.0,0.0,0.0,0.0,0.0,11.0,0.0,0.0,0.0,0.0,0.0,0.0,0.0,2132.0,nan,nan,nan,,nan,nan,nan,nan,nan,nan,nan,,,,nan,nan,nan,nan,nan,nan,nan,nan,nan,nan,nan,nan,,nan,nan,,,nan,nan,0.5467000007629395,nan,nan,0.599399983882904,nan,nan,0.6180999875068665,nan,nan,0.5386999845504761,nan,nan,0.5569000244140625,nan,nan,7.642533455509692e-05,nan,nan,47.61,nan,1275.0,nan,,nan,nan,nan,,nan,,,,
23.0,0.0,0.0,0.0,0.0,0.0,0.0,0.0,753.0,0.0,0.0,0.0,0.0,0.0,0.0,0.0,776.0,2218.0,0.0,0.0,0.0,0.0,0.0,0.0,0.0,13.0,0.0,0.0,0.0,0.0,0.0,0.0,0.0,2231.0,nan,nan,nan,,nan,nan,nan,nan,nan,nan,nan,,,,nan,nan,nan,nan,nan,nan,nan,nan,nan,nan,nan,nan,,nan,nan,,,nan,nan,0.5467000007629395,nan,nan,0.599399983882904,nan,nan,0.6180999875068665,nan,nan,0.5386999845504761,nan,nan,0.5569000244140625,nan,nan,7.633518544025719e-05,nan,nan,47.61,nan,1280.0,nan,,nan,nan,nan,,nan,,,,
25.0,0.0,0.0,0.0,0.0,0.0,0.0,0.0,740.0,0.0,0.0,0.0,0.0,0.0,0.0,0.0,765.0,2147.0,0.0,0.0,0.0,0.0,0.0,0.0,0.0,9.0,0.0,0.0,0.0,0.0,0.0,0.0,0.0,2156.0,nan,nan,nan,,nan,nan,nan,nan,nan,nan,nan,,,,nan,nan,nan,nan,nan,nan,nan,nan,nan,nan,nan,nan,,nan,nan,,,nan,nan,0.5467000007629395,nan,nan,0.599399983882904,nan,nan,0.6180999875068665,nan,nan,0.5386999845504761,nan,nan,0.5569000244140625,nan,nan,7.642533455509692e-05,nan,nan,47.61,nan,1285.0,nan,,nan,nan,nan,,nan,,,,
24.0,0.0,0.0,0.0,0.0,0.0,0.0,0.0,709.0,0.0,0.0,0.0,0.0,0.0,0.0,0.0,733.0,2235.0,0.0,0.0,0.0,0.0,0.0,0.0,0.0,10.0,0.0,0.0,0.0,0.0,0.0,0.0,0.0,2245.0,nan,nan,nan,,nan,nan,nan,nan,nan,nan,nan,,,,nan,nan,nan,nan,nan,nan,nan,nan,nan,nan,nan,nan,,nan,nan,,,nan,nan,0.5467000007629395,nan,nan,0.599399983882904,nan,nan,0.6180999875068665,nan,nan,0.5386999845504761,nan,nan,0.5569000244140625,nan,nan,7.638020906597376e-05,nan,nan,47.61,nan,1290.0,nan,,nan,nan,nan,,nan,,,,
21.0,0.0,0.0,0.0,0.0,0.0,0.0,0.0,636.0,0.0,0.0,0.0,0.0,0.0,0.0,0.0,657.0,2103.0,0.0,0.0,0.0,0.0,0.0,0.0,0.0,8.0,0.0,0.0,0.0,0.0,0.0,0.0,0.0,2111.0,nan,nan,nan,,nan,nan,nan,nan,nan,nan,nan,,,,nan,nan,nan,nan,nan,nan,nan,nan,nan,nan,nan,nan,,nan,nan,,,nan,nan,0.5467000007629395,nan,nan,0.599399983882904,nan,nan,0.6180999875068665,nan,nan,0.538100004196167,nan,nan,0.5565999746322632,nan,nan,7.633518544025719e-05,nan,nan,47.61,nan,1295.0,nan,,nan,nan,nan,,nan,,,,
22.0,0.0,0.0,0.0,0.0,0.0,0.0,0.0,741.0,0.0,0.0,0.0,0.0,0.0,0.0,0.0,763.0,2171.0,0.0,0.0,0.0,0.0,0.0,0.0,0.0,8.0,0.0,0.0,0.0,0.0,0.0,0.0,0.0,2179.0,nan,nan,nan,,nan,nan,nan,nan,nan,nan,nan,,,,nan,nan,nan,nan,nan,nan,nan,nan,nan,nan,nan,nan,,nan,nan,,,nan,nan,0.546500027179718,nan,nan,0.5993000268936157,nan,nan,0.6182000041007996,nan,nan,0.538100004196167,nan,nan,0.5565999746322632,nan,nan,7.663186988793314e-05,nan,nan,47.61,nan,1300.0,nan,,nan,nan,nan,,nan,,,,
21.0,0.0,0.0,0.0,0.0,0.0,0.0,0.0,728.0,0.0,0.0,0.0,0.0,0.0,0.0,0.0,749.0,2185.0,0.0,0.0,0.0,0.0,0.0,0.0,0.0,8.0,0.0,0.0,0.0,0.0,0.0,0.0,0.0,2193.0,nan,nan,nan,,nan,nan,nan,nan,nan,nan,nan,,,,nan,nan,nan,nan,nan,nan,nan,nan,nan,nan,nan,nan,,nan,nan,,,nan,nan,0.546500027179718,nan,nan,0.5993000268936157,nan,nan,0.6182000041007996,nan,nan,0.538100004196167,nan,nan,0.5565999746322632,nan,nan,7.638020906597376e-05,nan,nan,47.61,nan,1305.0,nan,,nan,nan,nan,,nan,,,,
25.0,0.0,0.0,0.0,0.0,0.0,0.0,0.0,721.0,0.0,0.0,0.0,0.0,0.0,0.0,0.0,746.0,2162.0,0.0,0.0,0.0,0.0,0.0,0.0,0.0,11.0,0.0,0.0,0.0,0.0,0.0,0.0,0.0,2173.0,nan,nan,nan,,nan,nan,nan,nan,nan,nan,nan,,,,nan,nan,nan,nan,nan,nan,nan,nan,nan,nan,nan,nan,,nan,nan,,,nan,nan,0.546500027179718,nan,nan,0.5993000268936157,nan,nan,0.6182000041007996,nan,nan,0.5386000275611877,nan,nan,0.5569000244140625,nan,nan,7.647040911251679e-05,nan,nan,47.61,nan,1310.0,nan,,nan,nan,nan,,nan,,,,
32.0,0.0,0.0,0.0,0.0,0.0,0.0,0.0,705.0,0.0,0.0,0.0,0.0,0.0,0.0,0.0,737.0,2231.0,0.0,0.0,0.0,0.0,0.0,0.0,0.0,12.0,0.0,0.0,0.0,0.0,0.0,0.0,0.0,2243.0,nan,nan,nan,,nan,nan,nan,nan,nan,nan,nan,,,,nan,nan,nan,nan,nan,nan,nan,nan,nan,nan,nan,nan,,nan,nan,,,nan,nan,0.546500027179718,nan,nan,0.5993000268936157,nan,nan,0.6182000041007996,nan,nan,0.5382999777793884,nan,nan,0.5566999912261963,nan,nan,7.585834828205407e-05,nan,nan,47.61,nan,1315.0,nan,,nan,nan,nan,,nan,,,,
21.0,0.0,0.0,0.0,0.0,0.0,0.0,0.0,672.0,0.0,0.0,0.0,0.0,0.0,0.0,0.0,693.0,2168.0,0.0,0.0,0.0,0.0,0.0,0.0,0.0,15.0,0.0,0.0,0.0,0.0,0.0,0.0,0.0,2183.0,nan,nan,nan,,nan,nan,nan,nan,nan,nan,nan,,,,nan,nan,nan,nan,nan,nan,nan,nan,nan,nan,nan,nan,,nan,nan,,,nan,nan,0.546500027179718,nan,nan,0.5993000268936157,nan,nan,0.6180999875068665,nan,nan,0.5388000011444092,nan,nan,0.5569000244140625,nan,nan,7.642533455509692e-05,nan,nan,47.61,nan,1320.0,nan,,nan,nan,nan,,nan,,,,
14.0,0.0,0.0,0.0,0.0,0.0,0.0,0.0,728.0,0.0,0.0,0.0,0.0,0.0,0.0,0.0,742.0,2204.0,0.0,0.0,0.0,0.0,0.0,0.0,0.0,7.0,0.0,0.0,0.0,0.0,0.0,0.0,0.0,2211.0,nan,nan,nan,,nan,nan,nan,nan,nan,nan,nan,,,,nan,nan,nan,nan,nan,nan,nan,nan,nan,nan,nan,nan,,nan,nan,,,nan,nan,0.546500027179718,nan,nan,0.5993000268936157,nan,nan,0.6180999875068665,nan,nan,0.5388000011444092,nan,nan,0.5569999814033508,nan,nan,7.667686440981925e-05,nan,nan,47.61,nan,1325.0,nan,,nan,nan,nan,,nan,,,,
9.0,0.0,0.0,0.0,0.0,0.0,0.0,0.0,678.0,0.0,0.0,0.0,0.0,0.0,0.0,0.0,687.0,2131.0,0.0,0.0,0.0,0.0,0.0,0.0,0.0,10.0,0.0,0.0,0.0,0.0,0.0,0.0,0.0,2141.0,nan,nan,nan,,nan,nan,nan,nan,nan,nan,nan,,,,nan,nan,nan,nan,nan,nan,nan,nan,nan,nan,nan,nan,,nan,nan,,,nan,nan,0.546500027179718,nan,nan,0.5993000268936157,nan,nan,0.6180999875068665,nan,nan,0.5388000011444092,nan,nan,0.5569999814033508,nan,nan,7.590337190777063e-05,nan,nan,47.61,nan,1330.0,nan,,nan,nan,nan,,nan,,,,
10.0,0.0,0.0,0.0,0.0,0.0,0.0,0.0,642.0,0.0,0.0,0.0,0.0,0.0,0.0,0.0,652.0,2098.0,0.0,0.0,0.0,0.0,0.0,0.0,0.0,13.0,0.0,0.0,0.0,0.0,0.0,0.0,0.0,2111.0,nan,nan,nan,,nan,nan,nan,nan,nan,nan,nan,,,,nan,nan,nan,nan,nan,nan,nan,nan,nan,nan,nan,nan,,nan,nan,,,nan,nan,0.546500027179718,nan,nan,0.5993000268936157,nan,nan,0.6180999875068665,nan,nan,0.5385000109672546,nan,nan,0.5568000078201294,nan,nan,7.590337190777063e-05,nan,nan,47.61,nan,1335.0,nan,,nan,nan,nan,,nan,,,,
7.0,0.0,0.0,0.0,0.0,0.0,0.0,0.0,727.0,0.0,0.0,0.0,0.0,0.0,0.0,0.0,734.0,2139.0,0.0,0.0,0.0,0.0,0.0,0.0,0.0,14.0,0.0,0.0,0.0,0.0,0.0,0.0,0.0,2153.0,nan,nan,nan,,nan,nan,nan,nan,nan,nan,nan,,,,nan,nan,nan,nan,nan,nan,nan,nan,nan,nan,nan,nan,,nan,nan,,,nan,nan,0.5464000105857849,nan,nan,0.5995000004768372,nan,nan,0.6179999709129333,nan,nan,0.5385000109672546,nan,nan,0.5568000078201294,nan,nan,7.647040911251679e-05,nan,nan,47.61,nan,1340.0,nan,,nan,nan,nan,,nan,,,,
11.0,0.0,0.0,0.0,0.0,0.0,0.0,0.0,692.0,0.0,0.0,0.0,0.0,0.0,0.0,0.0,703.0,2134.0,0.0,0.0,0.0,0.0,0.0,0.0,0.0,6.0,0.0,0.0,0.0,0.0,0.0,0.0,0.0,2140.0,nan,nan,nan,,nan,nan,nan,nan,nan,nan,nan,,,,nan,nan,nan,nan,nan,nan,nan,nan,nan,nan,nan,nan,,nan,nan,,,nan,nan,0.5464000105857849,nan,nan,0.5995000004768372,nan,nan,0.6179999709129333,nan,nan,0.5385000109672546,nan,nan,0.5568000078201294,nan,nan,7.633518544025719e-05,nan,nan,47.61,nan,1345.0,nan,,nan,nan,nan,,nan,,,,
3.0,0.0,0.0,0.0,0.0,0.0,0.0,0.0,703.0,0.0,0.0,0.0,0.0,0.0,0.0,0.0,706.0,2092.0,0.0,0.0,0.0,0.0,0.0,0.0,0.0,11.0,0.0,0.0,0.0,0.0,0.0,0.0,0.0,2103.0,nan,nan,nan,,nan,nan,nan,nan,nan,nan,nan,,,,nan,nan,nan,nan,nan,nan,nan,nan,nan,nan,nan,nan,,nan,nan,,,nan,nan,0.5464000105857849,nan,nan,0.5995000004768372,nan,nan,0.6179999709129333,nan,nan,0.5385000109672546,nan,nan,0.5568000078201294,nan,nan,7.672180800000206e-05,nan,nan,47.61,nan,1350.0,nan,,nan,nan,nan,,nan,,,,
2.0,0.0,0.0,0.0,0.0,0.0,0.0,0.0,699.0,0.0,0.0,0.0,0.0,0.0,0.0,0.0,701.0,2199.0,0.0,0.0,0.0,0.0,0.0,0.0,0.0,6.0,0.0,0.0,0.0,0.0,0.0,0.0,0.0,2205.0,nan,nan,nan,,nan,nan,nan,nan,nan,nan,nan,,,,nan,nan,nan,nan,nan,nan,nan,nan,nan,nan,nan,nan,,nan,nan,,,nan,nan,0.5464000105857849,nan,nan,0.5995000004768372,nan,nan,0.6179999709129333,nan,nan,0.5383999943733215,nan,nan,0.5568000078201294,nan,nan,7.633518544025719e-05,nan,nan,47.61,nan,1355.0,nan,,nan,nan,nan,,nan,,,,
2.0,0.0,0.0,0.0,0.0,0.0,0.0,0.0,691.0,0.0,0.0,0.0,0.0,0.0,0.0,0.0,693.0,2079.0,0.0,0.0,0.0,0.0,0.0,0.0,0.0,11.0,0.0,0.0,0.0,0.0,0.0,0.0,0.0,2090.0,nan,nan,nan,,nan,nan,nan,nan,nan,nan,nan,,,,nan,nan,nan,nan,nan,nan,nan,nan,nan,nan,nan,nan,,nan,nan,,,nan,nan,0.5464000105857849,nan,nan,0.599399983882904,nan,nan,0.617900013923645,nan,nan,0.5383999943733215,nan,nan,0.5568000078201294,nan,nan,7.585834828205407e-05,nan,nan,47.61,nan,1360.0,nan,,nan,nan,nan,,nan,,,,
1.0,0.0,0.0,0.0,0.0,0.0,0.0,0.0,668.0,0.0,0.0,0.0,0.0,0.0,0.0,0.0,669.0,2087.0,0.0,0.0,0.0,0.0,0.0,0.0,0.0,15.0,0.0,0.0,0.0,0.0,0.0,0.0,0.0,2102.0,nan,nan,nan,,nan,nan,nan,nan,nan,nan,nan,,,,nan,nan,nan,nan,nan,nan,nan,nan,nan,nan,nan,nan,,nan,nan,,,nan,nan,0.5464000105857849,nan,nan,0.599399983882904,nan,nan,0.617900013923645,nan,nan,0.5383999943733215,nan,nan,0.5568000078201294,nan,nan,7.633518544025719e-05,nan,nan,47.61,nan,1365.0,nan,,nan,nan,nan,,nan,,,,
3.0,0.0,0.0,0.0,0.0,0.0,0.0,0.0,737.0,0.0,0.0,0.0,0.0,0.0,0.0,0.0,740.0,2143.0,0.0,0.0,0.0,0.0,0.0,0.0,0.0,13.0,0.0,0.0,0.0,0.0,0.0,0.0,0.0,2156.0,nan,nan,nan,,nan,nan,nan,nan,nan,nan,nan,,,,nan,nan,nan,nan,nan,nan,nan,nan,nan,nan,nan,nan,,nan,nan,,,nan,nan,0.5464000105857849,nan,nan,0.599399983882904,nan,nan,0.617900013923645,nan,nan,0.5383999943733215,nan,nan,0.5568000078201294,nan,nan,7.672180800000206e-05,nan,nan,47.61,nan,1370.0,nan,,nan,nan,nan,,nan,,,,
0.0,0.0,0.0,0.0,0.0,0.0,0.0,0.0,728.0,0.0,0.0,0.0,0.0,0.0,0.0,0.0,728.0,2215.0,0.0,0.0,0.0,0.0,0.0,0.0,0.0,10.0,0.0,0.0,0.0,0.0,0.0,0.0,0.0,2225.0,nan,nan,nan,,nan,nan,nan,nan,nan,nan,nan,,,,nan,nan,nan,nan,nan,nan,nan,nan,nan,nan,nan,nan,,nan,nan,,,nan,nan,0.5464000105857849,nan,nan,0.599399983882904,nan,nan,0.617900013923645,nan,nan,0.5383999943733215,nan,nan,0.5568000078201294,nan,nan,7.585834828205407e-05,nan,nan,47.61,nan,1375.0,nan,,nan,nan,nan,,nan,,,,
1.0,0.0,0.0,0.0,0.0,0.0,0.0,0.0,703.0,0.0,0.0,0.0,0.0,0.0,0.0,0.0,704.0,2187.0,0.0,0.0,0.0,0.0,0.0,0.0,0.0,14.0,0.0,0.0,0.0,0.0,0.0,0.0,0.0,2201.0,nan,nan,nan,,nan,nan,nan,nan,nan,nan,nan,,,,nan,nan,nan,nan,nan,nan,nan,nan,nan,nan,nan,nan,,nan,nan,,,nan,nan,0.5465999841690063,nan,nan,0.5995000004768372,nan,nan,0.6179999709129333,nan,nan,0.5383999943733215,nan,nan,0.5568000078201294,nan,nan,7.642533455509692e-05,nan,nan,47.61,nan,1380.0,nan,,nan,nan,nan,,nan,,,,
2.0,0.0,0.0,0.0,0.0,0.0,0.0,0.0,698.0,0.0,0.0,0.0,0.0,0.0,0.0,0.0,700.0,2263.0,0.0,0.0,0.0,0.0,0.0,0.0,0.0,4.0,0.0,0.0,0.0,0.0,0.0,0.0,0.0,2267.0,nan,nan,nan,,nan,nan,nan,nan,nan,nan,nan,,,,nan,nan,nan,nan,nan,nan,nan,nan,nan,nan,nan,nan,,nan,nan,,,nan,nan,0.5465999841690063,nan,nan,0.5995000004768372,nan,nan,0.6179999709129333,nan,nan,0.5385000109672546,nan,nan,0.5568000078201294,nan,nan,7.642533455509692e-05,nan,nan,47.61,nan,1385.0,nan,,nan,nan,nan,,nan,,,,
0.0,0.0,0.0,0.0,0.0,0.0,0.0,0.0,708.0,0.0,0.0,0.0,0.0,0.0,0.0,0.0,708.0,2172.0,0.0,0.0,0.0,0.0,0.0,0.0,0.0,11.0,0.0,0.0,0.0,0.0,0.0,0.0,0.0,2183.0,nan,nan,nan,,nan,nan,nan,nan,nan,nan,nan,,,,nan,nan,nan,nan,nan,nan,nan,nan,nan,nan,nan,nan,,nan,nan,,,nan,nan,0.5465999841690063,nan,nan,0.5995000004768372,nan,nan,0.6179999709129333,nan,nan,0.5386000275611877,nan,nan,0.5569000244140625,nan,nan,7.624497084179893e-05,nan,nan,47.61,nan,1390.0,nan,,nan,nan,nan,,nan,,,,
0.0,0.0,0.0,0.0,0.0,0.0,0.0,0.0,727.0,0.0,0.0,0.0,0.0,0.0,0.0,0.0,727.0,2159.0,0.0,0.0,0.0,0.0,0.0,0.0,0.0,2.0,0.0,0.0,0.0,0.0,0.0,0.0,0.0,2161.0,nan,nan,nan,,nan,nan,nan,nan,nan,nan,nan,,,,nan,nan,nan,nan,nan,nan,nan,nan,nan,nan,nan,nan,,nan,nan,,,nan,nan,0.5465999841690063,nan,nan,0.5995000004768372,nan,nan,0.6179999709129333,nan,nan,0.5385000109672546,nan,nan,0.5568000078201294,nan,nan,7.633518544025719e-05,nan,nan,47.61,nan,1395.0,nan,,nan,nan,nan,,nan,,,,
0.0,0.0,0.0,0.0,0.0,0.0,0.0,0.0,664.0,0.0,0.0,0.0,0.0,0.0,0.0,0.0,664.0,2129.0,0.0,0.0,0.0,0.0,0.0,0.0,0.0,12.0,0.0,0.0,0.0,0.0,0.0,0.0,0.0,2141.0,nan,nan,nan,,nan,nan,nan,nan,nan,nan,nan,,,,nan,nan,nan,nan,nan,nan,nan,nan,nan,nan,nan,nan,,nan,nan,,,nan,nan,0.5467000007629395,nan,nan,0.5995000004768372,nan,nan,0.6179999709129333,nan,nan,0.5385000109672546,nan,nan,0.5569000244140625,nan,nan,7.624497084179893e-05,nan,nan,47.61,nan,1400.0,nan,,nan,nan,nan,,nan,,,,
0.0,0.0,0.0,0.0,0.0,0.0,0.0,0.0,682.0,0.0,0.0,0.0,0.0,0.0,0.0,0.0,682.0,2066.0,0.0,0.0,0.0,0.0,0.0,0.0,0.0,11.0,0.0,0.0,0.0,0.0,0.0,0.0,0.0,2077.0,nan,nan,nan,,nan,nan,nan,nan,nan,nan,nan,,,,nan,nan,nan,nan,nan,nan,nan,nan,nan,nan,nan,nan,,nan,nan,,,nan,nan,0.5467000007629395,nan,nan,0.5995000004768372,nan,nan,0.6179999709129333,nan,nan,0.5385000109672546,nan,nan,0.5569000244140625,nan,nan,7.633518544025719e-05,nan,nan,47.61,nan,1405.0,nan,,nan,nan,nan,,nan,,,,
0.0,0.0,0.0,0.0,0.0,0.0,0.0,0.0,708.0,0.0,0.0,0.0,0.0,0.0,0.0,0.0,708.0,2152.0,0.0,0.0,0.0,0.0,0.0,0.0,0.0,11.0,0.0,0.0,0.0,0.0,0.0,0.0,0.0,2163.0,nan,nan,nan,,nan,nan,nan,nan,nan,nan,nan,,,,nan,nan,nan,nan,nan,nan,nan,nan,nan,nan,nan,nan,,nan,nan,,,nan,nan,0.5467000007629395,nan,nan,0.5995000004768372,nan,nan,0.6179999709129333,nan,nan,0.5385000109672546,nan,nan,0.5569000244140625,nan,nan,7.620002725161612e-05,nan,nan,47.61,nan,1410.0,nan,,nan,nan,nan,,nan,,,,
0.0,0.0,0.0,0.0,0.0,0.0,0.0,0.0,676.0,0.0,0.0,0.0,0.0,0.0,0.0,0.0,676.0,2136.0,0.0,0.0,0.0,0.0,0.0,0.0,0.0,9.0,0.0,0.0,0.0,0.0,0.0,0.0,0.0,2145.0,nan,nan,nan,,nan,nan,nan,nan,nan,nan,nan,,,,nan,nan,nan,nan,nan,nan,nan,nan,nan,nan,nan,nan,,nan,nan,,,nan,nan,0.5467000007629395,nan,nan,0.5995000004768372,nan,nan,0.6179999709129333,nan,nan,0.5386999845504761,nan,nan,0.5569000244140625,nan,nan,7.624497084179893e-05,nan,nan,47.61,nan,1415.0,nan,,nan,nan,nan,,nan,,,,
0.0,0.0,0.0,0.0,0.0,0.0,0.0,0.0,696.0,0.0,0.0,0.0,0.0,0.0,0.0,0.0,696.0,2132.0,0.0,0.0,0.0,0.0,0.0,0.0,0.0,5.0,0.0,0.0,0.0,0.0,0.0,0.0,0.0,2137.0,nan,nan,nan,,nan,nan,nan,nan,nan,nan,nan,,,,nan,nan,nan,nan,nan,nan,nan,nan,nan,nan,nan,nan,,nan,nan,,,nan,nan,0.5465999841690063,nan,nan,0.599399983882904,nan,nan,0.6180999875068665,nan,nan,0.5386999845504761,nan,nan,0.5569000244140625,nan,nan,7.642533455509692e-05,nan,nan,47.61,nan,1420.0,nan,,nan,nan,nan,,nan,,,,
0.0,0.0,0.0,0.0,0.0,0.0,0.0,0.0,679.0,0.0,0.0,0.0,0.0,0.0,0.0,0.0,679.0,2192.0,0.0,0.0,0.0,0.0,0.0,0.0,0.0,9.0,0.0,0.0,0.0,0.0,0.0,0.0,0.0,2201.0,nan,nan,nan,,nan,nan,nan,nan,nan,nan,nan,,,,nan,nan,nan,nan,nan,nan,nan,nan,nan,nan,nan,nan,,nan,nan,,,nan,nan,0.5465999841690063,nan,nan,0.599399983882904,nan,nan,0.6180999875068665,nan,nan,0.5386999845504761,nan,nan,0.5569000244140625,nan,nan,7.633518544025719e-05,nan,nan,47.61,nan,1425.0,nan,,nan,nan,nan,,nan,,,,
0.0,0.0,0.0,0.0,0.0,0.0,0.0,0.0,688.0,0.0,0.0,0.0,0.0,0.0,0.0,0.0,688.0,2185.0,0.0,0.0,0.0,0.0,0.0,0.0,0.0,9.0,0.0,0.0,0.0,0.0,0.0,0.0,0.0,2194.0,nan,nan,nan,,nan,nan,nan,nan,nan,nan,nan,,,,nan,nan,nan,nan,nan,nan,nan,nan,nan,nan,nan,nan,,nan,nan,,,nan,nan,0.5465999841690063,nan,nan,0.599399983882904,nan,nan,0.6180999875068665,nan,nan,0.5386999845504761,nan,nan,0.5569000244140625,nan,nan,7.590337190777063e-05,nan,nan,47.61,nan,1430.0,nan,,nan,nan,nan,,nan,,,,
0.0,0.0,0.0,0.0,0.0,0.0,0.0,0.0,684.0,0.0,0.0,0.0,0.0,0.0,0.0,0.0,684.0,2213.0,0.0,0.0,0.0,0.0,0.0,0.0,0.0,14.0,0.0,0.0,0.0,0.0,0.0,0.0,0.0,2227.0,nan,nan,nan,,nan,nan,nan,nan,nan,nan,nan,,,,nan,nan,nan,nan,nan,nan,nan,nan,nan,nan,nan,nan,,nan,nan,,,nan,nan,0.5465999841690063,nan,nan,0.599399983882904,nan,nan,0.6180999875068665,nan,nan,0.5382999777793884,nan,nan,0.5566999912261963,nan,nan,7.59484973968938e-05,nan,nan,47.61,nan,1435.0,nan,,nan,nan,nan,,nan,,,,
0.0,0.0,0.0,0.0,0.0,0.0,0.0,0.0,684.0,0.0,0.0,0.0,0.0,0.0,0.0,0.0,684.0,2143.0,0.0,0.0,0.0,0.0,0.0,0.0,0.0,5.0,0.0,0.0,0.0,0.0,0.0,0.0,0.0,2148.0,nan,nan,nan,,nan,nan,nan,nan,nan,nan,nan,,,,nan,nan,nan,nan,nan,nan,nan,nan,nan,nan,nan,nan,,nan,nan,,,nan,nan,0.546500027179718,nan,nan,0.599399983882904,nan,nan,0.6179999709129333,nan,nan,0.5382999777793884,nan,nan,0.5566999912261963,nan,nan,7.590337190777063e-05,nan,nan,47.61,nan,1440.0,nan,,nan,nan,nan,,nan,,,,
0.0,0.0,0.0,0.0,0.0,0.0,0.0,0.0,667.0,0.0,0.0,0.0,0.0,0.0,0.0,0.0,667.0,2207.0,0.0,0.0,0.0,0.0,0.0,0.0,0.0,16.0,0.0,0.0,0.0,0.0,0.0,0.0,0.0,2223.0,nan,nan,nan,,nan,nan,nan,nan,nan,nan,nan,,,,nan,nan,nan,nan,nan,nan,nan,nan,nan,nan,nan,nan,,nan,nan,,,nan,nan,0.546500027179718,nan,nan,0.599399983882904,nan,nan,0.6179999709129333,nan,nan,0.5382999777793884,nan,nan,0.5566999912261963,nan,nan,7.585834828205407e-05,nan,nan,47.61,nan,1445.0,nan,,nan,nan,nan,,nan,,,,
0.0,0.0,0.0,0.0,0.0,0.0,0.0,0.0,664.0,0.0,0.0,0.0,0.0,0.0,0.0,0.0,664.0,2122.0,0.0,0.0,0.0,0.0,0.0,0.0,0.0,11.0,0.0,0.0,0.0,0.0,0.0,0.0,0.0,2133.0,nan,nan,nan,,nan,nan,nan,nan,nan,nan,nan,,,,nan,nan,nan,nan,nan,nan,nan,nan,nan,nan,nan,nan,,nan,nan,,,nan,nan,0.546500027179718,nan,nan,0.599399983882904,nan,nan,0.6179999709129333,nan,nan,0.5382999777793884,nan,nan,0.5566999912261963,nan,nan,7.629010360687971e-05,nan,nan,47.61,nan,1450.0,nan,,nan,nan,nan,,nan,,,,
0.0,0.0,0.0,0.0,0.0,0.0,0.0,0.0,665.0,0.0,0.0,0.0,0.0,0.0,0.0,0.0,665.0,2234.0,0.0,0.0,0.0,0.0,0.0,0.0,0.0,11.0,0.0,0.0,0.0,0.0,0.0,0.0,0.0,2245.0,nan,nan,nan,,nan,nan,nan,nan,nan,nan,nan,,,,nan,nan,nan,nan,nan,nan,nan,nan,nan,nan,nan,nan,,nan,nan,,,nan,nan,0.546500027179718,nan,nan,0.599399983882904,nan,nan,0.6179999709129333,nan,nan,0.5388000011444092,nan,nan,0.5569999814033508,nan,nan,7.59484973968938e-05,nan,nan,47.61,nan,1455.0,nan,,nan,nan,nan,,nan,,,,
0.0,0.0,0.0,0.0,0.0,0.0,0.0,0.0,670.0,0.0,0.0,0.0,0.0,0.0,0.0,0.0,670.0,2138.0,0.0,0.0,0.0,0.0,0.0,0.0,0.0,16.0,0.0,0.0,0.0,0.0,0.0,0.0,0.0,2154.0,nan,nan,nan,,nan,nan,nan,nan,nan,nan,nan,,,,nan,nan,nan,nan,nan,nan,nan,nan,nan,nan,nan,nan,,nan,nan,,,nan,nan,0.5468000173568726,nan,nan,0.5996000170707703,nan,nan,0.6180999875068665,nan,nan,0.5386999845504761,nan,nan,0.5569000244140625,nan,nan,7.620002725161612e-05,nan,nan,47.61,nan,1460.0,nan,,nan,nan,nan,,nan,,,,
0.0,0.0,0.0,0.0,0.0,0.0,0.0,0.0,688.0,0.0,0.0,0.0,0.0,0.0,0.0,0.0,688.0,2128.0,0.0,0.0,0.0,0.0,0.0,0.0,0.0,12.0,0.0,0.0,0.0,0.0,0.0,0.0,0.0,2140.0,nan,nan,nan,,nan,nan,nan,nan,nan,nan,nan,,,,nan,nan,nan,nan,nan,nan,nan,nan,nan,nan,nan,nan,,nan,nan,,,nan,nan,0.5468000173568726,nan,nan,0.5996000170707703,nan,nan,0.6180999875068665,nan,nan,0.5382999777793884,nan,nan,0.5566999912261963,nan,nan,7.672180800000206e-05,nan,nan,47.61,nan,1465.0,nan,,nan,nan,nan,,nan,,,,
0.0,0.0,0.0,0.0,0.0,0.0,0.0,0.0,743.0,0.0,0.0,0.0,0.0,0.0,0.0,0.0,743.0,2185.0,0.0,0.0,0.0,0.0,0.0,0.0,0.0,9.0,0.0,0.0,0.0,0.0,0.0,0.0,0.0,2194.0,nan,nan,nan,,nan,nan,nan,nan,nan,nan,nan,,,,nan,nan,nan,nan,nan,nan,nan,nan,nan,nan,nan,nan,,nan,nan,,,nan,nan,0.5468000173568726,nan,nan,0.5996000170707703,nan,nan,0.6180999875068665,nan,nan,0.5385000109672546,nan,nan,0.5569000244140625,nan,nan,7.658689719391987e-05,nan,nan,47.61,nan,1470.0,nan,,nan,nan,nan,,nan,,,,
0.0,0.0,0.0,0.0,0.0,0.0,0.0,0.0,660.0,0.0,0.0,0.0,0.0,0.0,0.0,0.0,660.0,2154.0,0.0,0.0,0.0,0.0,0.0,0.0,0.0,9.0,0.0,0.0,0.0,0.0,0.0,0.0,0.0,2163.0,nan,nan,nan,,nan,nan,nan,nan,nan,nan,nan,,,,nan,nan,nan,nan,nan,nan,nan,nan,nan,nan,nan,nan,,nan,nan,,,nan,nan,0.5468000173568726,nan,nan,0.5996000170707703,nan,nan,0.6180999875068665,nan,nan,0.5382999777793884,nan,nan,0.5568000078201294,nan,nan,7.672180800000206e-05,nan,nan,47.61,nan,1475.0,nan,,nan,nan,nan,,nan,,,,
0.0,0.0,0.0,0.0,0.0,0.0,0.0,0.0,631.0,0.0,0.0,0.0,0.0,0.0,0.0,0.0,631.0,2157.0,0.0,0.0,0.0,0.0,0.0,0.0,0.0,7.0,0.0,0.0,0.0,0.0,0.0,0.0,0.0,2164.0,nan,nan,nan,,nan,nan,nan,nan,nan,nan,nan,,,,nan,nan,nan,nan,nan,nan,nan,nan,nan,nan,nan,nan,,nan,nan,,,nan,nan,0.546500027179718,nan,nan,0.599399983882904,nan,nan,0.6179999709129333,nan,nan,0.5382999777793884,nan,nan,0.5568000078201294,nan,nan,7.59484973968938e-05,nan,nan,47.61,nan,1480.0,nan,,nan,nan,nan,,nan,,,,
0.0,0.0,0.0,0.0,0.0,0.0,0.0,0.0,719.0,0.0,0.0,0.0,0.0,0.0,0.0,0.0,719.0,2103.0,0.0,0.0,0.0,0.0,0.0,0.0,0.0,11.0,0.0,0.0,0.0,0.0,0.0,0.0,0.0,2114.0,nan,nan,nan,,nan,nan,nan,nan,nan,nan,nan,,,,nan,nan,nan,nan,nan,nan,nan,nan,nan,nan,nan,nan,,nan,nan,,,nan,nan,0.546500027179718,nan,nan,0.599399983882904,nan,nan,0.6179999709129333,nan,nan,0.5382999777793884,nan,nan,0.5568000078201294,nan,nan,7.658689719391987e-05,nan,nan,47.61,nan,1485.0,nan,,nan,nan,nan,,nan,,,,
0.0,0.0,0.0,0.0,0.0,0.0,0.0,0.0,683.0,0.0,0.0,0.0,0.0,0.0,0.0,0.0,683.0,2220.0,0.0,0.0,0.0,0.0,0.0,0.0,0.0,8.0,0.0,0.0,0.0,0.0,0.0,0.0,0.0,2228.0,nan,nan,nan,,nan,nan,nan,nan,nan,nan,nan,,,,nan,nan,nan,nan,nan,nan,nan,nan,nan,nan,nan,nan,,nan,nan,,,nan,nan,0.546500027179718,nan,nan,0.599399983882904,nan,nan,0.6179999709129333,nan,nan,0.5382999777793884,nan,nan,0.5568000078201294,nan,nan,7.624497084179893e-05,nan,nan,47.61,nan,1490.0,nan,,nan,nan,nan,,nan,,,,
0.0,0.0,0.0,0.0,0.0,0.0,0.0,0.0,679.0,0.0,0.0,0.0,0.0,0.0,0.0,0.0,679.0,2118.0,0.0,0.0,0.0,0.0,0.0,0.0,0.0,19.0,0.0,0.0,0.0,0.0,0.0,0.0,0.0,2137.0,nan,nan,nan,,nan,nan,nan,nan,nan,nan,nan,,,,nan,nan,nan,nan,nan,nan,nan,nan,nan,nan,nan,nan,,nan,nan,,,nan,nan,0.546500027179718,nan,nan,0.599399983882904,nan,nan,0.6179999709129333,nan,nan,0.5388000011444092,nan,nan,0.5569999814033508,nan,nan,7.642533455509692e-05,nan,nan,47.61,nan,1495.0,nan,,nan,nan,nan,,nan,,,,
0.0,0.0,0.0,0.0,0.0,0.0,0.0,0.0,649.0,0.0,0.0,0.0,0.0,0.0,0.0,0.0,649.0,2181.0,0.0,0.0,0.0,0.0,0.0,0.0,0.0,9.0,0.0,0.0,0.0,0.0,0.0,0.0,0.0,2190.0,nan,nan,nan,,nan,nan,nan,nan,nan,nan,nan,,,,nan,nan,nan,nan,nan,nan,nan,nan,nan,nan,nan,nan,,nan,nan,,,nan,nan,0.5468000173568726,nan,nan,0.5995000004768372,nan,nan,0.6179999709129333,nan,nan,0.5388000011444092,nan,nan,0.5569999814033508,nan,nan,7.615503272973001e-05,nan,nan,47.61,nan,1500.0,nan,,nan,nan,nan,,nan,,,,
0.0,0.0,0.0,0.0,0.0,0.0,0.0,0.0,672.0,0.0,0.0,0.0,0.0,0.0,0.0,0.0,672.0,2130.0,0.0,0.0,0.0,0.0,0.0,0.0,0.0,14.0,0.0,0.0,0.0,0.0,0.0,0.0,0.0,2144.0,nan,nan,nan,,nan,nan,nan,nan,nan,nan,nan,,,,nan,nan,nan,nan,nan,nan,nan,nan,nan,nan,nan,nan,,nan,nan,,,nan,nan,0.5468000173568726,nan,nan,0.5995000004768372,nan,nan,0.6179999709129333,nan,nan,0.5388000011444092,nan,nan,0.5569999814033508,nan,nan,7.672180800000206e-05,nan,nan,47.61,nan,1505.0,nan,,nan,nan,nan,,nan,,,,
0.0,0.0,0.0,0.0,0.0,0.0,0.0,0.0,691.0,0.0,0.0,0.0,0.0,0.0,0.0,0.0,691.0,2193.0,0.0,0.0,0.0,0.0,0.0,0.0,0.0,18.0,0.0,0.0,0.0,0.0,0.0,0.0,0.0,2211.0,nan,nan,nan,,nan,nan,nan,nan,nan,nan,nan,,,,nan,nan,nan,nan,nan,nan,nan,nan,nan,nan,nan,nan,,nan,nan,,,nan,nan,0.5468000173568726,nan,nan,0.5995000004768372,nan,nan,0.6179999709129333,nan,nan,0.5388000011444092,nan,nan,0.5569999814033508,nan,nan,7.615503272973001e-05,nan,nan,47.61,nan,1510.0,nan,,nan,nan,nan,,nan,,,,
0.0,0.0,0.0,0.0,0.0,0.0,0.0,0.0,674.0,0.0,0.0,0.0,0.0,0.0,0.0,0.0,674.0,2222.0,0.0,0.0,0.0,0.0,0.0,0.0,0.0,5.0,0.0,0.0,0.0,0.0,0.0,0.0,0.0,2227.0,nan,nan,nan,,nan,nan,nan,nan,nan,nan,nan,,,,nan,nan,nan,nan,nan,nan,nan,nan,nan,nan,nan,nan,,nan,nan,,,nan,nan,0.5468000173568726,nan,nan,0.5995000004768372,nan,nan,0.6179999709129333,nan,nan,0.5383999943733215,nan,nan,0.5566999912261963,nan,nan,7.624497084179893e-05,nan,nan,47.61,nan,1515.0,nan,,nan,nan,nan,,nan,,,,
0.0,0.0,0.0,0.0,0.0,0.0,0.0,0.0,673.0,0.0,0.0,0.0,0.0,0.0,0.0,0.0,673.0,2209.0,0.0,0.0,0.0,0.0,0.0,0.0,0.0,16.0,0.0,0.0,0.0,0.0,0.0,0.0,0.0,2225.0,nan,nan,nan,,nan,nan,nan,nan,nan,nan,nan,,,,nan,nan,nan,nan,nan,nan,nan,nan,nan,nan,nan,nan,,nan,nan,,,nan,nan,0.5464000105857849,nan,nan,0.5993000268936157,nan,nan,0.6179999709129333,nan,nan,0.5383999943733215,nan,nan,0.5566999912261963,nan,nan,7.620002725161612e-05,nan,nan,47.61,nan,1520.0,nan,,nan,nan,nan,,nan,,,,
0.0,0.0,0.0,0.0,0.0,0.0,0.0,0.0,637.0,0.0,0.0,0.0,0.0,0.0,0.0,0.0,637.0,2254.0,0.0,0.0,0.0,0.0,0.0,0.0,0.0,11.0,0.0,0.0,0.0,0.0,0.0,0.0,0.0,2265.0,nan,nan,nan,,nan,nan,nan,nan,nan,nan,nan,,,,nan,nan,nan,nan,nan,nan,nan,nan,nan,nan,nan,nan,,nan,nan,,,nan,nan,0.5464000105857849,nan,nan,0.5993000268936157,nan,nan,0.6179999709129333,nan,nan,0.5383999943733215,nan,nan,0.5566999912261963,nan,nan,7.615503272973001e-05,nan,nan,47.61,nan,1525.0,nan,,nan,nan,nan,,nan,,,,
0.0,0.0,0.0,0.0,0.0,0.0,0.0,0.0,647.0,0.0,0.0,0.0,0.0,0.0,0.0,0.0,647.0,2167.0,0.0,0.0,0.0,0.0,0.0,0.0,0.0,15.0,0.0,0.0,0.0,0.0,0.0,0.0,0.0,2182.0,nan,nan,nan,,nan,nan,nan,nan,nan,nan,nan,,,,nan,nan,nan,nan,nan,nan,nan,nan,nan,nan,nan,nan,,nan,nan,,,nan,nan,0.5464000105857849,nan,nan,0.5993000268936157,nan,nan,0.6179999709129333,nan,nan,0.5383999943733215,nan,nan,0.5566999912261963,nan,nan,7.585834828205407e-05,nan,nan,47.61,nan,1530.0,nan,,nan,nan,nan,,nan,,,,
0.0,0.0,0.0,0.0,0.0,0.0,0.0,0.0,646.0,0.0,0.0,0.0,0.0,0.0,0.0,0.0,646.0,2087.0,0.0,0.0,0.0,0.0,0.0,0.0,0.0,17.0,0.0,0.0,0.0,0.0,0.0,0.0,0.0,2104.0,nan,nan,nan,,nan,nan,nan,nan,nan,nan,nan,,,,nan,nan,nan,nan,nan,nan,nan,nan,nan,nan,nan,nan,,nan,nan,,,nan,nan,0.5464000105857849,nan,nan,0.5993000268936157,nan,nan,0.6179999709129333,nan,nan,0.5386000275611877,nan,nan,0.5569000244140625,nan,nan,7.667686440981925e-05,nan,nan,47.61,nan,1535.0,nan,,nan,nan,nan,,nan,,,,
0.0,0.0,0.0,0.0,0.0,0.0,0.0,0.0,674.0,0.0,0.0,0.0,0.0,0.0,0.0,0.0,674.0,2246.0,0.0,0.0,0.0,0.0,0.0,0.0,0.0,9.0,0.0,0.0,0.0,0.0,0.0,0.0,0.0,2255.0,nan,nan,nan,,nan,nan,nan,nan,nan,nan,nan,,,,nan,nan,nan,nan,nan,nan,nan,nan,nan,nan,nan,nan,,nan,nan,,,nan,nan,0.546500027179718,nan,nan,0.599399983882904,nan,nan,0.6179999709129333,nan,nan,0.5383999943733215,nan,nan,0.5566999912261963,nan,nan,7.624497084179893e-05,nan,nan,47.61,nan,1540.0,nan,,nan,nan,nan,,nan,,,,
0.0,0.0,0.0,0.0,0.0,0.0,0.0,0.0,663.0,0.0,0.0,0.0,0.0,0.0,0.0,0.0,663.0,2135.0,0.0,0.0,0.0,0.0,0.0,0.0,0.0,13.0,0.0,0.0,0.0,0.0,0.0,0.0,0.0,2148.0,nan,nan,nan,,nan,nan,nan,nan,nan,nan,nan,,,,nan,nan,nan,nan,nan,nan,nan,nan,nan,nan,nan,nan,,nan,nan,,,nan,nan,0.546500027179718,nan,nan,0.599399983882904,nan,nan,0.6179999709129333,nan,nan,0.5386999845504761,nan,nan,0.5569000244140625,nan,nan,7.624497084179893e-05,nan,nan,47.61,nan,1545.0,nan,,nan,nan,nan,,nan,,,,
0.0,0.0,0.0,0.0,0.0,0.0,0.0,0.0,674.0,0.0,0.0,0.0,0.0,0.0,0.0,0.0,674.0,2092.0,0.0,0.0,0.0,0.0,0.0,0.0,0.0,14.0,0.0,0.0,0.0,0.0,0.0,0.0,0.0,2106.0,nan,nan,nan,,nan,nan,nan,nan,nan,nan,nan,,,,nan,nan,nan,nan,nan,nan,nan,nan,nan,nan,nan,nan,,nan,nan,,,nan,nan,0.546500027179718,nan,nan,0.599399983882904,nan,nan,0.6179999709129333,nan,nan,0.5382999777793884,nan,nan,0.5566999912261963,nan,nan,7.620002725161612e-05,nan,nan,47.61,nan,1550.0,nan,,nan,nan,nan,,nan,,,,
0.0,0.0,0.0,0.0,0.0,0.0,0.0,0.0,646.0,0.0,0.0,0.0,0.0,0.0,0.0,0.0,646.0,2110.0,0.0,0.0,0.0,0.0,0.0,0.0,0.0,14.0,0.0,0.0,0.0,0.0,0.0,0.0,0.0,2124.0,nan,nan,nan,,nan,nan,nan,nan,nan,nan,nan,,,,nan,nan,nan,nan,nan,nan,nan,nan,nan,nan,nan,nan,,nan,nan,,,nan,nan,0.546500027179718,nan,nan,0.599399983882904,nan,nan,0.6179999709129333,nan,nan,0.5386999845504761,nan,nan,0.5569000244140625,nan,nan,7.624497084179893e-05,nan,nan,47.61,nan,1555.0,nan,,nan,nan,nan,,nan,,,,
0.0,0.0,0.0,0.0,0.0,0.0,0.0,0.0,670.0,0.0,0.0,0.0,0.0,0.0,0.0,0.0,670.0,2124.0,0.0,0.0,0.0,0.0,0.0,0.0,0.0,6.0,0.0,0.0,0.0,0.0,0.0,0.0,0.0,2130.0,nan,nan,nan,,nan,nan,nan,nan,nan,nan,nan,,,,nan,nan,nan,nan,nan,nan,nan,nan,nan,nan,nan,nan,,nan,nan,,,nan,nan,0.5465999841690063,nan,nan,0.5995000004768372,nan,nan,0.6179999709129333,nan,nan,0.5386999845504761,nan,nan,0.5569000244140625,nan,nan,7.606519648106769e-05,nan,nan,47.61,nan,1560.0,nan,,nan,nan,nan,,nan,,,,
0.0,0.0,0.0,0.0,0.0,0.0,0.0,0.0,671.0,0.0,0.0,0.0,0.0,0.0,0.0,0.0,671.0,2127.0,0.0,0.0,0.0,0.0,0.0,0.0,0.0,7.0,0.0,0.0,0.0,0.0,0.0,0.0,0.0,2134.0,nan,nan,nan,,nan,nan,nan,nan,nan,nan,nan,,,,nan,nan,nan,nan,nan,nan,nan,nan,nan,nan,nan,nan,,nan,nan,,,nan,nan,0.5465999841690063,nan,nan,0.5995000004768372,nan,nan,0.6179999709129333,nan,nan,0.5386999845504761,nan,nan,0.5569000244140625,nan,nan,7.548340363427997e-05,nan,nan,47.61,nan,1565.0,nan,,nan,nan,nan,,nan,,,,
0.0,0.0,0.0,0.0,0.0,0.0,0.0,0.0,639.0,0.0,0.0,0.0,0.0,0.0,0.0,0.0,639.0,2216.0,0.0,0.0,0.0,0.0,0.0,0.0,0.0,13.0,0.0,0.0,0.0,0.0,0.0,0.0,0.0,2229.0,nan,nan,nan,,nan,nan,nan,nan,nan,nan,nan,,,,nan,nan,nan,nan,nan,nan,nan,nan,nan,nan,nan,nan,,nan,nan,,,nan,nan,0.5465999841690063,nan,nan,0.5995000004768372,nan,nan,0.6179999709129333,nan,nan,0.5386999845504761,nan,nan,0.5569000244140625,nan,nan,3.7536876334343106e-05,nan,nan,47.61,nan,1570.0,nan,,nan,nan,nan,,nan,,,,
0.0,0.0,0.0,0.0,0.0,0.0,0.0,0.0,664.0,0.0,0.0,0.0,0.0,0.0,0.0,0.0,664.0,2141.0,0.0,0.0,0.0,0.0,0.0,0.0,0.0,14.0,0.0,0.0,0.0,0.0,0.0,0.0,0.0,2155.0,nan,nan,nan,,nan,nan,nan,nan,nan,nan,nan,,,,nan,nan,nan,nan,nan,nan,nan,nan,nan,nan,nan,nan,,nan,nan,,,nan,nan,0.5465999841690063,nan,nan,0.5995000004768372,nan,nan,0.6179999709129333,nan,nan,0.5386999845504761,nan,nan,0.5569000244140625,nan,nan,3.733788980753161e-05,nan,nan,47.55,nan,1575.0,nan,,nan,nan,nan,,nan,,,,
0.0,0.0,0.0,0.0,0.0,0.0,0.0,0.0,641.0,0.0,0.0,0.0,0.0,0.0,0.0,0.0,641.0,2117.0,0.0,0.0,0.0,0.0,0.0,0.0,0.0,17.0,0.0,0.0,0.0,0.0,0.0,0.0,0.0,2134.0,nan,nan,nan,,nan,nan,nan,nan,nan,nan,nan,,,,nan,nan,nan,nan,nan,nan,nan,nan,nan,nan,nan,nan,,nan,nan,,,nan,nan,0.5424000024795532,nan,nan,0.5938000082969666,nan,nan,0.6035000085830688,nan,nan,0.5371999740600586,nan,nan,0.5547000169754028,nan,nan,3.724973066709936e-05,nan,nan,47.55,nan,1580.0,nan,,nan,nan,nan,,nan,,,,
0.0,0.0,0.0,0.0,0.0,0.0,0.0,0.0,646.0,0.0,0.0,0.0,0.0,0.0,0.0,0.0,646.0,2071.0,0.0,0.0,0.0,0.0,0.0,0.0,0.0,10.0,0.0,0.0,0.0,0.0,0.0,0.0,0.0,2081.0,nan,nan,nan,,nan,nan,nan,nan,nan,nan,nan,,,,nan,nan,nan,nan,nan,nan,nan,nan,nan,nan,nan,nan,,nan,nan,,,nan,nan,0.5424000024795532,nan,nan,0.5938000082969666,nan,nan,0.6035000085830688,nan,nan,0.5371999740600586,nan,nan,0.5547000169754028,nan,nan,3.711806493811309e-05,nan,nan,47.55,nan,1585.0,nan,,nan,nan,nan,,nan,,,,
0.0,0.0,0.0,0.0,0.0,0.0,0.0,0.0,658.0,0.0,0.0,0.0,0.0,0.0,0.0,0.0,658.0,2194.0,0.0,0.0,0.0,0.0,0.0,0.0,0.0,13.0,0.0,0.0,0.0,0.0,0.0,0.0,0.0,2207.0,nan,nan,nan,,nan,nan,nan,nan,nan,nan,nan,,,,nan,nan,nan,nan,nan,nan,nan,nan,nan,nan,nan,nan,,nan,nan,,,nan,nan,0.5424000024795532,nan,nan,0.5938000082969666,nan,nan,0.6035000085830688,nan,nan,0.5371999740600586,nan,nan,0.5547000169754028,nan,nan,3.705234485096298e-05,nan,nan,47.55,nan,1590.0,nan,,nan,nan,nan,,nan,,,,
0.0,0.0,0.0,0.0,0.0,0.0,0.0,0.0,673.0,0.0,0.0,0.0,0.0,0.0,0.0,0.0,673.0,2124.0,0.0,0.0,0.0,0.0,0.0,0.0,0.0,15.0,0.0,0.0,0.0,0.0,0.0,0.0,0.0,2139.0,nan,nan,nan,,nan,nan,nan,nan,nan,nan,nan,,,,nan,nan,nan,nan,nan,nan,nan,nan,nan,nan,nan,nan,,nan,nan,,,nan,nan,0.5424000024795532,nan,nan,0.5938000082969666,nan,nan,0.6035000085830688,nan,nan,0.5371999740600586,nan,nan,0.5547000169754028,nan,nan,3.6986744817113504e-05,nan,nan,47.55,nan,1595.0,nan,,nan,nan,nan,,nan,,,,
0.0,0.0,0.0,0.0,0.0,0.0,0.0,0.0,667.0,0.0,0.0,0.0,0.0,0.0,0.0,0.0,667.0,2142.0,0.0,0.0,0.0,0.0,0.0,0.0,0.0,10.0,0.0,0.0,0.0,0.0,0.0,0.0,0.0,2152.0,nan,nan,nan,,nan,nan,nan,nan,nan,nan,nan,,,,nan,nan,nan,nan,nan,nan,nan,nan,nan,nan,nan,nan,,nan,nan,,,nan,nan,0.5419999957084656,nan,nan,0.593500018119812,nan,nan,0.5972999930381775,nan,nan,0.5371000170707703,nan,nan,0.5546000003814697,nan,nan,3.694311453728005e-05,nan,nan,47.55,nan,1600.0,nan,,nan,nan,nan,,nan,,,,
0.0,0.0,0.0,0.0,0.0,0.0,0.0,0.0,672.0,0.0,0.0,0.0,0.0,0.0,0.0,0.0,672.0,2157.0,0.0,0.0,0.0,0.0,0.0,0.0,0.0,10.0,0.0,0.0,0.0,0.0,0.0,0.0,0.0,2167.0,nan,nan,nan,,nan,nan,nan,nan,nan,nan,nan,,,,nan,nan,nan,nan,nan,nan,nan,nan,nan,nan,nan,nan,,nan,nan,,,nan,nan,0.5419999957084656,nan,nan,0.593500018119812,nan,nan,0.5972999930381775,nan,nan,0.5371000170707703,nan,nan,0.5546000003814697,nan,nan,3.685592673718929e-05,nan,nan,47.55,nan,1605.0,nan,,nan,nan,nan,,nan,,,,
0.0,0.0,0.0,0.0,0.0,0.0,0.0,0.0,665.0,0.0,0.0,0.0,0.0,0.0,0.0,0.0,665.0,2210.0,0.0,0.0,0.0,0.0,0.0,0.0,0.0,10.0,0.0,0.0,0.0,0.0,0.0,0.0,0.0,2220.0,nan,nan,nan,,nan,nan,nan,nan,nan,nan,nan,,,,nan,nan,nan,nan,nan,nan,nan,nan,nan,nan,nan,nan,,nan,nan,,,nan,nan,0.5419999957084656,nan,nan,0.593500018119812,nan,nan,0.5972999930381775,nan,nan,0.5371000170707703,nan,nan,0.5544999837875366,nan,nan,3.685592673718929e-05,nan,nan,47.55,nan,1610.0,nan,,nan,nan,nan,,nan,,,,
0.0,0.0,0.0,0.0,0.0,0.0,0.0,0.0,645.0,0.0,0.0,0.0,0.0,0.0,0.0,0.0,645.0,2096.0,0.0,0.0,0.0,0.0,0.0,0.0,0.0,11.0,0.0,0.0,0.0,0.0,0.0,0.0,0.0,2107.0,nan,nan,nan,,nan,nan,nan,nan,nan,nan,nan,,,,nan,nan,nan,nan,nan,nan,nan,nan,nan,nan,nan,nan,,nan,nan,,,nan,nan,0.5419999957084656,nan,nan,0.593500018119812,nan,nan,0.5972999930381775,nan,nan,0.536899983882904,nan,nan,0.5544999837875366,nan,nan,3.681245289044455e-05,nan,nan,47.55,nan,1615.0,nan,,nan,nan,nan,,nan,,,,
0.0,0.0,0.0,0.0,0.0,0.0,0.0,0.0,674.0,0.0,0.0,0.0,0.0,0.0,0.0,0.0,674.0,2233.0,0.0,0.0,0.0,0.0,0.0,0.0,0.0,13.0,0.0,0.0,0.0,0.0,0.0,0.0,0.0,2246.0,nan,nan,nan,,nan,nan,nan,nan,nan,nan,nan,,,,nan,nan,nan,nan,nan,nan,nan,nan,nan,nan,nan,nan,,nan,nan,,,nan,nan,0.5415999889373779,nan,nan,0.593500018119812,nan,nan,0.5952000021934509,nan,nan,0.536899983882904,nan,nan,0.5544000267982483,nan,nan,3.679071232909337e-05,nan,nan,47.55,nan,1620.0,nan,,nan,nan,nan,,nan,,,,
0.0,0.0,0.0,0.0,0.0,0.0,0.0,0.0,700.0,0.0,0.0,0.0,0.0,0.0,0.0,0.0,700.0,2234.0,0.0,0.0,0.0,0.0,0.0,0.0,0.0,15.0,0.0,0.0,0.0,0.0,0.0,0.0,0.0,2249.0,nan,nan,nan,,nan,nan,nan,nan,nan,nan,nan,,,,nan,nan,nan,nan,nan,nan,nan,nan,nan,nan,nan,nan,,nan,nan,,,nan,nan,0.5415999889373779,nan,nan,0.593500018119812,nan,nan,0.5952000021934509,nan,nan,0.5365999937057495,nan,nan,0.5543000102043152,nan,nan,3.674727486213669e-05,nan,nan,47.55,nan,1625.0,nan,,nan,nan,nan,,nan,,,,
0.0,0.0,0.0,0.0,0.0,0.0,0.0,0.0,699.0,0.0,0.0,0.0,0.0,0.0,0.0,0.0,699.0,2080.0,0.0,0.0,0.0,0.0,0.0,0.0,0.0,11.0,0.0,0.0,0.0,0.0,0.0,0.0,0.0,2091.0,nan,nan,nan,,nan,nan,nan,nan,nan,nan,nan,,,,nan,nan,nan,nan,nan,nan,nan,nan,nan,nan,nan,nan,,nan,nan,,,nan,nan,0.5415999889373779,nan,nan,0.593500018119812,nan,nan,0.5952000021934509,nan,nan,0.5365999937057495,nan,nan,0.5543000102043152,nan,nan,3.674727486213669e-05,nan,nan,47.55,nan,1630.0,nan,,nan,nan,nan,,nan,,,,
0.0,0.0,0.0,0.0,0.0,0.0,0.0,0.0,702.0,0.0,0.0,0.0,0.0,0.0,0.0,0.0,702.0,2232.0,0.0,0.0,0.0,0.0,0.0,0.0,0.0,13.0,0.0,0.0,0.0,0.0,0.0,0.0,0.0,2245.0,nan,nan,nan,,nan,nan,nan,nan,nan,nan,nan,,,,nan,nan,nan,nan,nan,nan,nan,nan,nan,nan,nan,nan,,nan,nan,,,nan,nan,0.5415999889373779,nan,nan,0.593500018119812,nan,nan,0.5952000021934509,nan,nan,0.5365999937057495,nan,nan,0.5543000102043152,nan,nan,3.674727486213669e-05,nan,nan,47.55,nan,1635.0,nan,,nan,nan,nan,,nan,,,,
0.0,0.0,0.0,0.0,0.0,0.0,0.0,0.0,683.0,0.0,0.0,0.0,0.0,0.0,0.0,0.0,683.0,2153.0,0.0,0.0,0.0,0.0,0.0,0.0,0.0,11.0,0.0,0.0,0.0,0.0,0.0,0.0,0.0,2164.0,nan,nan,nan,,nan,nan,nan,nan,nan,nan,nan,,,,nan,nan,nan,nan,nan,nan,nan,nan,nan,nan,nan,nan,,nan,nan,,,nan,nan,0.5418000221252441,nan,nan,0.5934000015258789,nan,nan,0.5940999984741211,nan,nan,0.5372999906539917,nan,nan,0.5546000003814697,nan,nan,3.679071232909337e-05,nan,nan,47.55,nan,1640.0,nan,,nan,nan,nan,,nan,,,,
0.0,0.0,0.0,0.0,0.0,0.0,0.0,0.0,675.0,0.0,0.0,0.0,0.0,0.0,0.0,0.0,675.0,2044.0,0.0,0.0,0.0,0.0,0.0,0.0,0.0,13.0,0.0,0.0,0.0,0.0,0.0,0.0,0.0,2057.0,nan,nan,nan,,nan,nan,nan,nan,nan,nan,nan,,,,nan,nan,nan,nan,nan,nan,nan,nan,nan,nan,nan,nan,,nan,nan,,,nan,nan,0.5418000221252441,nan,nan,0.5934000015258789,nan,nan,0.5940999984741211,nan,nan,0.5372999906539917,nan,nan,0.5546000003814697,nan,nan,3.694234328577295e-05,nan,nan,47.55,nan,1645.0,nan,,nan,nan,nan,,nan,,,,
0.0,0.0,0.0,0.0,0.0,0.0,0.0,0.0,713.0,0.0,0.0,0.0,0.0,0.0,0.0,0.0,713.0,2156.0,0.0,0.0,0.0,0.0,0.0,0.0,0.0,9.0,0.0,0.0,0.0,0.0,0.0,0.0,0.0,2165.0,nan,nan,nan,,nan,nan,nan,nan,nan,nan,nan,,,,nan,nan,nan,nan,nan,nan,nan,nan,nan,nan,nan,nan,,nan,nan,,,nan,nan,0.5418000221252441,nan,nan,0.5934000015258789,nan,nan,0.5940999984741211,nan,nan,0.5372999906539917,nan,nan,0.5546000003814697,nan,nan,3.674727486213669e-05,nan,nan,47.55,nan,1650.0,nan,,nan,nan,nan,,nan,,,,
0.0,0.0,0.0,0.0,0.0,0.0,0.0,0.0,677.0,0.0,0.0,0.0,0.0,0.0,0.0,0.0,677.0,2115.0,0.0,0.0,0.0,0.0,0.0,0.0,0.0,15.0,0.0,0.0,0.0,0.0,0.0,0.0,0.0,2130.0,nan,nan,nan,,nan,nan,nan,nan,nan,nan,nan,,,,nan,nan,nan,nan,nan,nan,nan,nan,nan,nan,nan,nan,,nan,nan,,,nan,nan,0.5418000221252441,nan,nan,0.5934000015258789,nan,nan,0.5940999984741211,nan,nan,0.5372999906539917,nan,nan,0.5546000003814697,nan,nan,3.676894630189054e-05,nan,nan,47.55,nan,1655.0,nan,,nan,nan,nan,,nan,,,,
0.0,0.0,0.0,0.0,0.0,0.0,0.0,0.0,628.0,0.0,0.0,0.0,0.0,0.0,0.0,0.0,628.0,2177.0,0.0,0.0,0.0,0.0,0.0,0.0,0.0,8.0,0.0,0.0,0.0,0.0,0.0,0.0,0.0,2185.0,nan,nan,nan,,nan,nan,nan,nan,nan,nan,nan,,,,nan,nan,nan,nan,nan,nan,nan,nan,nan,nan,nan,nan,,nan,nan,,,nan,nan,0.5418000221252441,nan,nan,0.5934000015258789,nan,nan,0.5935999751091003,nan,nan,0.5374000072479248,nan,nan,0.5546000003814697,nan,nan,3.674727486213669e-05,nan,nan,47.55,nan,1660.0,nan,,nan,nan,nan,,nan,,,,
0.0,0.0,0.0,0.0,0.0,0.0,0.0,0.0,653.0,0.0,0.0,0.0,0.0,0.0,0.0,0.0,653.0,2188.0,0.0,0.0,0.0,0.0,0.0,0.0,0.0,8.0,0.0,0.0,0.0,0.0,0.0,0.0,0.0,2196.0,nan,nan,nan,,nan,nan,nan,nan,nan,nan,nan,,,,nan,nan,nan,nan,nan,nan,nan,nan,nan,nan,nan,nan,,nan,nan,,,nan,nan,0.5418000221252441,nan,nan,0.5934000015258789,nan,nan,0.5935999751091003,nan,nan,0.5374000072479248,nan,nan,0.5546000003814697,nan,nan,3.674727486213669e-05,nan,nan,47.55,nan,1665.0,nan,,nan,nan,nan,,nan,,,,
0.0,0.0,0.0,0.0,0.0,0.0,0.0,0.0,711.0,0.0,0.0,0.0,0.0,0.0,0.0,0.0,711.0,2105.0,0.0,0.0,0.0,0.0,0.0,0.0,0.0,15.0,0.0,0.0,0.0,0.0,0.0,0.0,0.0,2120.0,nan,nan,nan,,nan,nan,nan,nan,nan,nan,nan,,,,nan,nan,nan,nan,nan,nan,nan,nan,nan,nan,nan,nan,,nan,nan,,,nan,nan,0.5418000221252441,nan,nan,0.5934000015258789,nan,nan,0.5935999751091003,nan,nan,0.5374000072479248,nan,nan,0.5546000003814697,nan,nan,3.666054908535443e-05,nan,nan,47.55,nan,1670.0,nan,,nan,nan,nan,,nan,,,,
0.0,0.0,0.0,0.0,0.0,0.0,0.0,0.0,683.0,0.0,0.0,0.0,0.0,0.0,0.0,0.0,683.0,2178.0,0.0,0.0,0.0,0.0,0.0,0.0,0.0,10.0,0.0,0.0,0.0,0.0,0.0,0.0,0.0,2188.0,nan,nan,nan,,nan,nan,nan,nan,nan,nan,nan,,,,nan,nan,nan,nan,nan,nan,nan,nan,nan,nan,nan,nan,,nan,nan,,,nan,nan,0.5418000221252441,nan,nan,0.5934000015258789,nan,nan,0.5935999751091003,nan,nan,0.5374000072479248,nan,nan,0.5546000003814697,nan,nan,3.666054908535443e-05,nan,nan,47.55,nan,1675.0,nan,,nan,nan,nan,,nan,,,,
0.0,0.0,0.0,0.0,0.0,0.0,0.0,0.0,715.0,0.0,0.0,0.0,0.0,0.0,0.0,0.0,715.0,2155.0,0.0,0.0,0.0,0.0,0.0,0.0,0.0,16.0,0.0,0.0,0.0,0.0,0.0,0.0,0.0,2171.0,nan,nan,nan,,nan,nan,nan,nan,nan,nan,nan,,,,nan,nan,nan,nan,nan,nan,nan,nan,nan,nan,nan,nan,,nan,nan,,,nan,nan,0.5410000085830688,nan,nan,0.5931000113487244,nan,nan,0.5931000113487244,nan,nan,0.5365999937057495,nan,nan,0.5541999936103821,nan,nan,3.694234328577295e-05,nan,nan,47.55,nan,1680.0,nan,,nan,nan,nan,,nan,,,,
0.0,0.0,0.0,0.0,0.0,0.0,0.0,0.0,631.0,0.0,0.0,0.0,0.0,0.0,0.0,0.0,631.0,2212.0,0.0,0.0,0.0,0.0,0.0,0.0,0.0,15.0,0.0,0.0,0.0,0.0,0.0,0.0,0.0,2227.0,nan,nan,nan,,nan,nan,nan,nan,nan,nan,nan,,,,nan,nan,nan,nan,nan,nan,nan,nan,nan,nan,nan,nan,,nan,nan,,,nan,nan,0.5410000085830688,nan,nan,0.5931000113487244,nan,nan,0.5931000113487244,nan,nan,0.5371000170707703,nan,nan,0.5544999837875366,nan,nan,3.672557431855239e-05,nan,nan,47.55,nan,1685.0,nan,,nan,nan,nan,,nan,,,,
0.0,0.0,0.0,0.0,0.0,0.0,0.0,0.0,696.0,0.0,0.0,0.0,0.0,0.0,0.0,0.0,696.0,2123.0,0.0,0.0,0.0,0.0,0.0,0.0,0.0,11.0,0.0,0.0,0.0,0.0,0.0,0.0,0.0,2134.0,nan,nan,nan,,nan,nan,nan,nan,nan,nan,nan,,,,nan,nan,nan,nan,nan,nan,nan,nan,nan,nan,nan,nan,,nan,nan,,,nan,nan,0.5410000085830688,nan,nan,0.5931000113487244,nan,nan,0.5931000113487244,nan,nan,0.5371000170707703,nan,nan,0.5544999837875366,nan,nan,3.672557431855239e-05,nan,nan,47.55,nan,1690.0,nan,,nan,nan,nan,,nan,,,,
0.0,0.0,0.0,0.0,0.0,0.0,0.0,0.0,679.0,0.0,0.0,0.0,0.0,0.0,0.0,0.0,679.0,2082.0,0.0,0.0,0.0,0.0,0.0,0.0,0.0,13.0,0.0,0.0,0.0,0.0,0.0,0.0,0.0,2095.0,nan,nan,nan,,nan,nan,nan,nan,nan,nan,nan,,,,nan,nan,nan,nan,nan,nan,nan,nan,nan,nan,nan,nan,,nan,nan,,,nan,nan,0.5410000085830688,nan,nan,0.5931000113487244,nan,nan,0.5931000113487244,nan,nan,0.5367000102996826,nan,nan,0.5543000102043152,nan,nan,3.6530527722788975e-05,nan,nan,47.55,nan,1695.0,nan,,nan,nan,nan,,nan,,,,
0.0,0.0,0.0,0.0,0.0,0.0,0.0,0.0,702.0,0.0,0.0,0.0,0.0,0.0,0.0,0.0,702.0,2169.0,0.0,0.0,0.0,0.0,0.0,0.0,0.0,18.0,0.0,0.0,0.0,0.0,0.0,0.0,0.0,2187.0,nan,nan,nan,,nan,nan,nan,nan,nan,nan,nan,,,,nan,nan,nan,nan,nan,nan,nan,nan,nan,nan,nan,nan,,nan,nan,,,nan,nan,0.5414000153541565,nan,nan,0.5932000279426575,nan,nan,0.5927000045776367,nan,nan,0.5368000268936157,nan,nan,0.5543000102043152,nan,nan,3.694234328577295e-05,nan,nan,47.55,nan,1700.0,nan,,nan,nan,nan,,nan,,,,
0.0,0.0,0.0,0.0,0.0,0.0,0.0,0.0,700.0,0.0,0.0,0.0,0.0,0.0,0.0,0.0,700.0,2252.0,0.0,0.0,0.0,0.0,0.0,0.0,0.0,18.0,0.0,0.0,0.0,0.0,0.0,0.0,0.0,2270.0,nan,nan,nan,,nan,nan,nan,nan,nan,nan,nan,,,,nan,nan,nan,nan,nan,nan,nan,nan,nan,nan,nan,nan,,nan,nan,,,nan,nan,0.5414000153541565,nan,nan,0.5932000279426575,nan,nan,0.5927000045776367,nan,nan,0.5368000268936157,nan,nan,0.5543000102043152,nan,nan,3.681245289044455e-05,nan,nan,47.55,nan,1705.0,nan,,nan,nan,nan,,nan,,,,
0.0,0.0,0.0,0.0,0.0,0.0,0.0,0.0,692.0,0.0,0.0,0.0,0.0,0.0,0.0,0.0,692.0,2163.0,0.0,0.0,0.0,0.0,0.0,0.0,0.0,9.0,0.0,0.0,0.0,0.0,0.0,0.0,0.0,2172.0,nan,nan,nan,,nan,nan,nan,nan,nan,nan,nan,,,,nan,nan,nan,nan,nan,nan,nan,nan,nan,nan,nan,nan,,nan,nan,,,nan,nan,0.5414000153541565,nan,nan,0.5932000279426575,nan,nan,0.5927000045776367,nan,nan,0.5368000268936157,nan,nan,0.5543000102043152,nan,nan,3.672557431855239e-05,nan,nan,47.55,nan,1710.0,nan,,nan,nan,nan,,nan,,,,
0.0,0.0,0.0,0.0,0.0,0.0,0.0,0.0,679.0,0.0,0.0,0.0,0.0,0.0,0.0,0.0,679.0,2187.0,0.0,0.0,0.0,0.0,0.0,0.0,0.0,10.0,0.0,0.0,0.0,0.0,0.0,0.0,0.0,2197.0,nan,nan,nan,,nan,nan,nan,nan,nan,nan,nan,,,,nan,nan,nan,nan,nan,nan,nan,nan,nan,nan,nan,nan,,nan,nan,,,nan,nan,0.5414000153541565,nan,nan,0.5932000279426575,nan,nan,0.5927000045776367,nan,nan,0.5368000268936157,nan,nan,0.5543000102043152,nan,nan,3.679071232909337e-05,nan,nan,47.55,nan,1715.0,nan,,nan,nan,nan,,nan,,,,
0.0,0.0,0.0,0.0,0.0,0.0,0.0,0.0,685.0,0.0,0.0,0.0,0.0,0.0,0.0,0.0,685.0,2105.0,0.0,0.0,0.0,0.0,0.0,0.0,0.0,10.0,0.0,0.0,0.0,0.0,0.0,0.0,0.0,2115.0,nan,nan,nan,,nan,nan,nan,nan,nan,nan,nan,,,,nan,nan,nan,nan,nan,nan,nan,nan,nan,nan,nan,nan,,nan,nan,,,nan,nan,0.5411999821662903,nan,nan,0.5929999947547913,nan,nan,0.5924999713897705,nan,nan,0.5364000201225281,nan,nan,0.554099977016449,nan,nan,3.681245289044455e-05,nan,nan,47.55,nan,1720.0,nan,,nan,nan,nan,,nan,,,,
0.0,0.0,0.0,0.0,0.0,0.0,0.0,0.0,655.0,0.0,0.0,0.0,0.0,0.0,0.0,0.0,655.0,2065.0,0.0,0.0,0.0,0.0,0.0,0.0,0.0,14.0,0.0,0.0,0.0,0.0,0.0,0.0,0.0,2079.0,nan,nan,nan,,nan,nan,nan,nan,nan,nan,nan,,,,nan,nan,nan,nan,nan,nan,nan,nan,nan,nan,nan,nan,,nan,nan,,,nan,nan,0.5411999821662903,nan,nan,0.5929999947547913,nan,nan,0.5924999713897705,nan,nan,0.5364000201225281,nan,nan,0.554099977016449,nan,nan,3.685592673718929e-05,nan,nan,47.55,nan,1725.0,nan,,nan,nan,nan,,nan,,,,
0.0,0.0,0.0,0.0,0.0,0.0,0.0,0.0,668.0,0.0,0.0,0.0,0.0,0.0,0.0,0.0,668.0,2173.0,0.0,0.0,0.0,0.0,0.0,0.0,0.0,16.0,0.0,0.0,0.0,0.0,0.0,0.0,0.0,2189.0,nan,nan,nan,,nan,nan,nan,nan,nan,nan,nan,,,,nan,nan,nan,nan,nan,nan,nan,nan,nan,nan,nan,nan,,nan,nan,,,nan,nan,0.5411999821662903,nan,nan,0.5929999947547913,nan,nan,0.5924999713897705,nan,nan,0.5364000201225281,nan,nan,0.554099977016449,nan,nan,3.679071232909337e-05,nan,nan,47.55,nan,1730.0,nan,,nan,nan,nan,,nan,,,,
0.0,0.0,0.0,0.0,0.0,0.0,0.0,0.0,730.0,0.0,0.0,0.0,0.0,0.0,0.0,0.0,730.0,2152.0,0.0,0.0,0.0,0.0,0.0,0.0,0.0,12.0,0.0,0.0,0.0,0.0,0.0,0.0,0.0,2164.0,nan,nan,nan,,nan,nan,nan,nan,nan,nan,nan,,,,nan,nan,nan,nan,nan,nan,nan,nan,nan,nan,nan,nan,,nan,nan,,,nan,nan,0.5411999821662903,nan,nan,0.5929999947547913,nan,nan,0.5924999713897705,nan,nan,0.5364000201225281,nan,nan,0.554099977016449,nan,nan,3.681245289044455e-05,nan,nan,47.55,nan,1735.0,nan,,nan,nan,nan,,nan,,,,
0.0,0.0,0.0,0.0,0.0,0.0,0.0,0.0,669.0,0.0,0.0,0.0,0.0,0.0,0.0,0.0,669.0,2153.0,0.0,0.0,0.0,0.0,0.0,0.0,0.0,12.0,0.0,0.0,0.0,0.0,0.0,0.0,0.0,2165.0,nan,nan,nan,,nan,nan,nan,nan,nan,nan,nan,,,,nan,nan,nan,nan,nan,nan,nan,nan,nan,nan,nan,nan,,nan,nan,,,nan,nan,0.5407999753952026,nan,nan,0.5929999947547913,nan,nan,0.5922999978065491,nan,nan,0.5360999703407288,nan,nan,0.5539000034332275,nan,nan,3.681245289044455e-05,nan,nan,47.55,nan,1740.0,nan,,nan,nan,nan,,nan,,,,
0.0,0.0,0.0,0.0,0.0,0.0,0.0,0.0,710.0,0.0,0.0,0.0,0.0,0.0,0.0,0.0,710.0,2188.0,0.0,0.0,0.0,0.0,0.0,0.0,0.0,8.0,0.0,0.0,0.0,0.0,0.0,0.0,0.0,2196.0,nan,nan,nan,,nan,nan,nan,nan,nan,nan,nan,,,,nan,nan,nan,nan,nan,nan,nan,nan,nan,nan,nan,nan,,nan,nan,,,nan,nan,0.5407999753952026,nan,nan,0.5929999947547913,nan,nan,0.5922999978065491,nan,nan,0.5360999703407288,nan,nan,0.5539000034332275,nan,nan,3.687774369609542e-05,nan,nan,47.55,nan,1745.0,nan,,nan,nan,nan,,nan,,,,
0.0,0.0,0.0,0.0,0.0,0.0,0.0,0.0,709.0,0.0,0.0,0.0,0.0,0.0,0.0,0.0,709.0,2130.0,0.0,0.0,0.0,0.0,0.0,0.0,0.0,10.0,0.0,0.0,0.0,0.0,0.0,0.0,0.0,2140.0,nan,nan,nan,,nan,nan,nan,nan,nan,nan,nan,,,,nan,nan,nan,nan,nan,nan,nan,nan,nan,nan,nan,nan,,nan,nan,,,nan,nan,0.5407999753952026,nan,nan,0.5929999947547913,nan,nan,0.5922999978065491,nan,nan,0.5360999703407288,nan,nan,0.5539000034332275,nan,nan,3.685592673718929e-05,nan,nan,47.55,nan,1750.0,nan,,nan,nan,nan,,nan,,,,
0.0,0.0,0.0,0.0,0.0,0.0,0.0,0.0,734.0,0.0,0.0,0.0,0.0,0.0,0.0,0.0,734.0,2070.0,0.0,0.0,0.0,0.0,0.0,0.0,0.0,16.0,0.0,0.0,0.0,0.0,0.0,0.0,0.0,2086.0,nan,nan,nan,,nan,nan,nan,nan,nan,nan,nan,,,,nan,nan,nan,nan,nan,nan,nan,nan,nan,nan,nan,nan,,nan,nan,,,nan,nan,0.5407999753952026,nan,nan,0.5929999947547913,nan,nan,0.5922999978065491,nan,nan,0.5360999703407288,nan,nan,0.5539000034332275,nan,nan,3.6899455153616145e-05,nan,nan,47.55,nan,1755.0,nan,,nan,nan,nan,,nan,,,,
0.0,0.0,0.0,0.0,0.0,0.0,0.0,0.0,735.0,0.0,0.0,0.0,0.0,0.0,0.0,0.0,735.0,2098.0,0.0,0.0,0.0,0.0,0.0,0.0,0.0,8.0,0.0,0.0,0.0,0.0,0.0,0.0,0.0,2106.0,nan,nan,nan,,nan,nan,nan,nan,nan,nan,nan,,,,nan,nan,nan,nan,nan,nan,nan,nan,nan,nan,nan,nan,,nan,nan,,,nan,nan,0.5411999821662903,nan,nan,0.5931000113487244,nan,nan,0.5921000242233276,nan,nan,0.536300003528595,nan,nan,0.5540000200271606,nan,nan,3.687774369609542e-05,nan,nan,47.55,nan,1760.0,nan,,nan,nan,nan,,nan,,,,
0.0,0.0,0.0,0.0,0.0,0.0,0.0,0.0,717.0,0.0,0.0,0.0,0.0,0.0,0.0,0.0,717.0,2135.0,0.0,0.0,0.0,0.0,0.0,0.0,0.0,11.0,0.0,0.0,0.0,0.0,0.0,0.0,0.0,2146.0,nan,nan,nan,,nan,nan,nan,nan,nan,nan,nan,,,,nan,nan,nan,nan,nan,nan,nan,nan,nan,nan,nan,nan,,nan,nan,,,nan,nan,0.5411999821662903,nan,nan,0.5931000113487244,nan,nan,0.5921000242233276,nan,nan,0.5367000102996826,nan,nan,0.5543000102043152,nan,nan,3.687774369609542e-05,nan,nan,47.55,nan,1765.0,nan,,nan,nan,nan,,nan,,,,
0.0,0.0,0.0,0.0,0.0,0.0,0.0,0.0,702.0,0.0,0.0,0.0,0.0,0.0,0.0,0.0,702.0,2104.0,0.0,0.0,0.0,0.0,0.0,0.0,0.0,16.0,0.0,0.0,0.0,0.0,0.0,0.0,0.0,2120.0,nan,nan,nan,,nan,nan,nan,nan,nan,nan,nan,,,,nan,nan,nan,nan,nan,nan,nan,nan,nan,nan,nan,nan,,nan,nan,,,nan,nan,0.5411999821662903,nan,nan,0.5931000113487244,nan,nan,0.5921000242233276,nan,nan,0.5364999771118164,nan,nan,0.5541999936103821,nan,nan,3.6899455153616145e-05,nan,nan,47.55,nan,1770.0,nan,,nan,nan,nan,,nan,,,,
0.0,0.0,0.0,0.0,0.0,0.0,0.0,0.0,747.0,0.0,0.0,0.0,0.0,0.0,0.0,0.0,747.0,2127.0,0.0,0.0,0.0,0.0,0.0,0.0,0.0,16.0,0.0,0.0,0.0,0.0,0.0,0.0,0.0,2143.0,nan,nan,nan,,nan,nan,nan,nan,nan,nan,nan,,,,nan,nan,nan,nan,nan,nan,nan,nan,nan,nan,nan,nan,,nan,nan,,,nan,nan,0.5411999821662903,nan,nan,0.5931000113487244,nan,nan,0.5921000242233276,nan,nan,0.5365999937057495,nan,nan,0.5541999936103821,nan,nan,3.6899455153616145e-05,nan,nan,47.55,nan,1775.0,nan,,nan,nan,nan,,nan,,,,
0.0,0.0,0.0,0.0,0.0,0.0,0.0,0.0,755.0,0.0,0.0,0.0,0.0,0.0,0.0,0.0,755.0,2173.0,0.0,0.0,0.0,0.0,0.0,0.0,0.0,14.0,0.0,0.0,0.0,0.0,0.0,0.0,0.0,2187.0,nan,nan,nan,,nan,nan,nan,nan,nan,nan,nan,,,,nan,nan,nan,nan,nan,nan,nan,nan,nan,nan,nan,nan,,nan,nan,,,nan,nan,0.5411999821662903,nan,nan,0.5932000279426575,nan,nan,0.5920000076293945,nan,nan,0.5368000268936157,nan,nan,0.5543000102043152,nan,nan,3.7159716157475486e-05,nan,nan,47.55,nan,1780.0,nan,,nan,nan,nan,,nan,,,,
0.0,0.0,0.0,0.0,0.0,0.0,0.0,0.0,737.0,0.0,0.0,0.0,0.0,0.0,0.0,0.0,737.0,2183.0,0.0,0.0,0.0,0.0,0.0,0.0,0.0,10.0,0.0,0.0,0.0,0.0,0.0,0.0,0.0,2193.0,nan,nan,nan,,nan,nan,nan,nan,nan,nan,nan,,,,nan,nan,nan,nan,nan,nan,nan,nan,nan,nan,nan,nan,,nan,nan,,,nan,nan,0.5411999821662903,nan,nan,0.5932000279426575,nan,nan,0.5920000076293945,nan,nan,0.5368000268936157,nan,nan,0.5543000102043152,nan,nan,3.7116162275196984e-05,nan,nan,47.55,nan,1785.0,nan,,nan,nan,nan,,nan,,,,
0.0,0.0,0.0,0.0,0.0,0.0,0.0,0.0,760.0,0.0,0.0,0.0,0.0,0.0,0.0,0.0,760.0,2143.0,0.0,0.0,0.0,0.0,0.0,0.0,0.0,12.0,0.0,0.0,0.0,0.0,0.0,0.0,0.0,2155.0,nan,nan,nan,,nan,nan,nan,nan,nan,nan,nan,,,,nan,nan,nan,nan,nan,nan,nan,nan,nan,nan,nan,nan,,nan,nan,,,nan,nan,0.5411999821662903,nan,nan,0.5932000279426575,nan,nan,0.5920000076293945,nan,nan,0.5368000268936157,nan,nan,0.5543000102043152,nan,nan,3.7181533116381615e-05,nan,nan,47.55,nan,1790.0,nan,,nan,nan,nan,,nan,,,,
0.0,0.0,0.0,0.0,0.0,0.0,0.0,0.0,733.0,0.0,0.0,0.0,0.0,0.0,0.0,0.0,733.0,2119.0,0.0,0.0,0.0,0.0,0.0,0.0,0.0,6.0,0.0,0.0,0.0,0.0,0.0,0.0,0.0,2125.0,nan,nan,nan,,nan,nan,nan,nan,nan,nan,nan,,,,nan,nan,nan,nan,nan,nan,nan,nan,nan,nan,nan,nan,,nan,nan,,,nan,nan,0.5411999821662903,nan,nan,0.5932000279426575,nan,nan,0.5920000076293945,nan,nan,0.5368000268936157,nan,nan,0.5543000102043152,nan,nan,3.7116162275196984e-05,nan,nan,47.55,nan,1795.0,nan,,nan,nan,nan,,nan,,,,
0.0,0.0,0.0,0.0,0.0,0.0,0.0,0.0,773.0,0.0,0.0,0.0,0.0,0.0,0.0,0.0,773.0,2061.0,0.0,0.0,0.0,0.0,0.0,0.0,0.0,7.0,0.0,0.0,0.0,0.0,0.0,0.0,0.0,2068.0,nan,nan,nan,,nan,nan,nan,nan,nan,nan,nan,,,,nan,nan,nan,nan,nan,nan,nan,nan,nan,nan,nan,nan,,nan,nan,,,nan,nan,0.541100025177002,nan,nan,0.5931000113487244,nan,nan,0.5918999910354614,nan,nan,0.5365999937057495,nan,nan,0.5541999936103821,nan,nan,3.6986744817113504e-05,nan,nan,47.55,nan,1800.0,nan,,nan,nan,nan,,nan,,,,
0.0,0.0,0.0,0.0,0.0,0.0,0.0,0.0,730.0,0.0,0.0,0.0,0.0,0.0,0.0,0.0,730.0,2163.0,0.0,0.0,0.0,0.0,0.0,0.0,0.0,10.0,0.0,0.0,0.0,0.0,0.0,0.0,0.0,2173.0,nan,nan,nan,,nan,nan,nan,nan,nan,nan,nan,,,,nan,nan,nan,nan,nan,nan,nan,nan,nan,nan,nan,nan,,nan,nan,,,nan,nan,0.541100025177002,nan,nan,0.5931000113487244,nan,nan,0.5918999910354614,nan,nan,0.5365999937057495,nan,nan,0.5541999936103821,nan,nan,3.694311453728005e-05,nan,nan,47.55,nan,1805.0,nan,,nan,nan,nan,,nan,,,,
0.0,0.0,0.0,0.0,0.0,0.0,0.0,0.0,795.0,0.0,0.0,0.0,0.0,0.0,0.0,0.0,795.0,2169.0,0.0,0.0,0.0,0.0,0.0,0.0,0.0,6.0,0.0,0.0,0.0,0.0,0.0,0.0,0.0,2175.0,nan,nan,nan,,nan,nan,nan,nan,nan,nan,nan,,,,nan,nan,nan,nan,nan,nan,nan,nan,nan,nan,nan,nan,,nan,nan,,,nan,nan,0.541100025177002,nan,nan,0.5931000113487244,nan,nan,0.5918999910354614,nan,nan,0.5365999937057495,nan,nan,0.5541999936103821,nan,nan,3.7181533116381615e-05,nan,nan,47.55,nan,1810.0,nan,,nan,nan,nan,,nan,,,,
0.0,0.0,0.0,0.0,0.0,0.0,0.0,0.0,817.0,0.0,0.0,0.0,0.0,0.0,0.0,0.0,817.0,2078.0,0.0,0.0,0.0,0.0,0.0,0.0,0.0,19.0,0.0,0.0,0.0,0.0,0.0,0.0,0.0,2097.0,nan,nan,nan,,nan,nan,nan,nan,nan,nan,nan,,,,nan,nan,nan,nan,nan,nan,nan,nan,nan,nan,nan,nan,,nan,nan,,,nan,nan,0.541100025177002,nan,nan,0.5931000113487244,nan,nan,0.5918999910354614,nan,nan,0.5365999937057495,nan,nan,0.5541999936103821,nan,nan,3.679204746731557e-05,nan,nan,47.55,nan,1815.0,nan,,nan,nan,nan,,nan,,,,
0.0,0.0,0.0,0.0,0.0,0.0,0.0,0.0,765.0,0.0,0.0,0.0,0.0,0.0,0.0,0.0,765.0,2117.0,0.0,0.0,0.0,0.0,0.0,0.0,0.0,12.0,0.0,0.0,0.0,0.0,0.0,0.0,0.0,2129.0,nan,nan,nan,,nan,nan,nan,nan,nan,nan,nan,,,,nan,nan,nan,nan,nan,nan,nan,nan,nan,nan,nan,nan,,nan,nan,,,nan,nan,0.5410000085830688,nan,nan,0.5929999947547913,nan,nan,0.5918999910354614,nan,nan,0.5364000201225281,nan,nan,0.554099977016449,nan,nan,3.694311453728005e-05,nan,nan,47.55,nan,1820.0,nan,,nan,nan,nan,,nan,,,,
0.0,0.0,0.0,0.0,0.0,0.0,0.0,0.0,772.0,0.0,0.0,0.0,0.0,0.0,0.0,0.0,772.0,2033.0,0.0,0.0,0.0,0.0,0.0,0.0,0.0,16.0,0.0,0.0,0.0,0.0,0.0,0.0,0.0,2049.0,nan,nan,nan,,nan,nan,nan,nan,nan,nan,nan,,,,nan,nan,nan,nan,nan,nan,nan,nan,nan,nan,nan,nan,,nan,nan,,,nan,nan,0.5410000085830688,nan,nan,0.5929999947547913,nan,nan,0.5918999910354614,nan,nan,0.5364000201225281,nan,nan,0.554099977016449,nan,nan,3.6986744817113504e-05,nan,nan,47.55,nan,1825.0,nan,,nan,nan,nan,,nan,,,,
0.0,0.0,0.0,0.0,0.0,0.0,0.0,0.0,824.0,0.0,0.0,0.0,0.0,0.0,0.0,0.0,824.0,2069.0,0.0,0.0,0.0,0.0,0.0,0.0,0.0,7.0,0.0,0.0,0.0,0.0,0.0,0.0,0.0,2076.0,nan,nan,nan,,nan,nan,nan,nan,nan,nan,nan,,,,nan,nan,nan,nan,nan,nan,nan,nan,nan,nan,nan,nan,,nan,nan,,,nan,nan,0.5410000085830688,nan,nan,0.5929999947547913,nan,nan,0.5918999910354614,nan,nan,0.5364000201225281,nan,nan,0.554099977016449,nan,nan,3.6986744817113504e-05,nan,nan,47.55,nan,1830.0,nan,,nan,nan,nan,,nan,,,,
0.0,0.0,0.0,0.0,0.0,0.0,0.0,0.0,801.0,0.0,0.0,0.0,0.0,0.0,0.0,0.0,801.0,2186.0,0.0,0.0,0.0,0.0,0.0,0.0,0.0,19.0,0.0,0.0,0.0,0.0,0.0,0.0,0.0,2205.0,nan,nan,nan,,nan,nan,nan,nan,nan,nan,nan,,,,nan,nan,nan,nan,nan,nan,nan,nan,nan,nan,nan,nan,,nan,nan,,,nan,nan,0.5410000085830688,nan,nan,0.5929999947547913,nan,nan,0.5918999910354614,nan,nan,0.5361999869346619,nan,nan,0.5540000200271606,nan,nan,3.7008558138040826e-05,nan,nan,47.55,nan,1835.0,nan,,nan,nan,nan,,nan,,,,
0.0,0.0,0.0,0.0,0.0,0.0,0.0,0.0,821.0,0.0,0.0,0.0,0.0,0.0,0.0,0.0,821.0,2178.0,0.0,0.0,0.0,0.0,0.0,0.0,0.0,7.0,0.0,0.0,0.0,0.0,0.0,0.0,0.0,2185.0,nan,nan,nan,,nan,nan,nan,nan,nan,nan,nan,,,,nan,nan,nan,nan,nan,nan,nan,nan,nan,nan,nan,nan,,nan,nan,,,nan,nan,0.5407999753952026,nan,nan,0.5929999947547913,nan,nan,0.5920000076293945,nan,nan,0.5364999771118164,nan,nan,0.554099977016449,nan,nan,3.6986744817113504e-05,nan,nan,47.55,nan,1840.0,nan,,nan,nan,nan,,nan,,,,
0.0,0.0,0.0,0.0,0.0,0.0,0.0,0.0,808.0,0.0,0.0,0.0,0.0,0.0,0.0,0.0,808.0,2237.0,0.0,0.0,0.0,0.0,0.0,0.0,0.0,16.0,0.0,0.0,0.0,0.0,0.0,0.0,0.0,2253.0,nan,nan,nan,,nan,nan,nan,nan,nan,nan,nan,,,,nan,nan,nan,nan,nan,nan,nan,nan,nan,nan,nan,nan,,nan,nan,,,nan,nan,0.5407999753952026,nan,nan,0.5929999947547913,nan,nan,0.5920000076293945,nan,nan,0.5368000268936157,nan,nan,0.5543000102043152,nan,nan,3.7008558138040826e-05,nan,nan,47.55,nan,1845.0,nan,,nan,nan,nan,,nan,,,,
0.0,0.0,0.0,0.0,0.0,0.0,0.0,0.0,818.0,0.0,0.0,0.0,0.0,0.0,0.0,0.0,818.0,2159.0,0.0,0.0,0.0,0.0,0.0,0.0,0.0,9.0,0.0,0.0,0.0,0.0,0.0,0.0,0.0,2168.0,nan,nan,nan,,nan,nan,nan,nan,nan,nan,nan,,,,nan,nan,nan,nan,nan,nan,nan,nan,nan,nan,nan,nan,,nan,nan,,,nan,nan,0.5407999753952026,nan,nan,0.5929999947547913,nan,nan,0.5920000076293945,nan,nan,0.5370000004768372,nan,nan,0.5544000267982483,nan,nan,3.703046604641713e-05,nan,nan,47.55,nan,1850.0,nan,,nan,nan,nan,,nan,,,,
0.0,0.0,0.0,0.0,0.0,0.0,0.0,0.0,834.0,0.0,0.0,0.0,0.0,0.0,0.0,0.0,834.0,2187.0,0.0,0.0,0.0,0.0,0.0,0.0,0.0,13.0,0.0,0.0,0.0,0.0,0.0,0.0,0.0,2200.0,nan,nan,nan,,nan,nan,nan,nan,nan,nan,nan,,,,nan,nan,nan,nan,nan,nan,nan,nan,nan,nan,nan,nan,,nan,nan,,,nan,nan,0.5407999753952026,nan,nan,0.5929999947547913,nan,nan,0.5920000076293945,nan,nan,0.5370000004768372,nan,nan,0.5544000267982483,nan,nan,3.703046604641713e-05,nan,nan,47.55,nan,1855.0,nan,,nan,nan,nan,,nan,,,,
0.0,0.0,0.0,0.0,0.0,0.0,0.0,0.0,861.0,0.0,0.0,0.0,0.0,0.0,0.0,0.0,861.0,2170.0,0.0,0.0,0.0,0.0,0.0,0.0,0.0,10.0,0.0,0.0,0.0,0.0,0.0,0.0,0.0,2180.0,nan,nan,nan,,nan,nan,nan,nan,nan,nan,nan,,,,nan,nan,nan,nan,nan,nan,nan,nan,nan,nan,nan,nan,,nan,nan,,,nan,nan,0.541100025177002,nan,nan,0.5929999947547913,nan,nan,0.5917999744415283,nan,nan,0.5360999703407288,nan,nan,0.5539000034332275,nan,nan,3.709610609803349e-05,nan,nan,47.55,nan,1860.0,nan,,nan,nan,nan,,nan,,,,
0.0,0.0,0.0,0.0,0.0,0.0,0.0,0.0,839.0,0.0,0.0,0.0,0.0,0.0,0.0,0.0,839.0,2189.0,0.0,0.0,0.0,0.0,0.0,0.0,0.0,13.0,0.0,0.0,0.0,0.0,0.0,0.0,0.0,2202.0,nan,nan,nan,,nan,nan,nan,nan,nan,nan,nan,,,,nan,nan,nan,nan,nan,nan,nan,nan,nan,nan,nan,nan,,nan,nan,,,nan,nan,0.541100025177002,nan,nan,0.5929999947547913,nan,nan,0.5917999744415283,nan,nan,0.5360999703407288,nan,nan,0.5539000034332275,nan,nan,3.709610609803349e-05,nan,nan,47.55,nan,1865.0,nan,,nan,nan,nan,,nan,,,,
0.0,0.0,0.0,0.0,0.0,0.0,0.0,0.0,854.0,0.0,0.0,0.0,0.0,0.0,0.0,0.0,854.0,2145.0,0.0,0.0,0.0,0.0,0.0,0.0,0.0,10.0,0.0,0.0,0.0,0.0,0.0,0.0,0.0,2155.0,nan,nan,nan,,nan,nan,nan,nan,nan,nan,nan,,,,nan,nan,nan,nan,nan,nan,nan,nan,nan,nan,nan,nan,,nan,nan,,,nan,nan,0.541100025177002,nan,nan,0.5929999947547913,nan,nan,0.5917999744415283,nan,nan,0.5360999703407288,nan,nan,0.5539000034332275,nan,nan,3.705234485096298e-05,nan,nan,47.55,nan,1870.0,nan,,nan,nan,nan,,nan,,,,
0.0,0.0,0.0,0.0,0.0,0.0,0.0,0.0,878.0,0.0,0.0,0.0,0.0,0.0,0.0,0.0,878.0,2173.0,0.0,0.0,0.0,0.0,0.0,0.0,0.0,10.0,0.0,0.0,0.0,0.0,0.0,0.0,0.0,2183.0,nan,nan,nan,,nan,nan,nan,nan,nan,nan,nan,,,,nan,nan,nan,nan,nan,nan,nan,nan,nan,nan,nan,nan,,nan,nan,,,nan,nan,0.541100025177002,nan,nan,0.5929999947547913,nan,nan,0.5917999744415283,nan,nan,0.5360999703407288,nan,nan,0.5539000034332275,nan,nan,3.709610609803349e-05,nan,nan,47.67,nan,1875.0,nan,,nan,nan,nan,,nan,,,,
0.0,0.0,0.0,0.0,0.0,0.0,0.0,0.0,881.0,0.0,0.0,0.0,0.0,0.0,0.0,0.0,881.0,2197.0,0.0,0.0,0.0,0.0,0.0,0.0,0.0,15.0,0.0,0.0,0.0,0.0,0.0,0.0,0.0,2212.0,nan,nan,nan,,nan,nan,nan,nan,nan,nan,nan,,,,nan,nan,nan,nan,nan,nan,nan,nan,nan,nan,nan,nan,,nan,nan,,,nan,nan,0.541100025177002,nan,nan,0.5929999947547913,nan,nan,0.59170001745224,nan,nan,0.5365999937057495,nan,nan,0.5541999936103821,nan,nan,3.711806493811309e-05,nan,nan,47.67,nan,1880.0,nan,,nan,nan,nan,,nan,,,,
0.0,0.0,0.0,0.0,0.0,0.0,0.0,0.0,863.0,0.0,0.0,0.0,0.0,0.0,0.0,0.0,863.0,2125.0,0.0,0.0,0.0,0.0,0.0,0.0,0.0,11.0,0.0,0.0,0.0,0.0,0.0,0.0,0.0,2136.0,nan,nan,nan,,nan,nan,nan,nan,nan,nan,nan,,,,nan,nan,nan,nan,nan,nan,nan,nan,nan,nan,nan,nan,,nan,nan,,,nan,nan,0.541100025177002,nan,nan,0.5929999947547913,nan,nan,0.59170001745224,nan,nan,0.5365999937057495,nan,nan,0.5541999936103821,nan,nan,3.7139954656595364e-05,nan,nan,47.67,nan,1885.0,nan,,nan,nan,nan,,nan,,,,
0.0,0.0,0.0,0.0,0.0,0.0,0.0,0.0,913.0,0.0,0.0,0.0,0.0,0.0,0.0,0.0,913.0,2138.0,0.0,0.0,0.0,0.0,0.0,0.0,0.0,10.0,0.0,0.0,0.0,0.0,0.0,0.0,0.0,2148.0,nan,nan,nan,,nan,nan,nan,nan,nan,nan,nan,,,,nan,nan,nan,nan,nan,nan,nan,nan,nan,nan,nan,nan,,nan,nan,,,nan,nan,0.541100025177002,nan,nan,0.5929999947547913,nan,nan,0.59170001745224,nan,nan,0.5365999937057495,nan,nan,0.5541999936103821,nan,nan,3.707419818965718e-05,nan,nan,47.67,nan,1890.0,nan,,nan,nan,nan,,nan,,,,
0.0,0.0,0.0,0.0,0.0,0.0,0.0,0.0,918.0,0.0,0.0,0.0,0.0,0.0,0.0,0.0,918.0,2080.0,0.0,0.0,0.0,0.0,0.0,0.0,0.0,11.0,0.0,0.0,0.0,0.0,0.0,0.0,0.0,2091.0,nan,nan,nan,,nan,nan,nan,nan,nan,nan,nan,,,,nan,nan,nan,nan,nan,nan,nan,nan,nan,nan,nan,nan,,nan,nan,,,nan,nan,0.541100025177002,nan,nan,0.5929999947547913,nan,nan,0.59170001745224,nan,nan,0.5365999937057495,nan,nan,0.5541999936103821,nan,nan,3.711806493811309e-05,nan,nan,47.67,nan,1895.0,nan,,nan,nan,nan,,nan,,,,
0.0,0.0,0.0,0.0,0.0,0.0,0.0,0.0,940.0,0.0,0.0,0.0,0.0,0.0,0.0,0.0,940.0,2243.0,0.0,0.0,0.0,0.0,0.0,0.0,0.0,11.0,0.0,0.0,0.0,0.0,0.0,0.0,0.0,2254.0,nan,nan,nan,,nan,nan,nan,nan,nan,nan,nan,,,,nan,nan,nan,nan,nan,nan,nan,nan,nan,nan,nan,nan,,nan,nan,,,nan,nan,0.541100025177002,nan,nan,0.5929999947547913,nan,nan,0.5916000008583069,nan,nan,0.5364999771118164,nan,nan,0.554099977016449,nan,nan,3.716190258273855e-05,nan,nan,47.67,nan,1900.0,nan,,nan,nan,nan,,nan,,,,
0.0,0.0,0.0,0.0,0.0,0.0,0.0,0.0,869.0,0.0,0.0,0.0,0.0,0.0,0.0,0.0,869.0,2175.0,0.0,0.0,0.0,0.0,0.0,0.0,0.0,8.0,0.0,0.0,0.0,0.0,0.0,0.0,0.0,2183.0,nan,nan,nan,,nan,nan,nan,nan,nan,nan,nan,,,,nan,nan,nan,nan,nan,nan,nan,nan,nan,nan,nan,nan,,nan,nan,,,nan,nan,0.541100025177002,nan,nan,0.5929999947547913,nan,nan,0.5916000008583069,nan,nan,0.5364999771118164,nan,nan,0.554099977016449,nan,nan,3.742227636394091e-05,nan,nan,47.67,nan,1905.0,nan,,nan,nan,nan,,nan,,,,
0.0,0.0,0.0,0.0,0.0,0.0,0.0,0.0,947.0,0.0,0.0,0.0,0.0,0.0,0.0,0.0,947.0,2190.0,0.0,0.0,0.0,0.0,0.0,0.0,0.0,12.0,0.0,0.0,0.0,0.0,0.0,0.0,0.0,2202.0,nan,nan,nan,,nan,nan,nan,nan,nan,nan,nan,,,,nan,nan,nan,nan,nan,nan,nan,nan,nan,nan,nan,nan,,nan,nan,,,nan,nan,0.541100025177002,nan,nan,0.5929999947547913,nan,nan,0.5916000008583069,nan,nan,0.5365999937057495,nan,nan,0.5541999936103821,nan,nan,3.737837323569693e-05,nan,nan,47.67,nan,1910.0,nan,,nan,nan,nan,,nan,,,,
0.0,0.0,0.0,0.0,0.0,0.0,0.0,0.0,981.0,0.0,0.0,0.0,0.0,0.0,0.0,0.0,981.0,2205.0,0.0,0.0,0.0,0.0,0.0,0.0,0.0,13.0,0.0,0.0,0.0,0.0,0.0,0.0,0.0,2218.0,nan,nan,nan,,nan,nan,nan,nan,nan,nan,nan,,,,nan,nan,nan,nan,nan,nan,nan,nan,nan,nan,nan,nan,,nan,nan,,,nan,nan,0.541100025177002,nan,nan,0.5929999947547913,nan,nan,0.5916000008583069,nan,nan,0.5371000170707703,nan,nan,0.5544000267982483,nan,nan,3.742227636394091e-05,nan,nan,47.67,nan,1915.0,nan,,nan,nan,nan,,nan,,,,
0.0,0.0,0.0,0.0,0.0,0.0,0.0,0.0,999.0,0.0,0.0,0.0,0.0,0.0,0.0,0.0,999.0,2217.0,0.0,0.0,0.0,0.0,0.0,0.0,0.0,14.0,0.0,0.0,0.0,0.0,0.0,0.0,0.0,2231.0,nan,nan,nan,,nan,nan,nan,nan,nan,nan,nan,,,,nan,nan,nan,nan,nan,nan,nan,nan,nan,nan,nan,nan,,nan,nan,,,nan,nan,0.5414000153541565,nan,nan,0.5931000113487244,nan,nan,0.59170001745224,nan,nan,0.5364999771118164,nan,nan,0.554099977016449,nan,nan,3.740032116184011e-05,nan,nan,47.67,nan,1920.0,nan,,nan,nan,nan,,nan,,,,
0.0,0.0,0.0,0.0,0.0,0.0,0.0,0.0,963.0,0.0,0.0,0.0,0.0,0.0,0.0,0.0,963.0,2065.0,0.0,0.0,0.0,0.0,0.0,0.0,0.0,13.0,0.0,0.0,0.0,0.0,0.0,0.0,0.0,2078.0,nan,nan,nan,,nan,nan,nan,nan,nan,nan,nan,,,,nan,nan,nan,nan,nan,nan,nan,nan,nan,nan,nan,nan,,nan,nan,,,nan,nan,0.5414000153541565,nan,nan,0.5931000113487244,nan,nan,0.59170001745224,nan,nan,0.536300003528595,nan,nan,0.5540000200271606,nan,nan,3.716190258273855e-05,nan,nan,47.67,nan,1925.0,nan,,nan,nan,nan,,nan,,,,
0.0,0.0,0.0,0.0,0.0,0.0,0.0,0.0,987.0,0.0,0.0,0.0,0.0,0.0,0.0,0.0,987.0,2197.0,0.0,0.0,0.0,0.0,0.0,0.0,0.0,14.0,0.0,0.0,0.0,0.0,0.0,0.0,0.0,2211.0,nan,nan,nan,,nan,nan,nan,nan,nan,nan,nan,,,,nan,nan,nan,nan,nan,nan,nan,nan,nan,nan,nan,nan,,nan,nan,,,nan,nan,0.5414000153541565,nan,nan,0.5931000113487244,nan,nan,0.59170001745224,nan,nan,0.536300003528595,nan,nan,0.5540000200271606,nan,nan,3.7011312087997794e-05,nan,nan,47.67,nan,1930.0,nan,,nan,nan,nan,,nan,,,,
0.0,0.0,0.0,0.0,0.0,0.0,0.0,0.0,993.0,0.0,0.0,0.0,0.0,0.0,0.0,0.0,993.0,2133.0,0.0,0.0,0.0,0.0,0.0,0.0,0.0,13.0,0.0,0.0,0.0,0.0,0.0,0.0,0.0,2146.0,nan,nan,nan,,nan,nan,nan,nan,nan,nan,nan,,,,nan,nan,nan,nan,nan,nan,nan,nan,nan,nan,nan,nan,,nan,nan,,,nan,nan,0.5414000153541565,nan,nan,0.5931000113487244,nan,nan,0.59170001745224,nan,nan,0.5365999937057495,nan,nan,0.5541999936103821,nan,nan,3.724973066709936e-05,nan,nan,47.67,nan,1935.0,nan,,nan,nan,nan,,nan,,,,
0.0,0.0,0.0,0.0,0.0,0.0,0.0,0.0,997.0,0.0,0.0,0.0,0.0,0.0,0.0,0.0,997.0,2094.0,0.0,0.0,0.0,0.0,0.0,0.0,0.0,15.0,0.0,0.0,0.0,0.0,0.0,0.0,0.0,2109.0,nan,nan,nan,,nan,nan,nan,nan,nan,nan,nan,,,,nan,nan,nan,nan,nan,nan,nan,nan,nan,nan,nan,nan,,nan,nan,,,nan,nan,0.541100025177002,nan,nan,0.5931000113487244,nan,nan,0.5916000008583069,nan,nan,0.5365999937057495,nan,nan,0.5541999936103821,nan,nan,3.724973066709936e-05,nan,nan,47.67,nan,1940.0,nan,,nan,nan,nan,,nan,,,,
0.0,0.0,0.0,0.0,0.0,0.0,0.0,0.0,1037.0,0.0,0.0,0.0,0.0,0.0,0.0,0.0,1037.0,2206.0,0.0,0.0,0.0,0.0,0.0,0.0,0.0,11.0,0.0,0.0,0.0,0.0,0.0,0.0,0.0,2217.0,nan,nan,nan,,nan,nan,nan,nan,nan,nan,nan,,,,nan,nan,nan,nan,nan,nan,nan,nan,nan,nan,nan,nan,,nan,nan,,,nan,nan,0.541100025177002,nan,nan,0.5931000113487244,nan,nan,0.5916000008583069,nan,nan,0.5365999937057495,nan,nan,0.5541999936103821,nan,nan,3.7227815482765436e-05,nan,nan,47.67,nan,1945.0,nan,,nan,nan,nan,,nan,,,,
0.0,0.0,0.0,0.0,0.0,0.0,0.0,0.0,1002.0,0.0,0.0,0.0,0.0,0.0,0.0,0.0,1002.0,2262.0,0.0,0.0,0.0,0.0,0.0,0.0,0.0,12.0,0.0,0.0,0.0,0.0,0.0,0.0,0.0,2274.0,nan,nan,nan,,nan,nan,nan,nan,nan,nan,nan,,,,nan,nan,nan,nan,nan,nan,nan,nan,nan,nan,nan,nan,,nan,nan,,,nan,nan,0.541100025177002,nan,nan,0.5931000113487244,nan,nan,0.5916000008583069,nan,nan,0.5365999937057495,nan,nan,0.5541999936103821,nan,nan,3.727178045664914e-05,nan,nan,47.67,nan,1950.0,nan,,nan,nan,nan,,nan,,,,
0.0,0.0,0.0,0.0,0.0,0.0,0.0,0.0,995.0,0.0,0.0,0.0,0.0,0.0,0.0,0.0,995.0,2232.0,0.0,0.0,0.0,0.0,0.0,0.0,0.0,10.0,0.0,0.0,0.0,0.0,0.0,0.0,0.0,2242.0,nan,nan,nan,,nan,nan,nan,nan,nan,nan,nan,,,,nan,nan,nan,nan,nan,nan,nan,nan,nan,nan,nan,nan,,nan,nan,,,nan,nan,0.541100025177002,nan,nan,0.5931000113487244,nan,nan,0.5916000008583069,nan,nan,0.5365999937057495,nan,nan,0.5541999936103821,nan,nan,3.727178045664914e-05,nan,nan,47.67,nan,1955.0,nan,,nan,nan,nan,,nan,,,,
0.0,0.0,0.0,0.0,0.0,0.0,0.0,0.0,1004.0,0.0,0.0,0.0,0.0,0.0,0.0,0.0,1004.0,2180.0,0.0,0.0,0.0,0.0,0.0,0.0,0.0,15.0,0.0,0.0,0.0,0.0,0.0,0.0,0.0,2195.0,nan,nan,nan,,nan,nan,nan,nan,nan,nan,nan,,,,nan,nan,nan,nan,nan,nan,nan,nan,nan,nan,nan,nan,,nan,nan,,,nan,nan,0.5407000184059143,nan,nan,0.5928999781608582,nan,nan,0.5914000272750854,nan,nan,0.5360999703407288,nan,nan,0.5539000034332275,nan,nan,3.724973066709936e-05,nan,nan,47.67,nan,1960.0,nan,,nan,nan,nan,,nan,,,,
0.0,0.0,0.0,0.0,0.0,0.0,0.0,0.0,1048.0,0.0,0.0,0.0,0.0,0.0,0.0,0.0,1048.0,2222.0,0.0,0.0,0.0,0.0,0.0,0.0,0.0,15.0,0.0,0.0,0.0,0.0,0.0,0.0,0.0,2237.0,nan,nan,nan,,nan,nan,nan,nan,nan,nan,nan,,,,nan,nan,nan,nan,nan,nan,nan,nan,nan,nan,nan,nan,,nan,nan,,,nan,nan,0.5407000184059143,nan,nan,0.5928999781608582,nan,nan,0.5914000272750854,nan,nan,0.5360999703407288,nan,nan,0.5539000034332275,nan,nan,3.731580000021495e-05,nan,nan,47.67,nan,1965.0,nan,,nan,nan,nan,,nan,,,,
0.0,0.0,0.0,0.0,0.0,0.0,0.0,0.0,1063.0,0.0,0.0,0.0,0.0,0.0,0.0,0.0,1063.0,2192.0,0.0,0.0,0.0,0.0,0.0,0.0,0.0,9.0,0.0,0.0,0.0,0.0,0.0,0.0,0.0,2201.0,nan,nan,nan,,nan,nan,nan,nan,nan,nan,nan,,,,nan,nan,nan,nan,nan,nan,nan,nan,nan,nan,nan,nan,,nan,nan,,,nan,nan,0.5407000184059143,nan,nan,0.5928999781608582,nan,nan,0.5914000272750854,nan,nan,0.5360999703407288,nan,nan,0.5539000034332275,nan,nan,3.7227815482765436e-05,nan,nan,47.67,nan,1970.0,nan,,nan,nan,nan,,nan,,,,
0.0,0.0,0.0,0.0,0.0,0.0,0.0,0.0,1079.0,0.0,0.0,0.0,0.0,0.0,0.0,0.0,1079.0,2190.0,0.0,0.0,0.0,0.0,0.0,0.0,0.0,10.0,0.0,0.0,0.0,0.0,0.0,0.0,0.0,2200.0,nan,nan,nan,,nan,nan,nan,nan,nan,nan,nan,,,,nan,nan,nan,nan,nan,nan,nan,nan,nan,nan,nan,nan,,nan,nan,,,nan,nan,0.5407000184059143,nan,nan,0.5928999781608582,nan,nan,0.5914000272750854,nan,nan,0.5360999703407288,nan,nan,0.5539000034332275,nan,nan,3.729380478034727e-05,nan,nan,47.67,nan,1975.0,nan,,nan,nan,nan,,nan,,,,
0.0,0.0,0.0,0.0,0.0,0.0,0.0,0.0,1077.0,0.0,0.0,0.0,0.0,0.0,0.0,0.0,1077.0,2135.0,0.0,0.0,0.0,0.0,0.0,0.0,0.0,16.0,0.0,0.0,0.0,0.0,0.0,0.0,0.0,2151.0,nan,nan,nan,,nan,nan,nan,nan,nan,nan,nan,,,,nan,nan,nan,nan,nan,nan,nan,nan,nan,nan,nan,nan,,nan,nan,,,nan,nan,0.5411999821662903,nan,nan,0.5931000113487244,nan,nan,0.5914000272750854,nan,nan,0.5368000268936157,nan,nan,0.5543000102043152,nan,nan,3.738198574865237e-05,nan,nan,47.67,nan,1980.0,nan,,nan,nan,nan,,nan,,,,
0.0,0.0,0.0,0.0,0.0,0.0,0.0,0.0,1144.0,0.0,0.0,0.0,0.0,0.0,0.0,0.0,1144.0,2122.0,0.0,0.0,0.0,0.0,0.0,0.0,0.0,15.0,0.0,0.0,0.0,0.0,0.0,0.0,0.0,2137.0,nan,nan,nan,,nan,nan,nan,nan,nan,nan,nan,,,,nan,nan,nan,nan,nan,nan,nan,nan,nan,nan,nan,nan,,nan,nan,,,nan,nan,0.5411999821662903,nan,nan,0.5931000113487244,nan,nan,0.5914000272750854,nan,nan,0.5365999937057495,nan,nan,0.5541999936103821,nan,nan,3.731580000021495e-05,nan,nan,47.67,nan,1985.0,nan,,nan,nan,nan,,nan,,,,
0.0,0.0,0.0,0.0,0.0,0.0,0.0,0.0,1117.0,0.0,0.0,0.0,0.0,0.0,0.0,0.0,1117.0,2212.0,0.0,0.0,0.0,0.0,0.0,0.0,0.0,13.0,0.0,0.0,0.0,0.0,0.0,0.0,0.0,2225.0,nan,nan,nan,,nan,nan,nan,nan,nan,nan,nan,,,,nan,nan,nan,nan,nan,nan,nan,nan,nan,nan,nan,nan,,nan,nan,,,nan,nan,0.5411999821662903,nan,nan,0.5931000113487244,nan,nan,0.5914000272750854,nan,nan,0.5371000170707703,nan,nan,0.5544999837875366,nan,nan,3.7359950511017814e-05,nan,nan,47.67,nan,1990.0,nan,,nan,nan,nan,,nan,,,,
0.0,0.0,0.0,0.0,0.0,0.0,0.0,0.0,1094.0,0.0,0.0,0.0,0.0,0.0,0.0,0.0,1094.0,2106.0,0.0,0.0,0.0,0.0,0.0,0.0,0.0,14.0,0.0,0.0,0.0,0.0,0.0,0.0,0.0,2120.0,nan,nan,nan,,nan,nan,nan,nan,nan,nan,nan,,,,nan,nan,nan,nan,nan,nan,nan,nan,nan,nan,nan,nan,,nan,nan,,,nan,nan,0.5411999821662903,nan,nan,0.5931000113487244,nan,nan,0.5914000272750854,nan,nan,0.536899983882904,nan,nan,0.5543000102043152,nan,nan,3.729380478034727e-05,nan,nan,47.67,nan,1995.0,nan,,nan,nan,nan,,nan,,,,
0.0,0.0,0.0,0.0,0.0,0.0,0.0,0.0,1114.0,0.0,0.0,0.0,0.0,0.0,0.0,0.0,1114.0,2164.0,0.0,0.0,0.0,0.0,0.0,0.0,0.0,9.0,0.0,0.0,0.0,0.0,0.0,0.0,0.0,2173.0,nan,nan,nan,,nan,nan,nan,nan,nan,nan,nan,,,,nan,nan,nan,nan,nan,nan,nan,nan,nan,nan,nan,nan,,nan,nan,,,nan,nan,0.5414000153541565,nan,nan,0.5931000113487244,nan,nan,0.5914000272750854,nan,nan,0.5365999937057495,nan,nan,0.5541999936103821,nan,nan,3.7209829315543175e-05,nan,nan,47.67,nan,2000.0,nan,,nan,nan,nan,,nan,,,,
0.0,0.0,0.0,0.0,0.0,0.0,0.0,0.0,1230.0,0.0,0.0,0.0,0.0,0.0,0.0,0.0,1230.0,2136.0,0.0,0.0,0.0,0.0,0.0,0.0,0.0,11.0,0.0,0.0,0.0,0.0,0.0,0.0,0.0,2147.0,nan,nan,nan,,nan,nan,nan,nan,nan,nan,nan,,,,nan,nan,nan,nan,nan,nan,nan,nan,nan,nan,nan,nan,,nan,nan,,,nan,nan,0.5414000153541565,nan,nan,0.5931000113487244,nan,nan,0.5914999842643738,nan,nan,0.5365999937057495,nan,nan,0.5541999936103821,nan,nan,3.757630838663317e-05,nan,nan,47.67,nan,2005.0,nan,,nan,nan,nan,,nan,,,,
0.0,0.0,0.0,0.0,0.0,0.0,0.0,0.0,1135.0,0.0,0.0,0.0,0.0,0.0,0.0,0.0,1135.0,2087.0,0.0,0.0,0.0,0.0,0.0,0.0,0.0,5.0,0.0,0.0,0.0,0.0,0.0,0.0,0.0,2092.0,nan,nan,nan,,nan,nan,nan,nan,nan,nan,nan,,,,nan,nan,nan,nan,nan,nan,nan,nan,nan,nan,nan,nan,,nan,nan,,,nan,nan,0.5414000153541565,nan,nan,0.5931000113487244,nan,nan,0.5914999842643738,nan,nan,0.5365999937057495,nan,nan,0.5541999936103821,nan,nan,3.733788980753161e-05,nan,nan,47.67,nan,2010.0,nan,,nan,nan,nan,,nan,,,,
0.0,0.0,0.0,0.0,0.0,0.0,0.0,0.0,1212.0,0.0,0.0,0.0,0.0,0.0,0.0,0.0,1212.0,2166.0,0.0,0.0,0.0,0.0,0.0,0.0,0.0,19.0,0.0,0.0,0.0,0.0,0.0,0.0,0.0,2185.0,nan,nan,nan,,nan,nan,nan,nan,nan,nan,nan,,,,nan,nan,nan,nan,nan,nan,nan,nan,nan,nan,nan,nan,,nan,nan,,,nan,nan,0.5414000153541565,nan,nan,0.5931000113487244,nan,nan,0.5914999842643738,nan,nan,0.5365999937057495,nan,nan,0.5541999936103821,nan,nan,3.738198574865237e-05,nan,nan,47.67,nan,2015.0,nan,,nan,nan,nan,,nan,,,,
0.0,0.0,0.0,0.0,0.0,0.0,0.0,0.0,1099.0,0.0,0.0,0.0,0.0,0.0,0.0,0.0,1099.0,2086.0,0.0,0.0,0.0,0.0,0.0,0.0,0.0,11.0,0.0,0.0,0.0,0.0,0.0,0.0,0.0,2097.0,nan,nan,nan,,nan,nan,nan,nan,nan,nan,nan,,,,nan,nan,nan,nan,nan,nan,nan,nan,nan,nan,nan,nan,,nan,nan,,,nan,nan,0.5410000085830688,nan,nan,0.5928999781608582,nan,nan,0.5914999842643738,nan,nan,0.5360999703407288,nan,nan,0.5539000034332275,nan,nan,3.7209829315543175e-05,nan,nan,47.67,nan,2020.0,nan,,nan,nan,nan,,nan,,,,
0.0,0.0,0.0,0.0,0.0,0.0,0.0,0.0,1232.0,0.0,0.0,0.0,0.0,0.0,0.0,0.0,1232.0,2183.0,0.0,0.0,0.0,0.0,0.0,0.0,0.0,8.0,0.0,0.0,0.0,0.0,0.0,0.0,0.0,2191.0,nan,nan,nan,,nan,nan,nan,nan,nan,nan,nan,,,,nan,nan,nan,nan,nan,nan,nan,nan,nan,nan,nan,nan,,nan,nan,,,nan,nan,0.5410000085830688,nan,nan,0.5928999781608582,nan,nan,0.5914999842643738,nan,nan,0.5360999703407288,nan,nan,0.5539000034332275,nan,nan,3.738198574865237e-05,nan,nan,47.67,nan,2025.0,nan,,nan,nan,nan,,nan,,,,
0.0,0.0,0.0,0.0,0.0,0.0,0.0,0.0,1175.0,0.0,0.0,0.0,0.0,0.0,0.0,0.0,1175.0,2196.0,0.0,0.0,0.0,0.0,0.0,0.0,0.0,16.0,0.0,0.0,0.0,0.0,0.0,0.0,0.0,2212.0,nan,nan,nan,,nan,nan,nan,nan,nan,nan,nan,,,,nan,nan,nan,nan,nan,nan,nan,nan,nan,nan,nan,nan,,nan,nan,,,nan,nan,0.5410000085830688,nan,nan,0.5928999781608582,nan,nan,0.5914999842643738,nan,nan,0.5360999703407288,nan,nan,0.5539000034332275,nan,nan,3.7359950511017814e-05,nan,nan,47.67,nan,2030.0,nan,,nan,nan,nan,,nan,,,,
0.0,0.0,0.0,0.0,0.0,0.0,0.0,0.0,1184.0,0.0,0.0,0.0,0.0,0.0,0.0,0.0,1184.0,2164.0,0.0,0.0,0.0,0.0,0.0,0.0,0.0,9.0,0.0,0.0,0.0,0.0,0.0,0.0,0.0,2173.0,nan,nan,nan,,nan,nan,nan,nan,nan,nan,nan,,,,nan,nan,nan,nan,nan,nan,nan,nan,nan,nan,nan,nan,,nan,nan,,,nan,nan,0.5410000085830688,nan,nan,0.5928999781608582,nan,nan,0.5914999842643738,nan,nan,0.5360999703407288,nan,nan,0.5539000034332275,nan,nan,3.738198574865237e-05,nan,nan,47.67,nan,2035.0,nan,,nan,nan,nan,,nan,,,,
0.0,0.0,0.0,0.0,0.0,0.0,0.0,0.0,1236.0,0.0,0.0,0.0,0.0,0.0,0.0,0.0,1236.0,2128.0,0.0,0.0,0.0,0.0,0.0,0.0,0.0,7.0,0.0,0.0,0.0,0.0,0.0,0.0,0.0,2135.0,nan,nan,nan,,nan,nan,nan,nan,nan,nan,nan,,,,nan,nan,nan,nan,nan,nan,nan,nan,nan,nan,nan,nan,,nan,nan,,,nan,nan,0.5410000085830688,nan,nan,0.5928999781608582,nan,nan,0.5914999842643738,nan,nan,0.5364999771118164,nan,nan,0.5540000200271606,nan,nan,3.738198574865237e-05,nan,nan,47.67,nan,2040.0,nan,,nan,nan,nan,,nan,,,,
0.0,0.0,0.0,0.0,0.0,0.0,0.0,0.0,1258.0,0.0,0.0,0.0,0.0,0.0,0.0,0.0,1258.0,2119.0,0.0,0.0,0.0,0.0,0.0,0.0,0.0,12.0,0.0,0.0,0.0,0.0,0.0,0.0,0.0,2131.0,nan,nan,nan,,nan,nan,nan,nan,nan,nan,nan,,,,nan,nan,nan,nan,nan,nan,nan,nan,nan,nan,nan,nan,,nan,nan,,,nan,nan,0.541100025177002,nan,nan,0.5928999781608582,nan,nan,0.5914000272750854,nan,nan,0.5364999771118164,nan,nan,0.5540000200271606,nan,nan,3.738198574865237e-05,nan,nan,47.67,nan,2045.0,nan,,nan,nan,nan,,nan,,,,
0.0,0.0,0.0,0.0,0.0,0.0,0.0,0.0,1243.0,0.0,0.0,0.0,0.0,0.0,0.0,0.0,1243.0,2207.0,0.0,0.0,0.0,0.0,0.0,0.0,0.0,7.0,0.0,0.0,0.0,0.0,0.0,0.0,0.0,2214.0,nan,nan,nan,,nan,nan,nan,nan,nan,nan,nan,,,,nan,nan,nan,nan,nan,nan,nan,nan,nan,nan,nan,nan,,nan,nan,,,nan,nan,0.541100025177002,nan,nan,0.5928999781608582,nan,nan,0.5914000272750854,nan,nan,0.5364999771118164,nan,nan,0.5540000200271606,nan,nan,3.738198574865237e-05,nan,nan,47.67,nan,2050.0,nan,,nan,nan,nan,,nan,,,,
0.0,0.0,0.0,0.0,0.0,0.0,0.0,0.0,1215.0,0.0,0.0,0.0,0.0,0.0,0.0,0.0,1215.0,2194.0,0.0,0.0,0.0,0.0,0.0,0.0,0.0,12.0,0.0,0.0,0.0,0.0,0.0,0.0,0.0,2206.0,nan,nan,nan,,nan,nan,nan,nan,nan,nan,nan,,,,nan,nan,nan,nan,nan,nan,nan,nan,nan,nan,nan,nan,,nan,nan,,,nan,nan,0.541100025177002,nan,nan,0.5928999781608582,nan,nan,0.5914000272750854,nan,nan,0.5364999771118164,nan,nan,0.5540000200271606,nan,nan,3.742621629498899e-05,nan,nan,47.67,nan,2055.0,nan,,nan,nan,nan,,nan,,,,
0.0,0.0,0.0,0.0,0.0,0.0,0.0,0.0,1295.0,0.0,0.0,0.0,0.0,0.0,0.0,0.0,1295.0,2122.0,0.0,0.0,0.0,0.0,0.0,0.0,0.0,12.0,0.0,0.0,0.0,0.0,0.0,0.0,0.0,2134.0,nan,nan,nan,,nan,nan,nan,nan,nan,nan,nan,,,,nan,nan,nan,nan,nan,nan,nan,nan,nan,nan,nan,nan,,nan,nan,,,nan,nan,0.541100025177002,nan,nan,0.5928999781608582,nan,nan,0.5914000272750854,nan,nan,0.536300003528595,nan,nan,0.554099977016449,nan,nan,3.744824789464474e-05,nan,nan,47.67,nan,2060.0,nan,,nan,nan,nan,,nan,,,,
0.0,0.0,0.0,0.0,0.0,0.0,0.0,0.0,1287.0,0.0,0.0,0.0,0.0,0.0,0.0,0.0,1287.0,2156.0,0.0,0.0,0.0,0.0,0.0,0.0,0.0,11.0,0.0,0.0,0.0,0.0,0.0,0.0,0.0,2167.0,nan,nan,nan,,nan,nan,nan,nan,nan,nan,nan,,,,nan,nan,nan,nan,nan,nan,nan,nan,nan,nan,nan,nan,,nan,nan,,,nan,nan,0.5410000085830688,nan,nan,0.5929999947547913,nan,nan,0.5911999940872192,nan,nan,0.5364999771118164,nan,nan,0.554099977016449,nan,nan,3.751466647372581e-05,nan,nan,47.67,nan,2065.0,nan,,nan,nan,nan,,nan,,,,
0.0,0.0,0.0,0.0,0.0,0.0,0.0,0.0,1285.0,0.0,0.0,0.0,0.0,0.0,0.0,0.0,1285.0,2096.0,0.0,0.0,0.0,0.0,0.0,0.0,0.0,9.0,0.0,0.0,0.0,0.0,0.0,0.0,0.0,2105.0,nan,nan,nan,,nan,nan,nan,nan,nan,nan,nan,,,,nan,nan,nan,nan,nan,nan,nan,nan,nan,nan,nan,nan,,nan,nan,,,nan,nan,0.5410000085830688,nan,nan,0.5929999947547913,nan,nan,0.5911999940872192,nan,nan,0.5367000102996826,nan,nan,0.5543000102043152,nan,nan,3.740407191799022e-05,nan,nan,47.67,nan,2070.0,nan,,nan,nan,nan,,nan,,,,
0.0,0.0,0.0,0.0,0.0,0.0,0.0,0.0,1278.0,0.0,0.0,0.0,0.0,0.0,0.0,0.0,1278.0,2164.0,0.0,0.0,0.0,0.0,0.0,0.0,0.0,12.0,0.0,0.0,0.0,0.0,0.0,0.0,0.0,2176.0,nan,nan,nan,,nan,nan,nan,nan,nan,nan,nan,,,,nan,nan,nan,nan,nan,nan,nan,nan,nan,nan,nan,nan,,nan,nan,,,nan,nan,0.5410000085830688,nan,nan,0.5929999947547913,nan,nan,0.5911999940872192,nan,nan,0.5364999771118164,nan,nan,0.5541999936103821,nan,nan,3.744824789464474e-05,nan,nan,47.67,nan,2075.0,nan,,nan,nan,nan,,nan,,,,
0.0,0.0,0.0,0.0,0.0,0.0,0.0,0.0,1304.0,0.0,0.0,0.0,0.0,0.0,0.0,0.0,1304.0,2212.0,0.0,0.0,0.0,0.0,0.0,0.0,0.0,17.0,0.0,0.0,0.0,0.0,0.0,0.0,0.0,2229.0,nan,nan,nan,,nan,nan,nan,nan,nan,nan,nan,,,,nan,nan,nan,nan,nan,nan,nan,nan,nan,nan,nan,nan,,nan,nan,,,nan,nan,0.5410000085830688,nan,nan,0.5929999947547913,nan,nan,0.5911999940872192,nan,nan,0.5370000004768372,nan,nan,0.5544000267982483,nan,nan,3.747041409951635e-05,nan,nan,47.67,nan,2080.0,nan,,nan,nan,nan,,nan,,,,
0.0,0.0,0.0,0.0,0.0,0.0,0.0,0.0,1307.0,0.0,0.0,0.0,0.0,0.0,0.0,0.0,1307.0,2099.0,0.0,0.0,0.0,0.0,0.0,0.0,0.0,15.0,0.0,0.0,0.0,0.0,0.0,0.0,0.0,2114.0,nan,nan,nan,,nan,nan,nan,nan,nan,nan,nan,,,,nan,nan,nan,nan,nan,nan,nan,nan,nan,nan,nan,nan,,nan,nan,,,nan,nan,0.541100025177002,nan,nan,0.5931000113487244,nan,nan,0.5911999940872192,nan,nan,0.5370000004768372,nan,nan,0.5544000267982483,nan,nan,3.744824789464474e-05,nan,nan,47.67,nan,2085.0,nan,,nan,nan,nan,,nan,,,,
0.0,0.0,0.0,0.0,0.0,0.0,0.0,0.0,1374.0,0.0,0.0,0.0,0.0,0.0,0.0,0.0,1374.0,2161.0,0.0,0.0,0.0,0.0,0.0,0.0,0.0,13.0,0.0,0.0,0.0,0.0,0.0,0.0,0.0,2174.0,nan,nan,nan,,nan,nan,nan,nan,nan,nan,nan,,,,nan,nan,nan,nan,nan,nan,nan,nan,nan,nan,nan,nan,,nan,nan,,,nan,nan,0.541100025177002,nan,nan,0.5931000113487244,nan,nan,0.5911999940872192,nan,nan,0.5370000004768372,nan,nan,0.5544000267982483,nan,nan,3.766463487409055e-05,nan,nan,47.67,nan,2090.0,nan,,nan,nan,nan,,nan,,,,
0.0,0.0,0.0,0.0,0.0,0.0,0.0,0.0,1384.0,0.0,0.0,0.0,0.0,0.0,0.0,0.0,1384.0,2106.0,0.0,0.0,0.0,0.0,0.0,0.0,0.0,9.0,0.0,0.0,0.0,0.0,0.0,0.0,0.0,2115.0,nan,nan,nan,,nan,nan,nan,nan,nan,nan,nan,,,,nan,nan,nan,nan,nan,nan,nan,nan,nan,nan,nan,nan,,nan,nan,,,nan,nan,0.541100025177002,nan,nan,0.5931000113487244,nan,nan,0.5911999940872192,nan,nan,0.5370000004768372,nan,nan,0.5544000267982483,nan,nan,3.749255483853631e-05,nan,nan,47.67,nan,2095.0,nan,,nan,nan,nan,,nan,,,,
0.0,0.0,0.0,0.0,0.0,0.0,0.0,0.0,1332.0,0.0,0.0,0.0,0.0,0.0,0.0,0.0,1332.0,2057.0,0.0,0.0,0.0,0.0,0.0,0.0,0.0,8.0,0.0,0.0,0.0,0.0,0.0,0.0,0.0,2065.0,nan,nan,nan,,nan,nan,nan,nan,nan,nan,nan,,,,nan,nan,nan,nan,nan,nan,nan,nan,nan,nan,nan,nan,,nan,nan,,,nan,nan,0.541100025177002,nan,nan,0.5931000113487244,nan,nan,0.5911999940872192,nan,nan,0.5368000268936157,nan,nan,0.5543000102043152,nan,nan,3.766463487409055e-05,nan,nan,47.67,nan,2100.0,nan,,nan,nan,nan,,nan,,,,
0.0,0.0,0.0,0.0,0.0,0.0,0.0,0.0,1389.0,0.0,0.0,0.0,0.0,0.0,0.0,0.0,1389.0,2193.0,0.0,0.0,0.0,0.0,0.0,0.0,0.0,9.0,0.0,0.0,0.0,0.0,0.0,0.0,0.0,2202.0,nan,nan,nan,,nan,nan,nan,nan,nan,nan,nan,,,,nan,nan,nan,nan,nan,nan,nan,nan,nan,nan,nan,nan,,nan,nan,,,nan,nan,0.5410000085830688,nan,nan,0.5929999947547913,nan,nan,0.5913000106811523,nan,nan,0.5368000268936157,nan,nan,0.5543000102043152,nan,nan,3.7536876334343106e-05,nan,nan,47.67,nan,2105.0,nan,,nan,nan,nan,,nan,,,,
0.0,0.0,0.0,0.0,0.0,0.0,0.0,0.0,1344.0,0.0,0.0,0.0,0.0,0.0,0.0,0.0,1344.0,2106.0,0.0,0.0,0.0,0.0,0.0,0.0,0.0,15.0,0.0,0.0,0.0,0.0,0.0,0.0,0.0,2121.0,nan,nan,nan,,nan,nan,nan,nan,nan,nan,nan,,,,nan,nan,nan,nan,nan,nan,nan,nan,nan,nan,nan,nan,,nan,nan,,,nan,nan,0.5410000085830688,nan,nan,0.5929999947547913,nan,nan,0.5913000106811523,nan,nan,0.5368000268936157,nan,nan,0.5543000102043152,nan,nan,3.747041409951635e-05,nan,nan,47.67,nan,2110.0,nan,,nan,nan,nan,,nan,,,,
0.0,0.0,0.0,0.0,0.0,0.0,0.0,0.0,1378.0,0.0,0.0,0.0,0.0,0.0,0.0,0.0,1378.0,2116.0,0.0,0.0,0.0,0.0,0.0,0.0,0.0,13.0,0.0,0.0,0.0,0.0,0.0,0.0,0.0,2129.0,nan,nan,nan,,nan,nan,nan,nan,nan,nan,nan,,,,nan,nan,nan,nan,nan,nan,nan,nan,nan,nan,nan,nan,,nan,nan,,,nan,nan,0.5410000085830688,nan,nan,0.5929999947547913,nan,nan,0.5913000106811523,nan,nan,0.5368000268936157,nan,nan,0.5543000102043152,nan,nan,3.7536876334343106e-05,nan,nan,47.67,nan,2115.0,nan,,nan,nan,nan,,nan,,,,
0.0,0.0,0.0,0.0,0.0,0.0,0.0,0.0,1396.0,0.0,0.0,0.0,0.0,0.0,0.0,0.0,1396.0,2134.0,0.0,0.0,0.0,0.0,0.0,0.0,0.0,12.0,0.0,0.0,0.0,0.0,0.0,0.0,0.0,2146.0,nan,nan,nan,,nan,nan,nan,nan,nan,nan,nan,,,,nan,nan,nan,nan,nan,nan,nan,nan,nan,nan,nan,nan,,nan,nan,,,nan,nan,0.5410000085830688,nan,nan,0.5929999947547913,nan,nan,0.5913000106811523,nan,nan,0.5365999937057495,nan,nan,0.5541999936103821,nan,nan,3.751466647372581e-05,nan,nan,47.67,nan,2120.0,nan,,nan,nan,nan,,nan,,,,
0.0,0.0,0.0,0.0,0.0,0.0,0.0,0.0,1369.0,0.0,0.0,0.0,0.0,0.0,0.0,0.0,1369.0,2033.0,0.0,0.0,0.0,0.0,0.0,0.0,0.0,19.0,0.0,0.0,0.0,0.0,0.0,0.0,0.0,2052.0,nan,nan,nan,,nan,nan,nan,nan,nan,nan,nan,,,,nan,nan,nan,nan,nan,nan,nan,nan,nan,nan,nan,nan,,nan,nan,,,nan,nan,0.541100025177002,nan,nan,0.5928999781608582,nan,nan,0.5913000106811523,nan,nan,0.5365999937057495,nan,nan,0.5541999936103821,nan,nan,3.749255483853631e-05,nan,nan,47.67,nan,2125.0,nan,,nan,nan,nan,,nan,,,,
0.0,0.0,0.0,0.0,0.0,0.0,0.0,0.0,1459.0,0.0,0.0,0.0,0.0,0.0,0.0,0.0,1459.0,2238.0,0.0,0.0,0.0,0.0,0.0,0.0,0.0,6.0,0.0,0.0,0.0,0.0,0.0,0.0,0.0,2244.0,nan,nan,nan,,nan,nan,nan,nan,nan,nan,nan,,,,nan,nan,nan,nan,nan,nan,nan,nan,nan,nan,nan,nan,,nan,nan,,,nan,nan,0.541100025177002,nan,nan,0.5928999781608582,nan,nan,0.5913000106811523,nan,nan,0.5365999937057495,nan,nan,0.5541999936103821,nan,nan,3.755897341761738e-05,nan,nan,47.67,nan,2130.0,nan,,nan,nan,nan,,nan,,,,
0.0,0.0,0.0,0.0,0.0,0.0,0.0,0.0,1434.0,0.0,0.0,0.0,0.0,0.0,0.0,0.0,1434.0,2108.0,0.0,0.0,0.0,0.0,0.0,0.0,0.0,12.0,0.0,0.0,0.0,0.0,0.0,0.0,0.0,2120.0,nan,nan,nan,,nan,nan,nan,nan,nan,nan,nan,,,,nan,nan,nan,nan,nan,nan,nan,nan,nan,nan,nan,nan,,nan,nan,,,nan,nan,0.541100025177002,nan,nan,0.5928999781608582,nan,nan,0.5913000106811523,nan,nan,0.5361999869346619,nan,nan,0.5541999936103821,nan,nan,3.744824789464474e-05,nan,nan,47.67,nan,2135.0,nan,,nan,nan,nan,,nan,,,,
0.0,0.0,0.0,0.0,0.0,0.0,0.0,0.0,1440.0,0.0,0.0,0.0,0.0,0.0,0.0,0.0,1440.0,2129.0,0.0,0.0,0.0,0.0,0.0,0.0,0.0,13.0,0.0,0.0,0.0,0.0,0.0,0.0,0.0,2142.0,nan,nan,nan,,nan,nan,nan,nan,nan,nan,nan,,,,nan,nan,nan,nan,nan,nan,nan,nan,nan,nan,nan,nan,,nan,nan,,,nan,nan,0.541100025177002,nan,nan,0.5928999781608582,nan,nan,0.5913000106811523,nan,nan,0.5360999703407288,nan,nan,0.5539000034332275,nan,nan,3.7536876334343106e-05,nan,nan,47.67,nan,2140.0,nan,,nan,nan,nan,,nan,,,,
0.0,0.0,0.0,0.0,0.0,0.0,0.0,0.0,1516.0,0.0,0.0,0.0,0.0,0.0,0.0,0.0,1516.0,2097.0,0.0,0.0,0.0,0.0,0.0,0.0,0.0,12.0,0.0,0.0,0.0,0.0,0.0,0.0,0.0,2109.0,nan,nan,nan,,nan,nan,nan,nan,nan,nan,nan,,,,nan,nan,nan,nan,nan,nan,nan,nan,nan,nan,nan,nan,,nan,nan,,,nan,nan,0.5407000184059143,nan,nan,0.5928999781608582,nan,nan,0.5911999940872192,nan,nan,0.5365999937057495,nan,nan,0.554099977016449,nan,nan,3.749255483853631e-05,nan,nan,47.67,nan,2145.0,nan,,nan,nan,nan,,nan,,,,
0.0,0.0,0.0,0.0,0.0,0.0,0.0,0.0,1476.0,0.0,0.0,0.0,0.0,0.0,0.0,0.0,1476.0,2255.0,0.0,0.0,0.0,0.0,0.0,0.0,0.0,10.0,0.0,0.0,0.0,0.0,0.0,0.0,0.0,2265.0,nan,nan,nan,,nan,nan,nan,nan,nan,nan,nan,,,,nan,nan,nan,nan,nan,nan,nan,nan,nan,nan,nan,nan,,nan,nan,,,nan,nan,0.5407000184059143,nan,nan,0.5928999781608582,nan,nan,0.5911999940872192,nan,nan,0.536300003528595,nan,nan,0.5540000200271606,nan,nan,3.751466647372581e-05,nan,nan,47.67,nan,2150.0,nan,,nan,nan,nan,,nan,,,,
0.0,0.0,0.0,0.0,0.0,0.0,0.0,0.0,1473.0,0.0,0.0,0.0,0.0,0.0,0.0,0.0,1473.0,2090.0,0.0,0.0,0.0,0.0,0.0,0.0,0.0,7.0,0.0,0.0,0.0,0.0,0.0,0.0,0.0,2097.0,nan,nan,nan,,nan,nan,nan,nan,nan,nan,nan,,,,nan,nan,nan,nan,nan,nan,nan,nan,nan,nan,nan,nan,,nan,nan,,,nan,nan,0.5407000184059143,nan,nan,0.5928999781608582,nan,nan,0.5911999940872192,nan,nan,0.536300003528595,nan,nan,0.5540000200271606,nan,nan,3.749255483853631e-05,nan,nan,47.67,nan,2155.0,nan,,nan,nan,nan,,nan,,,,
0.0,0.0,0.0,0.0,0.0,0.0,0.0,0.0,1521.0,0.0,0.0,0.0,0.0,0.0,0.0,0.0,1521.0,2112.0,0.0,0.0,0.0,0.0,0.0,0.0,0.0,9.0,0.0,0.0,0.0,0.0,0.0,0.0,0.0,2121.0,nan,nan,nan,,nan,nan,nan,nan,nan,nan,nan,,,,nan,nan,nan,nan,nan,nan,nan,nan,nan,nan,nan,nan,,nan,nan,,,nan,nan,0.5407000184059143,nan,nan,0.5928999781608582,nan,nan,0.5911999940872192,nan,nan,0.5364999771118164,nan,nan,0.554099977016449,nan,nan,3.7603411328746006e-05,nan,nan,47.67,nan,2160.0,nan,,nan,nan,nan,,nan,,,,
0.0,0.0,0.0,0.0,0.0,0.0,0.0,0.0,1567.0,0.0,0.0,0.0,0.0,0.0,0.0,0.0,1567.0,2114.0,0.0,0.0,0.0,0.0,0.0,0.0,0.0,18.0,0.0,0.0,0.0,0.0,0.0,0.0,0.0,2132.0,nan,nan,nan,,nan,nan,nan,nan,nan,nan,nan,,,,nan,nan,nan,nan,nan,nan,nan,nan,nan,nan,nan,nan,,nan,nan,,,nan,nan,0.5407000184059143,nan,nan,0.5928999781608582,nan,nan,0.5910999774932861,nan,nan,0.5364999771118164,nan,nan,0.554099977016449,nan,nan,3.7603411328746006e-05,nan,nan,47.67,nan,2165.0,nan,,nan,nan,nan,,nan,,,,
0.0,0.0,0.0,0.0,0.0,0.0,0.0,0.0,1547.0,0.0,0.0,0.0,0.0,0.0,0.0,0.0,1547.0,2124.0,0.0,0.0,0.0,0.0,0.0,0.0,0.0,17.0,0.0,0.0,0.0,0.0,0.0,0.0,0.0,2141.0,nan,nan,nan,,nan,nan,nan,nan,nan,nan,nan,,,,nan,nan,nan,nan,nan,nan,nan,nan,nan,nan,nan,nan,,nan,nan,,,nan,nan,0.5407000184059143,nan,nan,0.5928999781608582,nan,nan,0.5910999774932861,nan,nan,0.5364999771118164,nan,nan,0.554099977016449,nan,nan,3.755897341761738e-05,nan,nan,47.67,nan,2170.0,nan,,nan,nan,nan,,nan,,,,
0.0,0.0,0.0,0.0,0.0,0.0,0.0,0.0,1464.0,0.0,0.0,0.0,0.0,0.0,0.0,0.0,1464.0,2229.0,0.0,0.0,0.0,0.0,0.0,0.0,0.0,12.0,0.0,0.0,0.0,0.0,0.0,0.0,0.0,2241.0,nan,nan,nan,,nan,nan,nan,nan,nan,nan,nan,,,,nan,nan,nan,nan,nan,nan,nan,nan,nan,nan,nan,nan,,nan,nan,,,nan,nan,0.5407000184059143,nan,nan,0.5928999781608582,nan,nan,0.5910999774932861,nan,nan,0.5364999771118164,nan,nan,0.554099977016449,nan,nan,3.758120510610752e-05,nan,nan,47.68,nan,2175.0,nan,,nan,nan,nan,,nan,,,,
0.0,0.0,0.0,0.0,0.0,0.0,0.0,0.0,1573.0,0.0,0.0,0.0,0.0,0.0,0.0,0.0,1573.0,2094.0,0.0,0.0,0.0,0.0,0.0,0.0,0.0,14.0,0.0,0.0,0.0,0.0,0.0,0.0,0.0,2108.0,nan,nan,nan,,nan,nan,nan,nan,nan,nan,nan,,,,nan,nan,nan,nan,nan,nan,nan,nan,nan,nan,nan,nan,,nan,nan,,,nan,nan,0.5407000184059143,nan,nan,0.5928999781608582,nan,nan,0.5910999774932861,nan,nan,0.5365999937057495,nan,nan,0.5541999936103821,nan,nan,3.758120510610752e-05,nan,nan,47.68,nan,2180.0,nan,,nan,nan,nan,,nan,,,,
0.0,0.0,0.0,0.0,0.0,0.0,0.0,0.0,1621.0,0.0,0.0,0.0,0.0,0.0,0.0,0.0,1621.0,2224.0,0.0,0.0,0.0,0.0,0.0,0.0,0.0,11.0,0.0,0.0,0.0,0.0,0.0,0.0,0.0,2235.0,nan,nan,nan,,nan,nan,nan,nan,nan,nan,nan,,,,nan,nan,nan,nan,nan,nan,nan,nan,nan,nan,nan,nan,,nan,nan,,,nan,nan,0.5408999919891357,nan,nan,0.5929999947547913,nan,nan,0.5910000205039978,nan,nan,0.5365999937057495,nan,nan,0.5541999936103821,nan,nan,3.7603411328746006e-05,nan,nan,47.68,nan,2185.0,nan,,nan,nan,nan,,nan,,,,
0.0,0.0,0.0,0.0,0.0,0.0,0.0,0.0,1620.0,0.0,0.0,0.0,0.0,0.0,0.0,0.0,1620.0,2196.0,0.0,0.0,0.0,0.0,0.0,0.0,0.0,9.0,0.0,0.0,0.0,0.0,0.0,0.0,0.0,2205.0,nan,nan,nan,,nan,nan,nan,nan,nan,nan,nan,,,,nan,nan,nan,nan,nan,nan,nan,nan,nan,nan,nan,nan,,nan,nan,,,nan,nan,0.5408999919891357,nan,nan,0.5929999947547913,nan,nan,0.5910000205039978,nan,nan,0.5365999937057495,nan,nan,0.5541999936103821,nan,nan,3.7603411328746006e-05,nan,nan,47.68,nan,2190.0,nan,,nan,nan,nan,,nan,,,,
0.0,0.0,0.0,0.0,0.0,0.0,0.0,0.0,1563.0,0.0,0.0,0.0,0.0,0.0,0.0,0.0,1563.0,2146.0,0.0,0.0,0.0,0.0,0.0,0.0,0.0,7.0,0.0,0.0,0.0,0.0,0.0,0.0,0.0,2153.0,nan,nan,nan,,nan,nan,nan,nan,nan,nan,nan,,,,nan,nan,nan,nan,nan,nan,nan,nan,nan,nan,nan,nan,,nan,nan,,,nan,nan,0.5408999919891357,nan,nan,0.5929999947547913,nan,nan,0.5910000205039978,nan,nan,0.5365999937057495,nan,nan,0.5541999936103821,nan,nan,3.758120510610752e-05,nan,nan,47.68,nan,2195.0,nan,,nan,nan,nan,,nan,,,,
0.0,0.0,0.0,0.0,0.0,0.0,0.0,0.0,1645.0,0.0,0.0,0.0,0.0,0.0,0.0,0.0,1645.0,2158.0,0.0,0.0,0.0,0.0,0.0,0.0,0.0,9.0,0.0,0.0,0.0,0.0,0.0,0.0,0.0,2167.0,nan,nan,nan,,nan,nan,nan,nan,nan,nan,nan,,,,nan,nan,nan,nan,nan,nan,nan,nan,nan,nan,nan,nan,,nan,nan,,,nan,nan,0.5408999919891357,nan,nan,0.5929999947547913,nan,nan,0.5910000205039978,nan,nan,0.5365999937057495,nan,nan,0.554099977016449,nan,nan,3.7603411328746006e-05,nan,nan,47.68,nan,2200.0,nan,,nan,nan,nan,,nan,,,,
0.0,0.0,0.0,0.0,0.0,0.0,0.0,0.0,1666.0,0.0,0.0,0.0,0.0,0.0,0.0,0.0,1666.0,2129.0,0.0,0.0,0.0,0.0,0.0,0.0,0.0,11.0,0.0,0.0,0.0,0.0,0.0,0.0,0.0,2140.0,nan,nan,nan,,nan,nan,nan,nan,nan,nan,nan,,,,nan,nan,nan,nan,nan,nan,nan,nan,nan,nan,nan,nan,,nan,nan,,,nan,nan,0.541100025177002,nan,nan,0.5929999947547913,nan,nan,0.5910999774932861,nan,nan,0.5365999937057495,nan,nan,0.554099977016449,nan,nan,3.7670110032195225e-05,nan,nan,47.68,nan,2205.0,nan,,nan,nan,nan,,nan,,,,
0.0,0.0,0.0,0.0,0.0,0.0,0.0,0.0,1630.0,0.0,0.0,0.0,0.0,0.0,0.0,0.0,1630.0,2164.0,0.0,0.0,0.0,0.0,0.0,0.0,0.0,8.0,0.0,0.0,0.0,0.0,0.0,0.0,0.0,2172.0,nan,nan,nan,,nan,nan,nan,nan,nan,nan,nan,,,,nan,nan,nan,nan,nan,nan,nan,nan,nan,nan,nan,nan,,nan,nan,,,nan,nan,0.541100025177002,nan,nan,0.5929999947547913,nan,nan,0.5910999774932861,nan,nan,0.5365999937057495,nan,nan,0.554099977016449,nan,nan,3.7603411328746006e-05,nan,nan,47.68,nan,2210.0,nan,,nan,nan,nan,,nan,,,,
0.0,0.0,0.0,0.0,0.0,0.0,0.0,0.0,1779.0,0.0,0.0,0.0,0.0,0.0,0.0,0.0,1779.0,2055.0,0.0,0.0,0.0,0.0,0.0,0.0,0.0,19.0,0.0,0.0,0.0,0.0,0.0,0.0,0.0,2074.0,nan,nan,nan,,nan,nan,nan,nan,nan,nan,nan,,,,nan,nan,nan,nan,nan,nan,nan,nan,nan,nan,nan,nan,,nan,nan,,,nan,nan,0.541100025177002,nan,nan,0.5929999947547913,nan,nan,0.5910999774932861,nan,nan,0.536899983882904,nan,nan,0.5543000102043152,nan,nan,3.7603411328746006e-05,nan,nan,47.68,nan,2215.0,nan,,nan,nan,nan,,nan,,,,
0.0,0.0,0.0,0.0,0.0,0.0,0.0,0.0,1701.0,0.0,0.0,0.0,0.0,0.0,0.0,0.0,1701.0,2118.0,0.0,0.0,0.0,0.0,0.0,0.0,0.0,11.0,0.0,0.0,0.0,0.0,0.0,0.0,0.0,2129.0,nan,nan,nan,,nan,nan,nan,nan,nan,nan,nan,,,,nan,nan,nan,nan,nan,nan,nan,nan,nan,nan,nan,nan,,nan,nan,,,nan,nan,0.541100025177002,nan,nan,0.5929999947547913,nan,nan,0.5910999774932861,nan,nan,0.5365999937057495,nan,nan,0.554099977016449,nan,nan,3.764782377402298e-05,nan,nan,47.68,nan,2220.0,nan,,nan,nan,nan,,nan,,,,
0.0,0.0,0.0,0.0,0.0,0.0,0.0,0.0,1711.0,0.0,0.0,0.0,0.0,0.0,0.0,0.0,1711.0,2113.0,0.0,0.0,0.0,0.0,0.0,0.0,0.0,10.0,0.0,0.0,0.0,0.0,0.0,0.0,0.0,2123.0,nan,nan,nan,,nan,nan,nan,nan,nan,nan,nan,,,,nan,nan,nan,nan,nan,nan,nan,nan,nan,nan,nan,nan,,nan,nan,,,nan,nan,0.5411999821662903,nan,nan,0.5929999947547913,nan,nan,0.5911999940872192,nan,nan,0.5368000268936157,nan,nan,0.5543000102043152,nan,nan,3.758120510610752e-05,nan,nan,47.68,nan,2225.0,nan,,nan,nan,nan,,nan,,,,
0.0,0.0,0.0,0.0,0.0,0.0,0.0,0.0,1768.0,0.0,0.0,0.0,0.0,0.0,0.0,0.0,1768.0,2095.0,0.0,0.0,0.0,0.0,0.0,0.0,0.0,12.0,0.0,0.0,0.0,0.0,0.0,0.0,0.0,2107.0,nan,nan,nan,,nan,nan,nan,nan,nan,nan,nan,,,,nan,nan,nan,nan,nan,nan,nan,nan,nan,nan,nan,nan,,nan,nan,,,nan,nan,0.5411999821662903,nan,nan,0.5929999947547913,nan,nan,0.5911999940872192,nan,nan,0.5368000268936157,nan,nan,0.5543000102043152,nan,nan,3.764782377402298e-05,nan,nan,47.68,nan,2230.0,nan,,nan,nan,nan,,nan,,,,
0.0,0.0,0.0,0.0,0.0,0.0,0.0,0.0,1792.0,0.0,0.0,0.0,0.0,0.0,0.0,0.0,1792.0,2181.0,0.0,0.0,0.0,0.0,0.0,0.0,0.0,7.0,0.0,0.0,0.0,0.0,0.0,0.0,0.0,2188.0,nan,nan,nan,,nan,nan,nan,nan,nan,nan,nan,,,,nan,nan,nan,nan,nan,nan,nan,nan,nan,nan,nan,nan,,nan,nan,,,nan,nan,0.5411999821662903,nan,nan,0.5929999947547913,nan,nan,0.5911999940872192,nan,nan,0.5368000268936157,nan,nan,0.5543000102043152,nan,nan,3.7625592085532844e-05,nan,nan,47.68,nan,2235.0,nan,,nan,nan,nan,,nan,,,,
0.0,0.0,0.0,0.0,0.0,0.0,0.0,0.0,1775.0,0.0,0.0,0.0,0.0,0.0,0.0,0.0,1775.0,2188.0,0.0,0.0,0.0,0.0,0.0,0.0,0.0,7.0,0.0,0.0,0.0,0.0,0.0,0.0,0.0,2195.0,nan,nan,nan,,nan,nan,nan,nan,nan,nan,nan,,,,nan,nan,nan,nan,nan,nan,nan,nan,nan,nan,nan,nan,,nan,nan,,,nan,nan,0.5411999821662903,nan,nan,0.5929999947547913,nan,nan,0.5911999940872192,nan,nan,0.5368000268936157,nan,nan,0.5543000102043152,nan,nan,3.7670110032195225e-05,nan,nan,47.68,nan,2240.0,nan,,nan,nan,nan,,nan,,,,
0.0,0.0,0.0,0.0,0.0,0.0,0.0,0.0,1779.0,0.0,0.0,0.0,0.0,0.0,0.0,0.0,1779.0,2182.0,0.0,0.0,0.0,0.0,0.0,0.0,0.0,12.0,0.0,0.0,0.0,0.0,0.0,0.0,0.0,2194.0,nan,nan,nan,,nan,nan,nan,nan,nan,nan,nan,,,,nan,nan,nan,nan,nan,nan,nan,nan,nan,nan,nan,nan,,nan,nan,,,nan,nan,0.541100025177002,nan,nan,0.5929999947547913,nan,nan,0.5911999940872192,nan,nan,0.5368000268936157,nan,nan,0.5543000102043152,nan,nan,3.7603411328746006e-05,nan,nan,47.68,nan,2245.0,nan,,nan,nan,nan,,nan,,,,
0.0,0.0,0.0,0.0,0.0,0.0,0.0,0.0,1782.0,0.0,0.0,0.0,0.0,0.0,0.0,0.0,1782.0,2193.0,0.0,0.0,0.0,0.0,0.0,0.0,0.0,9.0,0.0,0.0,0.0,0.0,0.0,0.0,0.0,2202.0,nan,nan,nan,,nan,nan,nan,nan,nan,nan,nan,,,,nan,nan,nan,nan,nan,nan,nan,nan,nan,nan,nan,nan,,nan,nan,,,nan,nan,0.541100025177002,nan,nan,0.5929999947547913,nan,nan,0.5911999940872192,nan,nan,0.5368000268936157,nan,nan,0.5543000102043152,nan,nan,3.7603411328746006e-05,nan,nan,47.68,nan,2250.0,nan,,nan,nan,nan,,nan,,,,
0.0,0.0,0.0,0.0,0.0,0.0,0.0,0.0,1868.0,0.0,0.0,0.0,0.0,0.0,0.0,0.0,1868.0,2179.0,0.0,0.0,0.0,0.0,0.0,0.0,0.0,13.0,0.0,0.0,0.0,0.0,0.0,0.0,0.0,2192.0,nan,nan,nan,,nan,nan,nan,nan,nan,nan,nan,,,,nan,nan,nan,nan,nan,nan,nan,nan,nan,nan,nan,nan,,nan,nan,,,nan,nan,0.541100025177002,nan,nan,0.5929999947547913,nan,nan,0.5911999940872192,nan,nan,0.5368000268936157,nan,nan,0.5543000102043152,nan,nan,3.758120510610752e-05,nan,nan,47.68,nan,2255.0,nan,,nan,nan,nan,,nan,,,,
0.0,0.0,0.0,0.0,0.0,0.0,0.0,0.0,1901.0,0.0,0.0,0.0,0.0,0.0,0.0,0.0,1901.0,2233.0,0.0,0.0,0.0,0.0,0.0,0.0,0.0,12.0,0.0,0.0,0.0,0.0,0.0,0.0,0.0,2245.0,nan,nan,nan,,nan,nan,nan,nan,nan,nan,nan,,,,nan,nan,nan,nan,nan,nan,nan,nan,nan,nan,nan,nan,,nan,nan,,,nan,nan,0.541100025177002,nan,nan,0.5929999947547913,nan,nan,0.5911999940872192,nan,nan,0.536300003528595,nan,nan,0.5540000200271606,nan,nan,3.764782377402298e-05,nan,nan,47.68,nan,2260.0,nan,,nan,nan,nan,,nan,,,,
0.0,0.0,0.0,0.0,0.0,0.0,0.0,0.0,1905.0,0.0,0.0,0.0,0.0,0.0,0.0,0.0,1905.0,2206.0,0.0,0.0,0.0,0.0,0.0,0.0,0.0,9.0,0.0,0.0,0.0,0.0,0.0,0.0,0.0,2215.0,nan,nan,nan,,nan,nan,nan,nan,nan,nan,nan,,,,nan,nan,nan,nan,nan,nan,nan,nan,nan,nan,nan,nan,,nan,nan,,,nan,nan,0.5410000085830688,nan,nan,0.5929999947547913,nan,nan,0.5911999940872192,nan,nan,0.536300003528595,nan,nan,0.5540000200271606,nan,nan,3.745390858966857e-05,nan,nan,47.68,nan,2265.0,nan,,nan,nan,nan,,nan,,,,
0.0,0.0,0.0,0.0,0.0,0.0,0.0,0.0,1905.0,0.0,0.0,0.0,0.0,0.0,0.0,0.0,1905.0,2145.0,0.0,0.0,0.0,0.0,0.0,0.0,0.0,10.0,0.0,0.0,0.0,0.0,0.0,0.0,0.0,2155.0,nan,nan,nan,,nan,nan,nan,nan,nan,nan,nan,,,,nan,nan,nan,nan,nan,nan,nan,nan,nan,nan,nan,nan,,nan,nan,,,nan,nan,0.5410000085830688,nan,nan,0.5929999947547913,nan,nan,0.5911999940872192,nan,nan,0.536300003528595,nan,nan,0.5540000200271606,nan,nan,3.7603411328746006e-05,nan,nan,47.68,nan,2270.0,nan,,nan,nan,nan,,nan,,,,
0.0,0.0,0.0,0.0,0.0,0.0,0.0,0.0,1898.0,0.0,0.0,0.0,0.0,0.0,0.0,0.0,1898.0,2146.0,0.0,0.0,0.0,0.0,0.0,0.0,0.0,11.0,0.0,0.0,0.0,0.0,0.0,0.0,0.0,2157.0,nan,nan,nan,,nan,nan,nan,nan,nan,nan,nan,,,,nan,nan,nan,nan,nan,nan,nan,nan,nan,nan,nan,nan,,nan,nan,,,nan,nan,0.5410000085830688,nan,nan,0.5929999947547913,nan,nan,0.5911999940872192,nan,nan,0.536300003528595,nan,nan,0.5540000200271606,nan,nan,3.7603411328746006e-05,nan,nan,47.68,nan,2275.0,nan,,nan,nan,nan,,nan,,,,
0.0,0.0,0.0,0.0,0.0,0.0,0.0,0.0,1961.0,0.0,0.0,0.0,0.0,0.0,0.0,0.0,1961.0,2101.0,0.0,0.0,0.0,0.0,0.0,0.0,0.0,9.0,0.0,0.0,0.0,0.0,0.0,0.0,0.0,2110.0,nan,nan,nan,,nan,nan,nan,nan,nan,nan,nan,,,,nan,nan,nan,nan,nan,nan,nan,nan,nan,nan,nan,nan,,nan,nan,,,nan,nan,0.5410000085830688,nan,nan,0.5929999947547913,nan,nan,0.5911999940872192,nan,nan,0.5367000102996826,nan,nan,0.5541999936103821,nan,nan,3.7625592085532844e-05,nan,nan,47.68,nan,2280.0,nan,,nan,nan,nan,,nan,,,,
0.0,0.0,0.0,0.0,0.0,0.0,0.0,0.0,1990.0,0.0,0.0,0.0,0.0,0.0,0.0,0.0,1990.0,2130.0,0.0,0.0,0.0,0.0,0.0,0.0,0.0,12.0,0.0,0.0,0.0,0.0,0.0,0.0,0.0,2142.0,nan,nan,nan,,nan,nan,nan,nan,nan,nan,nan,,,,nan,nan,nan,nan,nan,nan,nan,nan,nan,nan,nan,nan,,nan,nan,,,nan,nan,0.5411999821662903,nan,nan,0.5929999947547913,nan,nan,0.5911999940872192,nan,nan,0.5367000102996826,nan,nan,0.5541999936103821,nan,nan,3.747618029592559e-05,nan,nan,47.68,nan,2285.0,nan,,nan,nan,nan,,nan,,,,
0.0,0.0,0.0,0.0,0.0,0.0,0.0,0.0,1972.0,0.0,0.0,0.0,0.0,0.0,0.0,0.0,1972.0,2181.0,0.0,0.0,0.0,0.0,0.0,0.0,0.0,17.0,0.0,0.0,0.0,0.0,0.0,0.0,0.0,2198.0,nan,nan,nan,,nan,nan,nan,nan,nan,nan,nan,,,,nan,nan,nan,nan,nan,nan,nan,nan,nan,nan,nan,nan,,nan,nan,,,nan,nan,0.5411999821662903,nan,nan,0.5929999947547913,nan,nan,0.5911999940872192,nan,nan,0.5364999771118164,nan,nan,0.554099977016449,nan,nan,3.7864010664634407e-05,nan,nan,47.68,nan,2290.0,nan,,nan,nan,nan,,nan,,,,
0.0,0.0,0.0,0.0,0.0,0.0,0.0,0.0,2038.0,0.0,0.0,0.0,0.0,0.0,0.0,0.0,2038.0,2148.0,0.0,0.0,0.0,0.0,0.0,0.0,0.0,14.0,0.0,0.0,0.0,0.0,0.0,0.0,0.0,2162.0,nan,nan,nan,,nan,nan,nan,nan,nan,nan,nan,,,,nan,nan,nan,nan,nan,nan,nan,nan,nan,nan,nan,nan,,nan,nan,,,nan,nan,0.5411999821662903,nan,nan,0.5929999947547913,nan,nan,0.5911999940872192,nan,nan,0.5368000268936157,nan,nan,0.5543000102043152,nan,nan,3.7670110032195225e-05,nan,nan,47.68,nan,2295.0,nan,,nan,nan,nan,,nan,,,,
0.0,0.0,0.0,0.0,0.0,0.0,0.0,0.0,2002.0,0.0,0.0,0.0,0.0,0.0,0.0,0.0,2002.0,2089.0,0.0,0.0,0.0,0.0,0.0,0.0,0.0,13.0,0.0,0.0,0.0,0.0,0.0,0.0,0.0,2102.0,nan,nan,nan,,nan,nan,nan,nan,nan,nan,nan,,,,nan,nan,nan,nan,nan,nan,nan,nan,nan,nan,nan,nan,,nan,nan,,,nan,nan,0.5411999821662903,nan,nan,0.5929999947547913,nan,nan,0.5911999940872192,nan,nan,0.5368000268936157,nan,nan,0.5543000102043152,nan,nan,3.790852861129679e-05,nan,nan,47.68,nan,2300.0,nan,,nan,nan,nan,,nan,,,,
0.0,0.0,0.0,0.0,0.0,0.0,0.0,0.0,2077.0,0.0,0.0,0.0,0.0,0.0,0.0,0.0,2077.0,2186.0,0.0,0.0,0.0,0.0,0.0,0.0,0.0,17.0,0.0,0.0,0.0,0.0,0.0,0.0,0.0,2203.0,nan,nan,nan,,nan,nan,nan,nan,nan,nan,nan,,,,nan,nan,nan,nan,nan,nan,nan,nan,nan,nan,nan,nan,,nan,nan,,,nan,nan,0.5411999821662903,nan,nan,0.5929999947547913,nan,nan,0.5913000106811523,nan,nan,0.536899983882904,nan,nan,0.5543000102043152,nan,nan,3.7692327168770134e-05,nan,nan,47.68,nan,2305.0,nan,,nan,nan,nan,,nan,,,,
0.0,0.0,0.0,0.0,0.0,0.0,0.0,0.0,2113.0,0.0,0.0,0.0,0.0,0.0,0.0,0.0,2113.0,2209.0,0.0,0.0,0.0,0.0,0.0,0.0,0.0,10.0,0.0,0.0,0.0,0.0,0.0,0.0,0.0,2219.0,nan,nan,nan,,nan,nan,nan,nan,nan,nan,nan,,,,nan,nan,nan,nan,nan,nan,nan,nan,nan,nan,nan,nan,,nan,nan,,,nan,nan,0.5411999821662903,nan,nan,0.5929999947547913,nan,nan,0.5913000106811523,nan,nan,0.536899983882904,nan,nan,0.5543000102043152,nan,nan,3.771459887502715e-05,nan,nan,47.68,nan,2310.0,nan,,nan,nan,nan,,nan,,,,
0.0,0.0,0.0,0.0,0.0,0.0,0.0,0.0,2102.0,0.0,0.0,0.0,0.0,0.0,0.0,0.0,2102.0,2202.0,0.0,0.0,0.0,0.0,0.0,0.0,0.0,17.0,0.0,0.0,0.0,0.0,0.0,0.0,0.0,2219.0,nan,nan,nan,,nan,nan,nan,nan,nan,nan,nan,,,,nan,nan,nan,nan,nan,nan,nan,nan,nan,nan,nan,nan,,nan,nan,,,nan,nan,0.5411999821662903,nan,nan,0.5929999947547913,nan,nan,0.5913000106811523,nan,nan,0.536899983882904,nan,nan,0.5543000102043152,nan,nan,3.7692327168770134e-05,nan,nan,47.68,nan,2315.0,nan,,nan,nan,nan,,nan,,,,
0.0,0.0,0.0,0.0,0.0,0.0,0.0,0.0,2140.0,0.0,0.0,0.0,0.0,0.0,0.0,0.0,2140.0,2143.0,0.0,0.0,0.0,0.0,0.0,0.0,0.0,14.0,0.0,0.0,0.0,0.0,0.0,0.0,0.0,2157.0,nan,nan,nan,,nan,nan,nan,nan,nan,nan,nan,,,,nan,nan,nan,nan,nan,nan,nan,nan,nan,nan,nan,nan,,nan,nan,,,nan,nan,0.5411999821662903,nan,nan,0.5929999947547913,nan,nan,0.5913000106811523,nan,nan,0.5364999771118164,nan,nan,0.5541999936103821,nan,nan,3.7498462916119024e-05,nan,nan,47.68,nan,2320.0,nan,,nan,nan,nan,,nan,,,,
0.0,0.0,0.0,0.0,0.0,0.0,0.0,0.0,2148.0,0.0,0.0,0.0,0.0,0.0,0.0,0.0,2148.0,2114.0,0.0,0.0,0.0,0.0,0.0,0.0,0.0,14.0,0.0,0.0,0.0,0.0,0.0,0.0,0.0,2128.0,nan,nan,nan,,nan,nan,nan,nan,nan,nan,nan,,,,nan,nan,nan,nan,nan,nan,nan,nan,nan,nan,nan,nan,,nan,nan,,,nan,nan,0.5410000085830688,nan,nan,0.5928999781608582,nan,nan,0.5911999940872192,nan,nan,0.5364999771118164,nan,nan,0.5541999936103821,nan,nan,3.7692327168770134e-05,nan,nan,47.68,nan,2325.0,nan,,nan,nan,nan,,nan,,,,
0.0,0.0,0.0,0.0,0.0,0.0,0.0,0.0,2254.0,0.0,0.0,0.0,0.0,0.0,0.0,0.0,2254.0,2099.0,0.0,0.0,0.0,0.0,0.0,0.0,0.0,19.0,0.0,0.0,0.0,0.0,0.0,0.0,0.0,2118.0,nan,nan,nan,,nan,nan,nan,nan,nan,nan,nan,,,,nan,nan,nan,nan,nan,nan,nan,nan,nan,nan,nan,nan,,nan,nan,,,nan,nan,0.5410000085830688,nan,nan,0.5928999781608582,nan,nan,0.5911999940872192,nan,nan,0.5364999771118164,nan,nan,0.5541999936103821,nan,nan,3.771459887502715e-05,nan,nan,47.68,nan,2330.0,nan,,nan,nan,nan,,nan,,,,
0.0,0.0,0.0,0.0,0.0,0.0,0.0,0.0,2221.0,0.0,0.0,0.0,0.0,0.0,0.0,0.0,2221.0,2093.0,0.0,0.0,0.0,0.0,0.0,0.0,0.0,16.0,0.0,0.0,0.0,0.0,0.0,0.0,0.0,2109.0,nan,nan,nan,,nan,nan,nan,nan,nan,nan,nan,,,,nan,nan,nan,nan,nan,nan,nan,nan,nan,nan,nan,nan,,nan,nan,,,nan,nan,0.5410000085830688,nan,nan,0.5928999781608582,nan,nan,0.5911999940872192,nan,nan,0.5364999771118164,nan,nan,0.5541999936103821,nan,nan,3.773688149522059e-05,nan,nan,47.68,nan,2335.0,nan,,nan,nan,nan,,nan,,,,
0.0,0.0,0.0,0.0,0.0,0.0,0.0,0.0,2145.0,0.0,0.0,0.0,0.0,0.0,0.0,0.0,2145.0,2132.0,0.0,0.0,0.0,0.0,0.0,0.0,0.0,15.0,0.0,0.0,0.0,0.0,0.0,0.0,0.0,2147.0,nan,nan,nan,,nan,nan,nan,nan,nan,nan,nan,,,,nan,nan,nan,nan,nan,nan,nan,nan,nan,nan,nan,nan,,nan,nan,,,nan,nan,0.5410000085830688,nan,nan,0.5928999781608582,nan,nan,0.5911999940872192,nan,nan,0.5371999740600586,nan,nan,0.5544999837875366,nan,nan,3.773688149522059e-05,nan,nan,47.68,nan,2340.0,nan,,nan,nan,nan,,nan,,,,
0.0,0.0,0.0,0.0,0.0,0.0,0.0,0.0,2158.0,0.0,0.0,0.0,0.0,0.0,0.0,0.0,2158.0,2152.0,0.0,0.0,0.0,0.0,0.0,0.0,0.0,11.0,0.0,0.0,0.0,0.0,0.0,0.0,0.0,2163.0,nan,nan,nan,,nan,nan,nan,nan,nan,nan,nan,,,,nan,nan,nan,nan,nan,nan,nan,nan,nan,nan,nan,nan,,nan,nan,,,nan,nan,0.5414999723434448,nan,nan,0.5931000113487244,nan,nan,0.5913000106811523,nan,nan,0.5371999740600586,nan,nan,0.5544999837875366,nan,nan,3.771459887502715e-05,nan,nan,47.68,nan,2345.0,nan,,nan,nan,nan,,nan,,,,
0.0,0.0,0.0,0.0,0.0,0.0,0.0,0.0,2233.0,0.0,0.0,0.0,0.0,0.0,0.0,0.0,2233.0,2061.0,0.0,0.0,0.0,0.0,0.0,0.0,0.0,7.0,0.0,0.0,0.0,0.0,0.0,0.0,0.0,2068.0,nan,nan,nan,,nan,nan,nan,nan,nan,nan,nan,,,,nan,nan,nan,nan,nan,nan,nan,nan,nan,nan,nan,nan,,nan,nan,,,nan,nan,0.5414999723434448,nan,nan,0.5931000113487244,nan,nan,0.5913000106811523,nan,nan,0.5371999740600586,nan,nan,0.5544999837875366,nan,nan,3.773688149522059e-05,nan,nan,47.68,nan,2350.0,nan,,nan,nan,nan,,nan,,,,
0.0,0.0,0.0,0.0,0.0,0.0,0.0,0.0,2263.0,0.0,0.0,0.0,0.0,0.0,0.0,0.0,2263.0,2102.0,0.0,0.0,0.0,0.0,0.0,0.0,0.0,12.0,0.0,0.0,0.0,0.0,0.0,0.0,0.0,2114.0,nan,nan,nan,,nan,nan,nan,nan,nan,nan,nan,,,,nan,nan,nan,nan,nan,nan,nan,nan,nan,nan,nan,nan,,nan,nan,,,nan,nan,0.5414999723434448,nan,nan,0.5931000113487244,nan,nan,0.5913000106811523,nan,nan,0.5371999740600586,nan,nan,0.5544999837875366,nan,nan,3.7692327168770134e-05,nan,nan,47.68,nan,2355.0,nan,,nan,nan,nan,,nan,,,,
0.0,0.0,0.0,0.0,0.0,0.0,0.0,0.0,2341.0,0.0,0.0,0.0,0.0,0.0,0.0,0.0,2341.0,2114.0,0.0,0.0,0.0,0.0,0.0,0.0,0.0,9.0,0.0,0.0,0.0,0.0,0.0,0.0,0.0,2123.0,nan,nan,nan,,nan,nan,nan,nan,nan,nan,nan,,,,nan,nan,nan,nan,nan,nan,nan,nan,nan,nan,nan,nan,,nan,nan,,,nan,nan,0.5414999723434448,nan,nan,0.5931000113487244,nan,nan,0.5913000106811523,nan,nan,0.536300003528595,nan,nan,0.5540000200271606,nan,nan,3.773688149522059e-05,nan,nan,47.68,nan,2360.0,nan,,nan,nan,nan,,nan,,,,
0.0,0.0,0.0,0.0,0.0,0.0,0.0,0.0,2412.0,0.0,0.0,0.0,0.0,0.0,0.0,0.0,2412.0,2082.0,0.0,0.0,0.0,0.0,0.0,0.0,0.0,9.0,0.0,0.0,0.0,0.0,0.0,0.0,0.0,2091.0,nan,nan,nan,,nan,nan,nan,nan,nan,nan,nan,,,,nan,nan,nan,nan,nan,nan,nan,nan,nan,nan,nan,nan,,nan,nan,,,nan,nan,0.5408999919891357,nan,nan,0.5928999781608582,nan,nan,0.5913000106811523,nan,nan,0.5371000170707703,nan,nan,0.5544000267982483,nan,nan,3.773688149522059e-05,nan,nan,47.68,nan,2365.0,nan,,nan,nan,nan,,nan,,,,
0.0,0.0,0.0,0.0,0.0,0.0,0.0,0.0,2378.0,0.0,0.0,0.0,0.0,0.0,0.0,0.0,2378.0,2163.0,0.0,0.0,0.0,0.0,0.0,0.0,0.0,10.0,0.0,0.0,0.0,0.0,0.0,0.0,0.0,2173.0,nan,nan,nan,,nan,nan,nan,nan,nan,nan,nan,,,,nan,nan,nan,nan,nan,nan,nan,nan,nan,nan,nan,nan,,nan,nan,,,nan,nan,0.5408999919891357,nan,nan,0.5928999781608582,nan,nan,0.5913000106811523,nan,nan,0.5364999771118164,nan,nan,0.554099977016449,nan,nan,3.7692327168770134e-05,nan,nan,47.68,nan,2370.0,nan,,nan,nan,nan,,nan,,,,
0.0,0.0,0.0,0.0,0.0,0.0,0.0,0.0,2389.0,0.0,0.0,0.0,0.0,0.0,0.0,0.0,2389.0,2121.0,0.0,0.0,0.0,0.0,0.0,0.0,0.0,6.0,0.0,0.0,0.0,0.0,0.0,0.0,0.0,2127.0,nan,nan,nan,,nan,nan,nan,nan,nan,nan,nan,,,,nan,nan,nan,nan,nan,nan,nan,nan,nan,nan,nan,nan,,nan,nan,,,nan,nan,0.5408999919891357,nan,nan,0.5928999781608582,nan,nan,0.5913000106811523,nan,nan,0.5367000102996826,nan,nan,0.5541999936103821,nan,nan,3.7781490391353145e-05,nan,nan,47.68,nan,2375.0,nan,,nan,nan,nan,,nan,,,,
0.0,0.0,0.0,0.0,0.0,0.0,0.0,0.0,2411.0,0.0,0.0,0.0,0.0,0.0,0.0,0.0,2411.0,2167.0,0.0,0.0,0.0,0.0,0.0,0.0,0.0,21.0,0.0,0.0,0.0,0.0,0.0,0.0,0.0,2188.0,nan,nan,nan,,nan,nan,nan,nan,nan,nan,nan,,,,nan,nan,nan,nan,nan,nan,nan,nan,nan,nan,nan,nan,,nan,nan,,,nan,nan,0.5408999919891357,nan,nan,0.5928999781608582,nan,nan,0.5913000106811523,nan,nan,0.5368000268936157,nan,nan,0.5543000102043152,nan,nan,3.7759138649562374e-05,nan,nan,47.68,nan,2380.0,nan,,nan,nan,nan,,nan,,,,
0.0,0.0,0.0,0.0,0.0,0.0,0.0,0.0,2554.0,0.0,0.0,0.0,0.0,0.0,0.0,0.0,2554.0,2152.0,0.0,0.0,0.0,0.0,0.0,0.0,0.0,17.0,0.0,0.0,0.0,0.0,0.0,0.0,0.0,2169.0,nan,nan,nan,,nan,nan,nan,nan,nan,nan,nan,,,,nan,nan,nan,nan,nan,nan,nan,nan,nan,nan,nan,nan,,nan,nan,,,nan,nan,0.541100025177002,nan,nan,0.5929999947547913,nan,nan,0.5911999940872192,nan,nan,0.5368000268936157,nan,nan,0.5543000102043152,nan,nan,3.7781490391353145e-05,nan,nan,47.68,nan,2385.0,nan,,nan,nan,nan,,nan,,,,
0.0,0.0,0.0,0.0,0.0,0.0,0.0,0.0,2530.0,0.0,0.0,0.0,0.0,0.0,0.0,0.0,2530.0,2252.0,0.0,0.0,0.0,0.0,0.0,0.0,0.0,11.0,0.0,0.0,0.0,0.0,0.0,0.0,0.0,2263.0,nan,nan,nan,,nan,nan,nan,nan,nan,nan,nan,,,,nan,nan,nan,nan,nan,nan,nan,nan,nan,nan,nan,nan,,nan,nan,,,nan,nan,0.541100025177002,nan,nan,0.5929999947547913,nan,nan,0.5911999940872192,nan,nan,0.5368000268936157,nan,nan,0.5543000102043152,nan,nan,3.7781490391353145e-05,nan,nan,47.68,nan,2390.0,nan,,nan,nan,nan,,nan,,,,
0.0,0.0,0.0,0.0,0.0,0.0,0.0,0.0,2661.0,0.0,0.0,0.0,0.0,0.0,0.0,0.0,2661.0,2125.0,0.0,0.0,0.0,0.0,0.0,0.0,0.0,9.0,0.0,0.0,0.0,0.0,0.0,0.0,0.0,2134.0,nan,nan,nan,,nan,nan,nan,nan,nan,nan,nan,,,,nan,nan,nan,nan,nan,nan,nan,nan,nan,nan,nan,nan,,nan,nan,,,nan,nan,0.541100025177002,nan,nan,0.5929999947547913,nan,nan,0.5911999940872192,nan,nan,0.5368000268936157,nan,nan,0.5543000102043152,nan,nan,3.773688149522059e-05,nan,nan,47.68,nan,2395.0,nan,,nan,nan,nan,,nan,,,,
0.0,0.0,0.0,0.0,0.0,0.0,0.0,0.0,2544.0,0.0,0.0,0.0,0.0,0.0,0.0,0.0,2544.0,2166.0,0.0,0.0,0.0,0.0,0.0,0.0,0.0,10.0,0.0,0.0,0.0,0.0,0.0,0.0,0.0,2176.0,nan,nan,nan,,nan,nan,nan,nan,nan,nan,nan,,,,nan,nan,nan,nan,nan,nan,nan,nan,nan,nan,nan,nan,,nan,nan,,,nan,nan,0.541100025177002,nan,nan,0.5929999947547913,nan,nan,0.5911999940872192,nan,nan,0.5358999967575073,nan,nan,0.5537999868392944,nan,nan,3.773688149522059e-05,nan,nan,47.68,nan,2400.0,nan,,nan,nan,nan,,nan,,,,
0.0,0.0,0.0,0.0,0.0,0.0,0.0,0.0,2546.0,0.0,0.0,0.0,0.0,0.0,0.0,0.0,2546.0,2132.0,0.0,0.0,0.0,0.0,0.0,0.0,0.0,14.0,0.0,0.0,0.0,0.0,0.0,0.0,0.0,2146.0,nan,nan,nan,,nan,nan,nan,nan,nan,nan,nan,,,,nan,nan,nan,nan,nan,nan,nan,nan,nan,nan,nan,nan,,nan,nan,,,nan,nan,0.5406000018119812,nan,nan,0.5927000045776367,nan,nan,0.5910000205039978,nan,nan,0.5358999967575073,nan,nan,0.5537999868392944,nan,nan,3.7692327168770134e-05,nan,nan,47.68,nan,2405.0,nan,,nan,nan,nan,,nan,,,,
0.0,0.0,0.0,0.0,0.0,0.0,0.0,0.0,2635.0,0.0,0.0,0.0,0.0,0.0,0.0,0.0,2635.0,2162.0,0.0,0.0,0.0,0.0,0.0,0.0,0.0,17.0,0.0,0.0,0.0,0.0,0.0,0.0,0.0,2179.0,nan,nan,nan,,nan,nan,nan,nan,nan,nan,nan,,,,nan,nan,nan,nan,nan,nan,nan,nan,nan,nan,nan,nan,,nan,nan,,,nan,nan,0.5406000018119812,nan,nan,0.5927000045776367,nan,nan,0.5910000205039978,nan,nan,0.5358999967575073,nan,nan,0.5537999868392944,nan,nan,3.790852861129679e-05,nan,nan,47.68,nan,2410.0,nan,,nan,nan,nan,,nan,,,,
0.0,0.0,0.0,0.0,0.0,0.0,0.0,0.0,2588.0,0.0,0.0,0.0,0.0,0.0,0.0,0.0,2588.0,2147.0,0.0,0.0,0.0,0.0,0.0,0.0,0.0,12.0,0.0,0.0,0.0,0.0,0.0,0.0,0.0,2159.0,nan,nan,nan,,nan,nan,nan,nan,nan,nan,nan,,,,nan,nan,nan,nan,nan,nan,nan,nan,nan,nan,nan,nan,,nan,nan,,,nan,nan,0.5406000018119812,nan,nan,0.5927000045776367,nan,nan,0.5910000205039978,nan,nan,0.5358999967575073,nan,nan,0.5537999868392944,nan,nan,3.7692327168770134e-05,nan,nan,47.68,nan,2415.0,nan,,nan,nan,nan,,nan,,,,
0.0,0.0,0.0,0.0,0.0,0.0,0.0,0.0,2769.0,0.0,0.0,0.0,0.0,0.0,0.0,0.0,2769.0,2223.0,0.0,0.0,0.0,0.0,0.0,0.0,0.0,13.0,0.0,0.0,0.0,0.0,0.0,0.0,0.0,2236.0,nan,nan,nan,,nan,nan,nan,nan,nan,nan,nan,,,,nan,nan,nan,nan,nan,nan,nan,nan,nan,nan,nan,nan,,nan,nan,,,nan,nan,0.5406000018119812,nan,nan,0.5927000045776367,nan,nan,0.5910000205039978,nan,nan,0.534500002861023,nan,nan,0.5529999732971191,nan,nan,3.764782377402298e-05,nan,nan,47.68,nan,2420.0,nan,,nan,nan,nan,,nan,,,,
0.0,0.0,0.0,0.0,0.0,0.0,0.0,0.0,2644.0,0.0,0.0,0.0,0.0,0.0,0.0,0.0,2644.0,2207.0,0.0,0.0,0.0,0.0,0.0,0.0,0.0,4.0,0.0,0.0,0.0,0.0,0.0,0.0,0.0,2211.0,nan,nan,nan,,nan,nan,nan,nan,nan,nan,nan,,,,nan,nan,nan,nan,nan,nan,nan,nan,nan,nan,nan,nan,,nan,nan,,,nan,nan,0.5396999716758728,nan,nan,0.5922999978065491,nan,nan,0.5906000137329102,nan,nan,0.534500002861023,nan,nan,0.5529999732971191,nan,nan,3.745390858966857e-05,nan,nan,47.68,nan,2425.0,nan,,nan,nan,nan,,nan,,,,
0.0,0.0,0.0,0.0,0.0,0.0,0.0,0.0,2764.0,0.0,0.0,0.0,0.0,0.0,0.0,0.0,2764.0,2143.0,0.0,0.0,0.0,0.0,0.0,0.0,0.0,9.0,0.0,0.0,0.0,0.0,0.0,0.0,0.0,2152.0,nan,nan,nan,,nan,nan,nan,nan,nan,nan,nan,,,,nan,nan,nan,nan,nan,nan,nan,nan,nan,nan,nan,nan,,nan,nan,,,nan,nan,0.5396999716758728,nan,nan,0.5922999978065491,nan,nan,0.5906000137329102,nan,nan,0.534500002861023,nan,nan,0.5529999732971191,nan,nan,3.7670110032195225e-05,nan,nan,47.68,nan,2430.0,nan,,nan,nan,nan,,nan,,,,
0.0,0.0,0.0,0.0,0.0,0.0,0.0,0.0,2680.0,0.0,0.0,0.0,0.0,0.0,0.0,0.0,2680.0,2155.0,0.0,0.0,0.0,0.0,0.0,0.0,0.0,12.0,0.0,0.0,0.0,0.0,0.0,0.0,0.0,2167.0,nan,nan,nan,,nan,nan,nan,nan,nan,nan,nan,,,,nan,nan,nan,nan,nan,nan,nan,nan,nan,nan,nan,nan,,nan,nan,,,nan,nan,0.5396999716758728,nan,nan,0.5922999978065491,nan,nan,0.5906000137329102,nan,nan,0.534500002861023,nan,nan,0.5529999732971191,nan,nan,3.7625592085532844e-05,nan,nan,47.68,nan,2435.0,nan,,nan,nan,nan,,nan,,,,
0.0,0.0,0.0,0.0,0.0,0.0,0.0,0.0,2775.0,0.0,0.0,0.0,0.0,0.0,0.0,0.0,2775.0,2041.0,0.0,0.0,0.0,0.0,0.0,0.0,0.0,10.0,0.0,0.0,0.0,0.0,0.0,0.0,0.0,2051.0,nan,nan,nan,,nan,nan,nan,nan,nan,nan,nan,,,,nan,nan,nan,nan,nan,nan,nan,nan,nan,nan,nan,nan,,nan,nan,,,nan,nan,0.5396999716758728,nan,nan,0.5922999978065491,nan,nan,0.5906000137329102,nan,nan,0.5340999960899353,nan,nan,0.5526999831199646,nan,nan,3.7603411328746006e-05,nan,nan,47.68,nan,2440.0,nan,,nan,nan,nan,,nan,,,,
0.0,0.0,0.0,0.0,0.0,0.0,0.0,0.0,2821.0,0.0,0.0,0.0,0.0,0.0,0.0,0.0,2821.0,2060.0,0.0,0.0,0.0,0.0,0.0,0.0,0.0,9.0,0.0,0.0,0.0,0.0,0.0,0.0,0.0,2069.0,nan,nan,nan,,nan,nan,nan,nan,nan,nan,nan,,,,nan,nan,nan,nan,nan,nan,nan,nan,nan,nan,nan,nan,,nan,nan,,,nan,nan,0.5382000207901001,nan,nan,0.5920000076293945,nan,nan,0.5902000069618225,nan,nan,0.5340999960899353,nan,nan,0.5526999831199646,nan,nan,3.7625592085532844e-05,nan,nan,47.68,nan,2445.0,nan,,nan,nan,nan,,nan,,,,
0.0,0.0,0.0,0.0,0.0,0.0,0.0,0.0,2900.0,0.0,0.0,0.0,0.0,0.0,0.0,0.0,2900.0,2121.0,0.0,0.0,0.0,0.0,0.0,0.0,0.0,16.0,0.0,0.0,0.0,0.0,0.0,0.0,0.0,2137.0,nan,nan,nan,,nan,nan,nan,nan,nan,nan,nan,,,,nan,nan,nan,nan,nan,nan,nan,nan,nan,nan,nan,nan,,nan,nan,,,nan,nan,0.5382000207901001,nan,nan,0.5920000076293945,nan,nan,0.5902000069618225,nan,nan,0.5340999960899353,nan,nan,0.5526999831199646,nan,nan,3.764782377402298e-05,nan,nan,47.68,nan,2450.0,nan,,nan,nan,nan,,nan,,,,
0.0,0.0,0.0,0.0,0.0,0.0,0.0,0.0,2839.0,0.0,0.0,0.0,0.0,0.0,0.0,0.0,2839.0,2190.0,0.0,0.0,0.0,0.0,0.0,0.0,0.0,14.0,0.0,0.0,0.0,0.0,0.0,0.0,0.0,2204.0,nan,nan,nan,,nan,nan,nan,nan,nan,nan,nan,,,,nan,nan,nan,nan,nan,nan,nan,nan,nan,nan,nan,nan,,nan,nan,,,nan,nan,0.5382000207901001,nan,nan,0.5920000076293945,nan,nan,0.5902000069618225,nan,nan,0.5340999960899353,nan,nan,0.5526999831199646,nan,nan,3.7603411328746006e-05,nan,nan,47.68,nan,2455.0,nan,,nan,nan,nan,,nan,,,,
0.0,0.0,0.0,0.0,0.0,0.0,0.0,0.0,2927.0,0.0,0.0,0.0,0.0,0.0,0.0,0.0,2927.0,2156.0,0.0,0.0,0.0,0.0,0.0,0.0,0.0,20.0,0.0,0.0,0.0,0.0,0.0,0.0,0.0,2176.0,nan,nan,nan,,nan,nan,nan,nan,nan,nan,nan,,,,nan,nan,nan,nan,nan,nan,nan,nan,nan,nan,nan,nan,,nan,nan,,,nan,nan,0.5382000207901001,nan,nan,0.5920000076293945,nan,nan,0.5902000069618225,nan,nan,0.5325999855995178,nan,nan,0.5519999861717224,nan,nan,3.758120510610752e-05,nan,nan,47.68,nan,2460.0,nan,,nan,nan,nan,,nan,,,,
0.0,0.0,0.0,0.0,0.0,0.0,0.0,0.0,2885.0,0.0,0.0,0.0,0.0,0.0,0.0,0.0,2885.0,2146.0,0.0,0.0,0.0,0.0,0.0,0.0,0.0,15.0,0.0,0.0,0.0,0.0,0.0,0.0,0.0,2161.0,nan,nan,nan,,nan,nan,nan,nan,nan,nan,nan,,,,nan,nan,nan,nan,nan,nan,nan,nan,nan,nan,nan,nan,,nan,nan,,,nan,nan,0.5372999906539917,nan,nan,0.5916000008583069,nan,nan,0.5892999768257141,nan,nan,0.5325999855995178,nan,nan,0.5519999861717224,nan,nan,3.755897341761738e-05,nan,nan,47.68,nan,2465.0,nan,,nan,nan,nan,,nan,,,,
0.0,0.0,0.0,0.0,0.0,0.0,0.0,0.0,2967.0,0.0,0.0,0.0,0.0,0.0,0.0,0.0,2967.0,2140.0,0.0,0.0,0.0,0.0,0.0,0.0,0.0,15.0,0.0,0.0,0.0,0.0,0.0,0.0,0.0,2155.0,nan,nan,nan,,nan,nan,nan,nan,nan,nan,nan,,,,nan,nan,nan,nan,nan,nan,nan,nan,nan,nan,nan,nan,,nan,nan,,,nan,nan,0.5372999906539917,nan,nan,0.5916000008583069,nan,nan,0.5892999768257141,nan,nan,0.5325999855995178,nan,nan,0.5519999861717224,nan,nan,3.758120510610752e-05,nan,nan,47.68,nan,2470.0,nan,,nan,nan,nan,,nan,,,,
0.0,0.0,0.0,0.0,0.0,0.0,0.0,0.0,3039.0,0.0,0.0,0.0,0.0,0.0,0.0,0.0,3039.0,2096.0,0.0,0.0,0.0,0.0,0.0,0.0,0.0,12.0,0.0,0.0,0.0,0.0,0.0,0.0,0.0,2108.0,nan,nan,nan,,nan,nan,nan,nan,nan,nan,nan,,,,nan,nan,nan,nan,nan,nan,nan,nan,nan,nan,nan,nan,,nan,nan,,,nan,nan,0.5372999906539917,nan,nan,0.5916000008583069,nan,nan,0.5892999768257141,nan,nan,0.5325999855995178,nan,nan,0.5519999861717224,nan,nan,3.758120510610752e-05,nan,nan,47.86,nan,2475.0,nan,,nan,nan,nan,,nan,,,,
0.0,0.0,0.0,0.0,0.0,0.0,0.0,0.0,3050.0,0.0,0.0,0.0,0.0,0.0,0.0,0.0,3050.0,2131.0,0.0,0.0,0.0,0.0,0.0,0.0,0.0,10.0,0.0,0.0,0.0,0.0,0.0,0.0,0.0,2141.0,nan,nan,nan,,nan,nan,nan,nan,nan,nan,nan,,,,nan,nan,nan,nan,nan,nan,nan,nan,nan,nan,nan,nan,,nan,nan,,,nan,nan,0.5372999906539917,nan,nan,0.5916000008583069,nan,nan,0.5892999768257141,nan,nan,0.5318999886512756,nan,nan,0.5515000224113464,nan,nan,3.758120510610752e-05,nan,nan,47.86,nan,2480.0,nan,,nan,nan,nan,,nan,,,,
0.0,0.0,0.0,0.0,0.0,0.0,0.0,0.0,2961.0,0.0,0.0,0.0,0.0,0.0,0.0,0.0,2961.0,2200.0,0.0,0.0,0.0,0.0,0.0,0.0,0.0,14.0,0.0,0.0,0.0,0.0,0.0,0.0,0.0,2214.0,nan,nan,nan,,nan,nan,nan,nan,nan,nan,nan,,,,nan,nan,nan,nan,nan,nan,nan,nan,nan,nan,nan,nan,,nan,nan,,,nan,nan,0.5364000201225281,nan,nan,0.5911999940872192,nan,nan,0.5885999798774719,nan,nan,0.5318999886512756,nan,nan,0.5515000224113464,nan,nan,3.7536876334343106e-05,nan,nan,47.86,nan,2485.0,nan,,nan,nan,nan,,nan,,,,
0.0,0.0,0.0,0.0,0.0,0.0,0.0,0.0,3129.0,0.0,0.0,0.0,0.0,0.0,0.0,0.0,3129.0,2025.0,0.0,0.0,0.0,0.0,0.0,0.0,0.0,12.0,0.0,0.0,0.0,0.0,0.0,0.0,0.0,2037.0,nan,nan,nan,,nan,nan,nan,nan,nan,nan,nan,,,,nan,nan,nan,nan,nan,nan,nan,nan,nan,nan,nan,nan,,nan,nan,,,nan,nan,0.5364000201225281,nan,nan,0.5911999940872192,nan,nan,0.5885999798774719,nan,nan,0.5318999886512756,nan,nan,0.5515000224113464,nan,nan,3.747041409951635e-05,nan,nan,47.86,nan,2490.0,nan,,nan,nan,nan,,nan,,,,
0.0,0.0,0.0,0.0,0.0,0.0,0.0,0.0,3095.0,0.0,0.0,0.0,0.0,0.0,0.0,0.0,3095.0,2113.0,0.0,0.0,0.0,0.0,0.0,0.0,0.0,20.0,0.0,0.0,0.0,0.0,0.0,0.0,0.0,2133.0,nan,nan,nan,,nan,nan,nan,nan,nan,nan,nan,,,,nan,nan,nan,nan,nan,nan,nan,nan,nan,nan,nan,nan,,nan,nan,,,nan,nan,0.5364000201225281,nan,nan,0.5911999940872192,nan,nan,0.5885999798774719,nan,nan,0.5318999886512756,nan,nan,0.5515000224113464,nan,nan,3.758120510610752e-05,nan,nan,47.86,nan,2495.0,nan,,nan,nan,nan,,nan,,,,
0.0,0.0,0.0,0.0,0.0,0.0,0.0,0.0,3118.0,0.0,0.0,0.0,0.0,0.0,0.0,0.0,3118.0,2118.0,0.0,0.0,0.0,0.0,0.0,0.0,0.0,13.0,0.0,0.0,0.0,0.0,0.0,0.0,0.0,2131.0,nan,nan,nan,,nan,nan,nan,nan,nan,nan,nan,,,,nan,nan,nan,nan,nan,nan,nan,nan,nan,nan,nan,nan,,nan,nan,,,nan,nan,0.5364000201225281,nan,nan,0.5911999940872192,nan,nan,0.5885999798774719,nan,nan,0.5304999947547913,nan,nan,0.5508000254631042,nan,nan,3.751466647372581e-05,nan,nan,47.86,nan,2500.0,nan,,nan,nan,nan,,nan,,,,
0.0,0.0,0.0,0.0,0.0,0.0,0.0,0.0,3017.0,0.0,0.0,0.0,0.0,0.0,0.0,0.0,3017.0,2235.0,0.0,0.0,0.0,0.0,0.0,0.0,0.0,12.0,0.0,0.0,0.0,0.0,0.0,0.0,0.0,2247.0,nan,nan,nan,,nan,nan,nan,nan,nan,nan,nan,,,,nan,nan,nan,nan,nan,nan,nan,nan,nan,nan,nan,nan,,nan,nan,,,nan,nan,0.5353000164031982,nan,nan,0.5907999873161316,nan,nan,0.5878000259399414,nan,nan,0.5304999947547913,nan,nan,0.5508000254631042,nan,nan,3.7536876334343106e-05,nan,nan,47.86,nan,2505.0,nan,,nan,nan,nan,,nan,,,,
0.0,0.0,0.0,0.0,0.0,0.0,0.0,0.0,3160.0,0.0,0.0,0.0,0.0,0.0,0.0,0.0,3160.0,2132.0,0.0,0.0,0.0,0.0,0.0,0.0,0.0,7.0,0.0,0.0,0.0,0.0,0.0,0.0,0.0,2139.0,nan,nan,nan,,nan,nan,nan,nan,nan,nan,nan,,,,nan,nan,nan,nan,nan,nan,nan,nan,nan,nan,nan,nan,,nan,nan,,,nan,nan,0.5353000164031982,nan,nan,0.5907999873161316,nan,nan,0.5878000259399414,nan,nan,0.5304999947547913,nan,nan,0.5508000254631042,nan,nan,3.749255483853631e-05,nan,nan,47.86,nan,2510.0,nan,,nan,nan,nan,,nan,,,,
0.0,0.0,0.0,0.0,0.0,0.0,0.0,0.0,3109.0,0.0,0.0,0.0,0.0,0.0,0.0,0.0,3109.0,2206.0,0.0,0.0,0.0,0.0,0.0,0.0,0.0,10.0,0.0,0.0,0.0,0.0,0.0,0.0,0.0,2216.0,nan,nan,nan,,nan,nan,nan,nan,nan,nan,nan,,,,nan,nan,nan,nan,nan,nan,nan,nan,nan,nan,nan,nan,,nan,nan,,,nan,nan,0.5353000164031982,nan,nan,0.5907999873161316,nan,nan,0.5878000259399414,nan,nan,0.5304999947547913,nan,nan,0.5508000254631042,nan,nan,3.749255483853631e-05,nan,nan,47.86,nan,2515.0,nan,,nan,nan,nan,,nan,,,,
0.0,0.0,0.0,0.0,0.0,0.0,0.0,0.0,3205.0,0.0,0.0,0.0,0.0,0.0,0.0,0.0,3205.0,2176.0,0.0,0.0,0.0,0.0,0.0,0.0,0.0,7.0,0.0,0.0,0.0,0.0,0.0,0.0,0.0,2183.0,nan,nan,nan,,nan,nan,nan,nan,nan,nan,nan,,,,nan,nan,nan,nan,nan,nan,nan,nan,nan,nan,nan,nan,,nan,nan,,,nan,nan,0.5353000164031982,nan,nan,0.5907999873161316,nan,nan,0.5878000259399414,nan,nan,0.5309000015258789,nan,nan,0.5509999990463257,nan,nan,3.755897341761738e-05,nan,nan,47.86,nan,2520.0,nan,,nan,nan,nan,,nan,,,,
0.0,0.0,0.0,0.0,0.0,0.0,0.0,0.0,3204.0,0.0,0.0,0.0,0.0,0.0,0.0,0.0,3204.0,2194.0,0.0,0.0,0.0,0.0,0.0,0.0,0.0,12.0,0.0,0.0,0.0,0.0,0.0,0.0,0.0,2206.0,nan,nan,nan,,nan,nan,nan,nan,nan,nan,nan,,,,nan,nan,nan,nan,nan,nan,nan,nan,nan,nan,nan,nan,,nan,nan,,,nan,nan,0.5353000164031982,nan,nan,0.5909000039100647,nan,nan,0.5874999761581421,nan,nan,0.5309000015258789,nan,nan,0.5509999990463257,nan,nan,3.755897341761738e-05,nan,nan,47.86,nan,2525.0,nan,,nan,nan,nan,,nan,,,,
0.0,0.0,0.0,0.0,0.0,0.0,0.0,0.0,3131.0,0.0,0.0,0.0,0.0,0.0,0.0,0.0,3131.0,2194.0,0.0,0.0,0.0,0.0,0.0,0.0,0.0,16.0,0.0,0.0,0.0,0.0,0.0,0.0,0.0,2210.0,nan,nan,nan,,nan,nan,nan,nan,nan,nan,nan,,,,nan,nan,nan,nan,nan,nan,nan,nan,nan,nan,nan,nan,,nan,nan,,,nan,nan,0.5353000164031982,nan,nan,0.5909000039100647,nan,nan,0.5874999761581421,nan,nan,0.5309000015258789,nan,nan,0.5509999990463257,nan,nan,3.747041409951635e-05,nan,nan,47.86,nan,2530.0,nan,,nan,nan,nan,,nan,,,,
0.0,0.0,0.0,0.0,0.0,0.0,0.0,0.0,3183.0,0.0,0.0,0.0,0.0,0.0,0.0,0.0,3183.0,2138.0,0.0,0.0,0.0,0.0,0.0,0.0,0.0,6.0,0.0,0.0,0.0,0.0,0.0,0.0,0.0,2144.0,nan,nan,nan,,nan,nan,nan,nan,nan,nan,nan,,,,nan,nan,nan,nan,nan,nan,nan,nan,nan,nan,nan,nan,,nan,nan,,,nan,nan,0.5353000164031982,nan,nan,0.5909000039100647,nan,nan,0.5874999761581421,nan,nan,0.5309000015258789,nan,nan,0.5509999990463257,nan,nan,3.747041409951635e-05,nan,nan,47.86,nan,2535.0,nan,,nan,nan,nan,,nan,,,,
0.0,0.0,0.0,0.0,0.0,0.0,0.0,0.0,3194.0,0.0,0.0,0.0,0.0,0.0,0.0,0.0,3194.0,2079.0,0.0,0.0,0.0,0.0,0.0,0.0,0.0,13.0,0.0,0.0,0.0,0.0,0.0,0.0,0.0,2092.0,nan,nan,nan,,nan,nan,nan,nan,nan,nan,nan,,,,nan,nan,nan,nan,nan,nan,nan,nan,nan,nan,nan,nan,,nan,nan,,,nan,nan,0.5353000164031982,nan,nan,0.5909000039100647,nan,nan,0.5874999761581421,nan,nan,0.5297999978065491,nan,nan,0.5504000186920166,nan,nan,3.7231995520414785e-05,nan,nan,47.86,nan,2540.0,nan,,nan,nan,nan,,nan,,,,
0.0,0.0,0.0,0.0,0.0,0.0,0.0,0.0,3207.0,0.0,0.0,0.0,0.0,0.0,0.0,0.0,3207.0,2205.0,0.0,0.0,0.0,0.0,0.0,0.0,0.0,8.0,0.0,0.0,0.0,0.0,0.0,0.0,0.0,2213.0,nan,nan,nan,,nan,nan,nan,nan,nan,nan,nan,,,,nan,nan,nan,nan,nan,nan,nan,nan,nan,nan,nan,nan,,nan,nan,,,nan,nan,0.5346999764442444,nan,nan,0.5906000137329102,nan,nan,0.5870000123977661,nan,nan,0.5297999978065491,nan,nan,0.5504000186920166,nan,nan,3.747041409951635e-05,nan,nan,47.86,nan,2545.0,nan,,nan,nan,nan,,nan,,,,
0.0,0.0,0.0,0.0,0.0,0.0,0.0,0.0,3210.0,0.0,0.0,0.0,0.0,0.0,0.0,0.0,3210.0,2128.0,0.0,0.0,0.0,0.0,0.0,0.0,0.0,12.0,0.0,0.0,0.0,0.0,0.0,0.0,0.0,2140.0,nan,nan,nan,,nan,nan,nan,nan,nan,nan,nan,,,,nan,nan,nan,nan,nan,nan,nan,nan,nan,nan,nan,nan,,nan,nan,,,nan,nan,0.5346999764442444,nan,nan,0.5906000137329102,nan,nan,0.5870000123977661,nan,nan,0.5297999978065491,nan,nan,0.5504000186920166,nan,nan,3.747041409951635e-05,nan,nan,47.86,nan,2550.0,nan,,nan,nan,nan,,nan,,,,
0.0,0.0,0.0,0.0,0.0,0.0,0.0,0.0,3289.0,0.0,0.0,0.0,0.0,0.0,0.0,0.0,3289.0,2163.0,0.0,0.0,0.0,0.0,0.0,0.0,0.0,10.0,0.0,0.0,0.0,0.0,0.0,0.0,0.0,2173.0,nan,nan,nan,,nan,nan,nan,nan,nan,nan,nan,,,,nan,nan,nan,nan,nan,nan,nan,nan,nan,nan,nan,nan,,nan,nan,,,nan,nan,0.5346999764442444,nan,nan,0.5906000137329102,nan,nan,0.5870000123977661,nan,nan,0.5297999978065491,nan,nan,0.5504000186920166,nan,nan,3.7536876334343106e-05,nan,nan,47.86,nan,2555.0,nan,,nan,nan,nan,,nan,,,,
0.0,0.0,0.0,0.0,0.0,0.0,0.0,0.0,3201.0,0.0,0.0,0.0,0.0,0.0,0.0,0.0,3201.0,2104.0,0.0,0.0,0.0,0.0,0.0,0.0,0.0,8.0,0.0,0.0,0.0,0.0,0.0,0.0,0.0,2112.0,nan,nan,nan,,nan,nan,nan,nan,nan,nan,nan,,,,nan,nan,nan,nan,nan,nan,nan,nan,nan,nan,nan,nan,,nan,nan,,,nan,nan,0.5346999764442444,nan,nan,0.5906000137329102,nan,nan,0.5870000123977661,nan,nan,0.5302000045776367,nan,nan,0.550599992275238,nan,nan,3.749255483853631e-05,nan,nan,47.86,nan,2560.0,nan,,nan,nan,nan,,nan,,,,
0.0,0.0,0.0,0.0,0.0,0.0,0.0,0.0,3227.0,0.0,0.0,0.0,0.0,0.0,0.0,0.0,3227.0,2206.0,0.0,0.0,0.0,0.0,0.0,0.0,0.0,9.0,0.0,0.0,0.0,0.0,0.0,0.0,0.0,2215.0,nan,nan,nan,,nan,nan,nan,nan,nan,nan,nan,,,,nan,nan,nan,nan,nan,nan,nan,nan,nan,nan,nan,nan,,nan,nan,,,nan,nan,0.5346999764442444,nan,nan,0.5906999707221985,nan,nan,0.5867000222206116,nan,nan,0.5302000045776367,nan,nan,0.550599992275238,nan,nan,3.747041409951635e-05,nan,nan,47.86,nan,2565.0,nan,,nan,nan,nan,,nan,,,,
0.0,0.0,0.0,0.0,0.0,0.0,0.0,0.0,3198.0,0.0,0.0,0.0,0.0,0.0,0.0,0.0,3198.0,2215.0,0.0,0.0,0.0,0.0,0.0,0.0,0.0,12.0,0.0,0.0,0.0,0.0,0.0,0.0,0.0,2227.0,nan,nan,nan,,nan,nan,nan,nan,nan,nan,nan,,,,nan,nan,nan,nan,nan,nan,nan,nan,nan,nan,nan,nan,,nan,nan,,,nan,nan,0.5346999764442444,nan,nan,0.5906999707221985,nan,nan,0.5867000222206116,nan,nan,0.5302000045776367,nan,nan,0.550599992275238,nan,nan,3.747041409951635e-05,nan,nan,47.86,nan,2570.0,nan,,nan,nan,nan,,nan,,,,
0.0,0.0,0.0,0.0,0.0,0.0,0.0,0.0,3339.0,0.0,0.0,0.0,0.0,0.0,0.0,0.0,3339.0,2070.0,0.0,0.0,0.0,0.0,0.0,0.0,0.0,13.0,0.0,0.0,0.0,0.0,0.0,0.0,0.0,2083.0,nan,nan,nan,,nan,nan,nan,nan,nan,nan,nan,,,,nan,nan,nan,nan,nan,nan,nan,nan,nan,nan,nan,nan,,nan,nan,,,nan,nan,0.5346999764442444,nan,nan,0.5906999707221985,nan,nan,0.5867000222206116,nan,nan,0.5302000045776367,nan,nan,0.550599992275238,nan,nan,3.755897341761738e-05,nan,nan,47.86,nan,2575.0,nan,,nan,nan,nan,,nan,,,,
0.0,0.0,0.0,0.0,0.0,0.0,0.0,0.0,3159.0,0.0,0.0,0.0,0.0,0.0,0.0,0.0,3159.0,2119.0,0.0,0.0,0.0,0.0,0.0,0.0,0.0,12.0,0.0,0.0,0.0,0.0,0.0,0.0,0.0,2131.0,nan,nan,nan,,nan,nan,nan,nan,nan,nan,nan,,,,nan,nan,nan,nan,nan,nan,nan,nan,nan,nan,nan,nan,,nan,nan,,,nan,nan,0.5346999764442444,nan,nan,0.5906999707221985,nan,nan,0.5867000222206116,nan,nan,0.52920001745224,nan,nan,0.5501999855041504,nan,nan,3.749255483853631e-05,nan,nan,47.86,nan,2580.0,nan,,nan,nan,nan,,nan,,,,
0.0,0.0,0.0,0.0,0.0,0.0,0.0,0.0,3233.0,0.0,0.0,0.0,0.0,0.0,0.0,0.0,3233.0,2226.0,0.0,0.0,0.0,0.0,0.0,0.0,0.0,16.0,0.0,0.0,0.0,0.0,0.0,0.0,0.0,2242.0,nan,nan,nan,,nan,nan,nan,nan,nan,nan,nan,,,,nan,nan,nan,nan,nan,nan,nan,nan,nan,nan,nan,nan,,nan,nan,,,nan,nan,0.5346999764442444,nan,nan,0.590499997138977,nan,nan,0.5864999890327454,nan,nan,0.52920001745224,nan,nan,0.5501999855041504,nan,nan,3.755897341761738e-05,nan,nan,47.86,nan,2585.0,nan,,nan,nan,nan,,nan,,,,
0.0,0.0,0.0,0.0,0.0,0.0,0.0,0.0,3281.0,0.0,0.0,0.0,0.0,0.0,0.0,0.0,3281.0,2122.0,0.0,0.0,0.0,0.0,0.0,0.0,0.0,10.0,0.0,0.0,0.0,0.0,0.0,0.0,0.0,2132.0,nan,nan,nan,,nan,nan,nan,nan,nan,nan,nan,,,,nan,nan,nan,nan,nan,nan,nan,nan,nan,nan,nan,nan,,nan,nan,,,nan,nan,0.5346999764442444,nan,nan,0.590499997138977,nan,nan,0.5864999890327454,nan,nan,0.52920001745224,nan,nan,0.5501999855041504,nan,nan,3.7536876334343106e-05,nan,nan,47.86,nan,2590.0,nan,,nan,nan,nan,,nan,,,,
0.0,0.0,0.0,0.0,0.0,0.0,0.0,0.0,3146.0,0.0,0.0,0.0,0.0,0.0,0.0,0.0,3146.0,2118.0,0.0,0.0,0.0,0.0,0.0,0.0,0.0,13.0,0.0,0.0,0.0,0.0,0.0,0.0,0.0,2131.0,nan,nan,nan,,nan,nan,nan,nan,nan,nan,nan,,,,nan,nan,nan,nan,nan,nan,nan,nan,nan,nan,nan,nan,,nan,nan,,,nan,nan,0.5346999764442444,nan,nan,0.590499997138977,nan,nan,0.5864999890327454,nan,nan,0.52920001745224,nan,nan,0.5501999855041504,nan,nan,3.7209829315543175e-05,nan,nan,47.86,nan,2595.0,nan,,nan,nan,nan,,nan,,,,
0.0,0.0,0.0,0.0,0.0,0.0,0.0,0.0,3221.0,0.0,0.0,0.0,0.0,0.0,0.0,0.0,3221.0,2159.0,0.0,0.0,0.0,0.0,0.0,0.0,0.0,8.0,0.0,0.0,0.0,0.0,0.0,0.0,0.0,2167.0,nan,nan,nan,,nan,nan,nan,nan,nan,nan,nan,,,,nan,nan,nan,nan,nan,nan,nan,nan,nan,nan,nan,nan,,nan,nan,,,nan,nan,0.5346999764442444,nan,nan,0.590499997138977,nan,nan,0.5864999890327454,nan,nan,0.52920001745224,nan,nan,0.5501000285148621,nan,nan,3.751466647372581e-05,nan,nan,47.86,nan,2600.0,nan,,nan,nan,nan,,nan,,,,
0.0,0.0,0.0,0.0,0.0,0.0,0.0,0.0,3154.0,0.0,0.0,0.0,0.0,0.0,0.0,0.0,3154.0,2129.0,0.0,0.0,0.0,0.0,0.0,0.0,0.0,9.0,0.0,0.0,0.0,0.0,0.0,0.0,0.0,2138.0,nan,nan,nan,,nan,nan,nan,nan,nan,nan,nan,,,,nan,nan,nan,nan,nan,nan,nan,nan,nan,nan,nan,nan,,nan,nan,,,nan,nan,0.534500002861023,nan,nan,0.590399980545044,nan,nan,0.5863999724388123,nan,nan,0.52920001745224,nan,nan,0.5501000285148621,nan,nan,3.749255483853631e-05,nan,nan,47.86,nan,2605.0,nan,,nan,nan,nan,,nan,,,,
0.0,0.0,0.0,0.0,0.0,0.0,0.0,0.0,3074.0,0.0,0.0,0.0,0.0,0.0,0.0,0.0,3074.0,2081.0,0.0,0.0,0.0,0.0,0.0,0.0,0.0,13.0,0.0,0.0,0.0,0.0,0.0,0.0,0.0,2094.0,nan,nan,nan,,nan,nan,nan,nan,nan,nan,nan,,,,nan,nan,nan,nan,nan,nan,nan,nan,nan,nan,nan,nan,,nan,nan,,,nan,nan,0.534500002861023,nan,nan,0.590399980545044,nan,nan,0.5863999724388123,nan,nan,0.52920001745224,nan,nan,0.5501000285148621,nan,nan,3.749255483853631e-05,nan,nan,47.86,nan,2610.0,nan,,nan,nan,nan,,nan,,,,
0.0,0.0,0.0,0.0,0.0,0.0,0.0,0.0,3063.0,0.0,0.0,0.0,0.0,0.0,0.0,0.0,3063.0,2153.0,0.0,0.0,0.0,0.0,0.0,0.0,0.0,19.0,0.0,0.0,0.0,0.0,0.0,0.0,0.0,2172.0,nan,nan,nan,,nan,nan,nan,nan,nan,nan,nan,,,,nan,nan,nan,nan,nan,nan,nan,nan,nan,nan,nan,nan,,nan,nan,,,nan,nan,0.534500002861023,nan,nan,0.590399980545044,nan,nan,0.5863999724388123,nan,nan,0.52920001745224,nan,nan,0.5501000285148621,nan,nan,3.7536876334343106e-05,nan,nan,47.86,nan,2615.0,nan,,nan,nan,nan,,nan,,,,
0.0,0.0,0.0,0.0,0.0,0.0,0.0,0.0,3125.0,0.0,0.0,0.0,0.0,0.0,0.0,0.0,3125.0,2149.0,0.0,0.0,0.0,0.0,0.0,0.0,0.0,16.0,0.0,0.0,0.0,0.0,0.0,0.0,0.0,2165.0,nan,nan,nan,,nan,nan,nan,nan,nan,nan,nan,,,,nan,nan,nan,nan,nan,nan,nan,nan,nan,nan,nan,nan,,nan,nan,,,nan,nan,0.534500002861023,nan,nan,0.590399980545044,nan,nan,0.5863999724388123,nan,nan,0.5295000076293945,nan,nan,0.5503000020980835,nan,nan,3.749255483853631e-05,nan,nan,47.86,nan,2620.0,nan,,nan,nan,nan,,nan,,,,
0.0,0.0,0.0,0.0,0.0,0.0,0.0,0.0,3056.0,0.0,0.0,0.0,0.0,0.0,0.0,0.0,3056.0,2101.0,0.0,0.0,0.0,0.0,0.0,0.0,0.0,13.0,0.0,0.0,0.0,0.0,0.0,0.0,0.0,2114.0,nan,nan,nan,,nan,nan,nan,nan,nan,nan,nan,,,,nan,nan,nan,nan,nan,nan,nan,nan,nan,nan,nan,nan,,nan,nan,,,nan,nan,0.534500002861023,nan,nan,0.590499997138977,nan,nan,0.5863000154495239,nan,nan,0.5295000076293945,nan,nan,0.5503000020980835,nan,nan,3.747041409951635e-05,nan,nan,47.86,nan,2625.0,nan,,nan,nan,nan,,nan,,,,
0.0,0.0,0.0,0.0,0.0,0.0,0.0,0.0,3076.0,0.0,0.0,0.0,0.0,0.0,0.0,0.0,3076.0,2126.0,0.0,0.0,0.0,0.0,0.0,0.0,0.0,8.0,0.0,0.0,0.0,0.0,0.0,0.0,0.0,2134.0,nan,nan,nan,,nan,nan,nan,nan,nan,nan,nan,,,,nan,nan,nan,nan,nan,nan,nan,nan,nan,nan,nan,nan,,nan,nan,,,nan,nan,0.534500002861023,nan,nan,0.590499997138977,nan,nan,0.5863000154495239,nan,nan,0.5295000076293945,nan,nan,0.5503000020980835,nan,nan,3.751466647372581e-05,nan,nan,47.86,nan,2630.0,nan,,nan,nan,nan,,nan,,,,
0.0,0.0,0.0,0.0,0.0,0.0,0.0,0.0,2952.0,0.0,0.0,0.0,0.0,0.0,0.0,0.0,2952.0,2146.0,0.0,0.0,0.0,0.0,0.0,0.0,0.0,7.0,0.0,0.0,0.0,0.0,0.0,0.0,0.0,2153.0,nan,nan,nan,,nan,nan,nan,nan,nan,nan,nan,,,,nan,nan,nan,nan,nan,nan,nan,nan,nan,nan,nan,nan,,nan,nan,,,nan,nan,0.534500002861023,nan,nan,0.590499997138977,nan,nan,0.5863000154495239,nan,nan,0.5295000076293945,nan,nan,0.5503000020980835,nan,nan,3.751466647372581e-05,nan,nan,47.86,nan,2635.0,nan,,nan,nan,nan,,nan,,,,
0.0,0.0,0.0,0.0,0.0,0.0,0.0,0.0,2975.0,0.0,0.0,0.0,0.0,0.0,0.0,0.0,2975.0,2166.0,0.0,0.0,0.0,0.0,0.0,0.0,0.0,14.0,0.0,0.0,0.0,0.0,0.0,0.0,0.0,2180.0,nan,nan,nan,,nan,nan,nan,nan,nan,nan,nan,,,,nan,nan,nan,nan,nan,nan,nan,nan,nan,nan,nan,nan,,nan,nan,,,nan,nan,0.534500002861023,nan,nan,0.590499997138977,nan,nan,0.5863000154495239,nan,nan,0.5296000242233276,nan,nan,0.5503000020980835,nan,nan,3.744824789464474e-05,nan,nan,47.86,nan,2640.0,nan,,nan,nan,nan,,nan,,,,
0.0,0.0,0.0,0.0,0.0,0.0,0.0,0.0,2814.0,0.0,0.0,0.0,0.0,0.0,0.0,0.0,2814.0,2201.0,0.0,0.0,0.0,0.0,0.0,0.0,0.0,12.0,0.0,0.0,0.0,0.0,0.0,0.0,0.0,2213.0,nan,nan,nan,,nan,nan,nan,nan,nan,nan,nan,,,,nan,nan,nan,nan,nan,nan,nan,nan,nan,nan,nan,nan,,nan,nan,,,nan,nan,0.5343000292778015,nan,nan,0.590499997138977,nan,nan,0.5860999822616577,nan,nan,0.5296000242233276,nan,nan,0.5503000020980835,nan,nan,3.742621629498899e-05,nan,nan,47.86,nan,2645.0,nan,,nan,nan,nan,,nan,,,,
0.0,0.0,0.0,0.0,0.0,0.0,0.0,0.0,2788.0,0.0,0.0,0.0,0.0,0.0,0.0,0.0,2788.0,2160.0,0.0,0.0,0.0,0.0,0.0,0.0,0.0,13.0,0.0,0.0,0.0,0.0,0.0,0.0,0.0,2173.0,nan,nan,nan,,nan,nan,nan,nan,nan,nan,nan,,,,nan,nan,nan,nan,nan,nan,nan,nan,nan,nan,nan,nan,,nan,nan,,,nan,nan,0.5343000292778015,nan,nan,0.590499997138977,nan,nan,0.5860999822616577,nan,nan,0.5296000242233276,nan,nan,0.5503000020980835,nan,nan,3.749255483853631e-05,nan,nan,47.86,nan,2650.0,nan,,nan,nan,nan,,nan,,,,
0.0,0.0,0.0,0.0,0.0,0.0,0.0,0.0,2797.0,0.0,0.0,0.0,0.0,0.0,0.0,0.0,2797.0,2175.0,0.0,0.0,0.0,0.0,0.0,0.0,0.0,13.0,0.0,0.0,0.0,0.0,0.0,0.0,0.0,2188.0,nan,nan,nan,,nan,nan,nan,nan,nan,nan,nan,,,,nan,nan,nan,nan,nan,nan,nan,nan,nan,nan,nan,nan,,nan,nan,,,nan,nan,0.5343000292778015,nan,nan,0.590499997138977,nan,nan,0.5860999822616577,nan,nan,0.5296000242233276,nan,nan,0.5503000020980835,nan,nan,3.749255483853631e-05,nan,nan,47.86,nan,2655.0,nan,,nan,nan,nan,,nan,,,,
0.0,0.0,0.0,0.0,0.0,0.0,0.0,0.0,2675.0,0.0,0.0,0.0,0.0,0.0,0.0,0.0,2675.0,2128.0,0.0,0.0,0.0,0.0,0.0,0.0,0.0,13.0,0.0,0.0,0.0,0.0,0.0,0.0,0.0,2141.0,nan,nan,nan,,nan,nan,nan,nan,nan,nan,nan,,,,nan,nan,nan,nan,nan,nan,nan,nan,nan,nan,nan,nan,,nan,nan,,,nan,nan,0.5343000292778015,nan,nan,0.590499997138977,nan,nan,0.5860999822616577,nan,nan,0.5286999940872192,nan,nan,0.5498999953269958,nan,nan,3.749255483853631e-05,nan,nan,47.86,nan,2660.0,nan,,nan,nan,nan,,nan,,,,
0.0,0.0,0.0,0.0,0.0,0.0,0.0,0.0,2591.0,0.0,0.0,0.0,0.0,0.0,0.0,0.0,2591.0,2182.0,0.0,0.0,0.0,0.0,0.0,0.0,0.0,9.0,0.0,0.0,0.0,0.0,0.0,0.0,0.0,2191.0,nan,nan,nan,,nan,nan,nan,nan,nan,nan,nan,,,,nan,nan,nan,nan,nan,nan,nan,nan,nan,nan,nan,nan,,nan,nan,,,nan,nan,0.5339999794960022,nan,nan,0.5902000069618225,nan,nan,0.5861999988555908,nan,nan,0.5286999940872192,nan,nan,0.5498999953269958,nan,nan,3.749255483853631e-05,nan,nan,47.86,nan,2665.0,nan,,nan,nan,nan,,nan,,,,
0.0,0.0,0.0,0.0,0.0,0.0,0.0,0.0,2496.0,0.0,0.0,0.0,0.0,0.0,0.0,0.0,2496.0,2077.0,0.0,0.0,0.0,0.0,0.0,0.0,0.0,9.0,0.0,0.0,0.0,0.0,0.0,0.0,0.0,2086.0,nan,nan,nan,,nan,nan,nan,nan,nan,nan,nan,,,,nan,nan,nan,nan,nan,nan,nan,nan,nan,nan,nan,nan,,nan,nan,,,nan,nan,0.5339999794960022,nan,nan,0.5902000069618225,nan,nan,0.5861999988555908,nan,nan,0.5286999940872192,nan,nan,0.5498999953269958,nan,nan,3.7209829315543175e-05,nan,nan,47.86,nan,2670.0,nan,,nan,nan,nan,,nan,,,,
0.0,0.0,0.0,0.0,0.0,0.0,0.0,0.0,2530.0,0.0,0.0,0.0,0.0,0.0,0.0,0.0,2530.0,2164.0,0.0,0.0,0.0,0.0,0.0,0.0,0.0,17.0,0.0,0.0,0.0,0.0,0.0,0.0,0.0,2181.0,nan,nan,nan,,nan,nan,nan,nan,nan,nan,nan,,,,nan,nan,nan,nan,nan,nan,nan,nan,nan,nan,nan,nan,,nan,nan,,,nan,nan,0.5339999794960022,nan,nan,0.5902000069618225,nan,nan,0.5861999988555908,nan,nan,0.5286999940872192,nan,nan,0.5498999953269958,nan,nan,3.751466647372581e-05,nan,nan,47.86,nan,2675.0,nan,,nan,nan,nan,,nan,,,,
0.0,0.0,0.0,0.0,0.0,0.0,0.0,0.0,2480.0,0.0,0.0,0.0,0.0,0.0,0.0,0.0,2480.0,2192.0,0.0,0.0,0.0,0.0,0.0,0.0,0.0,11.0,0.0,0.0,0.0,0.0,0.0,0.0,0.0,2203.0,nan,nan,nan,,nan,nan,nan,nan,nan,nan,nan,,,,nan,nan,nan,nan,nan,nan,nan,nan,nan,nan,nan,nan,,nan,nan,,,nan,nan,0.5339999794960022,nan,nan,0.5902000069618225,nan,nan,0.5861999988555908,nan,nan,0.5289000272750854,nan,nan,0.550000011920929,nan,nan,3.751466647372581e-05,nan,nan,47.86,nan,2680.0,nan,,nan,nan,nan,,nan,,,,
0.0,0.0,0.0,0.0,0.0,0.0,0.0,0.0,2435.0,0.0,0.0,0.0,0.0,0.0,0.0,0.0,2435.0,2140.0,0.0,0.0,0.0,0.0,0.0,0.0,0.0,13.0,0.0,0.0,0.0,0.0,0.0,0.0,0.0,2153.0,nan,nan,nan,,nan,nan,nan,nan,nan,nan,nan,,,,nan,nan,nan,nan,nan,nan,nan,nan,nan,nan,nan,nan,,nan,nan,,,nan,nan,0.534600019454956,nan,nan,0.590399980545044,nan,nan,0.5861999988555908,nan,nan,0.5289000272750854,nan,nan,0.550000011920929,nan,nan,3.749255483853631e-05,nan,nan,47.86,nan,2685.0,nan,,nan,nan,nan,,nan,,,,
0.0,0.0,0.0,0.0,0.0,0.0,0.0,0.0,2316.0,0.0,0.0,0.0,0.0,0.0,0.0,0.0,2316.0,2145.0,0.0,0.0,0.0,0.0,0.0,0.0,0.0,8.0,0.0,0.0,0.0,0.0,0.0,0.0,0.0,2153.0,nan,nan,nan,,nan,nan,nan,nan,nan,nan,nan,,,,nan,nan,nan,nan,nan,nan,nan,nan,nan,nan,nan,nan,,nan,nan,,,nan,nan,0.534600019454956,nan,nan,0.590399980545044,nan,nan,0.5861999988555908,nan,nan,0.5289000272750854,nan,nan,0.550000011920929,nan,nan,3.744824789464474e-05,nan,nan,47.86,nan,2690.0,nan,,nan,nan,nan,,nan,,,,
0.0,0.0,0.0,0.0,0.0,0.0,0.0,0.0,2102.0,0.0,0.0,0.0,0.0,0.0,0.0,0.0,2102.0,2219.0,0.0,0.0,0.0,0.0,0.0,0.0,0.0,9.0,0.0,0.0,0.0,0.0,0.0,0.0,0.0,2228.0,nan,nan,nan,,nan,nan,nan,nan,nan,nan,nan,,,,nan,nan,nan,nan,nan,nan,nan,nan,nan,nan,nan,nan,,nan,nan,,,nan,nan,0.534600019454956,nan,nan,0.590399980545044,nan,nan,0.5861999988555908,nan,nan,0.5289000272750854,nan,nan,0.550000011920929,nan,nan,3.7536876334343106e-05,nan,nan,47.86,nan,2695.0,nan,,nan,nan,nan,,nan,,,,
0.0,0.0,0.0,0.0,0.0,0.0,0.0,0.0,2195.0,0.0,0.0,0.0,0.0,0.0,0.0,0.0,2195.0,2078.0,0.0,0.0,0.0,0.0,0.0,0.0,0.0,17.0,0.0,0.0,0.0,0.0,0.0,0.0,0.0,2095.0,nan,nan,nan,,nan,nan,nan,nan,nan,nan,nan,,,,nan,nan,nan,nan,nan,nan,nan,nan,nan,nan,nan,nan,,nan,nan,,,nan,nan,0.534600019454956,nan,nan,0.590399980545044,nan,nan,0.5861999988555908,nan,nan,0.5292999744415283,nan,nan,0.5501999855041504,nan,nan,3.744824789464474e-05,nan,nan,47.86,nan,2700.0,nan,,nan,nan,nan,,nan,,,,
0.0,0.0,0.0,0.0,0.0,0.0,0.0,0.0,2133.0,0.0,0.0,0.0,0.0,0.0,0.0,0.0,2133.0,2185.0,0.0,0.0,0.0,0.0,0.0,0.0,0.0,12.0,0.0,0.0,0.0,0.0,0.0,0.0,0.0,2197.0,nan,nan,nan,,nan,nan,nan,nan,nan,nan,nan,,,,nan,nan,nan,nan,nan,nan,nan,nan,nan,nan,nan,nan,,nan,nan,,,nan,nan,0.535099983215332,nan,nan,0.590499997138977,nan,nan,0.5863000154495239,nan,nan,0.5292999744415283,nan,nan,0.5501999855041504,nan,nan,3.751466647372581e-05,nan,nan,47.86,nan,2705.0,nan,,nan,nan,nan,,nan,,,,
0.0,0.0,0.0,0.0,0.0,0.0,0.0,0.0,1981.0,0.0,0.0,0.0,0.0,0.0,0.0,0.0,1981.0,2101.0,0.0,0.0,0.0,0.0,0.0,0.0,0.0,12.0,0.0,0.0,0.0,0.0,0.0,0.0,0.0,2113.0,nan,nan,nan,,nan,nan,nan,nan,nan,nan,nan,,,,nan,nan,nan,nan,nan,nan,nan,nan,nan,nan,nan,nan,,nan,nan,,,nan,nan,0.535099983215332,nan,nan,0.590499997138977,nan,nan,0.5863000154495239,nan,nan,0.5292999744415283,nan,nan,0.5501999855041504,nan,nan,3.749255483853631e-05,nan,nan,47.86,nan,2710.0,nan,,nan,nan,nan,,nan,,,,
0.0,0.0,0.0,0.0,0.0,0.0,0.0,0.0,1994.0,0.0,0.0,0.0,0.0,0.0,0.0,0.0,1994.0,2115.0,0.0,0.0,0.0,0.0,0.0,0.0,0.0,10.0,0.0,0.0,0.0,0.0,0.0,0.0,0.0,2125.0,nan,nan,nan,,nan,nan,nan,nan,nan,nan,nan,,,,nan,nan,nan,nan,nan,nan,nan,nan,nan,nan,nan,nan,,nan,nan,,,nan,nan,0.535099983215332,nan,nan,0.590499997138977,nan,nan,0.5863000154495239,nan,nan,0.5292999744415283,nan,nan,0.5501999855041504,nan,nan,3.747041409951635e-05,nan,nan,47.86,nan,2715.0,nan,,nan,nan,nan,,nan,,,,
0.0,0.0,0.0,0.0,0.0,0.0,0.0,0.0,1834.0,0.0,0.0,0.0,0.0,0.0,0.0,0.0,1834.0,2226.0,0.0,0.0,0.0,0.0,0.0,0.0,0.0,9.0,0.0,0.0,0.0,0.0,0.0,0.0,0.0,2235.0,nan,nan,nan,,nan,nan,nan,nan,nan,nan,nan,,,,nan,nan,nan,nan,nan,nan,nan,nan,nan,nan,nan,nan,,nan,nan,,,nan,nan,0.535099983215332,nan,nan,0.590499997138977,nan,nan,0.5863000154495239,nan,nan,0.5303000211715698,nan,nan,0.550599992275238,nan,nan,3.751466647372581e-05,nan,nan,47.86,nan,2720.0,nan,,nan,nan,nan,,nan,,,,
0.0,0.0,0.0,0.0,0.0,0.0,0.0,0.0,1845.0,0.0,0.0,0.0,0.0,0.0,0.0,0.0,1845.0,2174.0,0.0,0.0,0.0,0.0,0.0,0.0,0.0,12.0,0.0,0.0,0.0,0.0,0.0,0.0,0.0,2186.0,nan,nan,nan,,nan,nan,nan,nan,nan,nan,nan,,,,nan,nan,nan,nan,nan,nan,nan,nan,nan,nan,nan,nan,,nan,nan,,,nan,nan,0.5343999862670898,nan,nan,0.5906000137329102,nan,nan,0.5863999724388123,nan,nan,0.5303000211715698,nan,nan,0.550599992275238,nan,nan,3.744824789464474e-05,nan,nan,47.86,nan,2725.0,nan,,nan,nan,nan,,nan,,,,
0.0,0.0,0.0,0.0,0.0,0.0,0.0,0.0,1724.0,0.0,0.0,0.0,0.0,0.0,0.0,0.0,1724.0,2182.0,0.0,0.0,0.0,0.0,0.0,0.0,0.0,9.0,0.0,0.0,0.0,0.0,0.0,0.0,0.0,2191.0,nan,nan,nan,,nan,nan,nan,nan,nan,nan,nan,,,,nan,nan,nan,nan,nan,nan,nan,nan,nan,nan,nan,nan,,nan,nan,,,nan,nan,0.5343999862670898,nan,nan,0.5906000137329102,nan,nan,0.5863999724388123,nan,nan,0.5303000211715698,nan,nan,0.550599992275238,nan,nan,3.766463487409055e-05,nan,nan,47.86,nan,2730.0,nan,,nan,nan,nan,,nan,,,,
0.0,0.0,0.0,0.0,0.0,0.0,0.0,0.0,1696.0,0.0,0.0,0.0,0.0,0.0,0.0,0.0,1696.0,2070.0,0.0,0.0,0.0,0.0,0.0,0.0,0.0,15.0,0.0,0.0,0.0,0.0,0.0,0.0,0.0,2085.0,nan,nan,nan,,nan,nan,nan,nan,nan,nan,nan,,,,nan,nan,nan,nan,nan,nan,nan,nan,nan,nan,nan,nan,,nan,nan,,,nan,nan,0.5343999862670898,nan,nan,0.5906000137329102,nan,nan,0.5863999724388123,nan,nan,0.5303000211715698,nan,nan,0.550599992275238,nan,nan,3.747041409951635e-05,nan,nan,47.86,nan,2735.0,nan,,nan,nan,nan,,nan,,,,
0.0,0.0,0.0,0.0,0.0,0.0,0.0,0.0,1533.0,0.0,0.0,0.0,0.0,0.0,0.0,0.0,1533.0,2137.0,0.0,0.0,0.0,0.0,0.0,0.0,0.0,20.0,0.0,0.0,0.0,0.0,0.0,0.0,0.0,2157.0,nan,nan,nan,,nan,nan,nan,nan,nan,nan,nan,,,,nan,nan,nan,nan,nan,nan,nan,nan,nan,nan,nan,nan,,nan,nan,,,nan,nan,0.5343999862670898,nan,nan,0.5906000137329102,nan,nan,0.5863999724388123,nan,nan,0.5299999713897705,nan,nan,0.5504999756813049,nan,nan,3.751466647372581e-05,nan,nan,47.86,nan,2740.0,nan,,nan,nan,nan,,nan,,,,
0.0,0.0,0.0,0.0,0.0,0.0,0.0,0.0,1500.0,0.0,0.0,0.0,0.0,0.0,0.0,0.0,1500.0,2159.0,0.0,0.0,0.0,0.0,0.0,0.0,0.0,12.0,0.0,0.0,0.0,0.0,0.0,0.0,0.0,2171.0,nan,nan,nan,,nan,nan,nan,nan,nan,nan,nan,,,,nan,nan,nan,nan,nan,nan,nan,nan,nan,nan,nan,nan,,nan,nan,,,nan,nan,0.534500002861023,nan,nan,0.5906000137329102,nan,nan,0.5860999822616577,nan,nan,0.5299999713897705,nan,nan,0.5504999756813049,nan,nan,3.762040432775393e-05,nan,nan,47.86,nan,2745.0,nan,,nan,nan,nan,,nan,,,,
0.0,0.0,0.0,0.0,0.0,0.0,0.0,0.0,1496.0,0.0,0.0,0.0,0.0,0.0,0.0,0.0,1496.0,2079.0,0.0,0.0,0.0,0.0,0.0,0.0,0.0,11.0,0.0,0.0,0.0,0.0,0.0,0.0,0.0,2090.0,nan,nan,nan,,nan,nan,nan,nan,nan,nan,nan,,,,nan,nan,nan,nan,nan,nan,nan,nan,nan,nan,nan,nan,,nan,nan,,,nan,nan,0.534500002861023,nan,nan,0.5906000137329102,nan,nan,0.5860999822616577,nan,nan,0.5299999713897705,nan,nan,0.5504999756813049,nan,nan,3.751466647372581e-05,nan,nan,47.86,nan,2750.0,nan,,nan,nan,nan,,nan,,,,
0.0,0.0,0.0,0.0,0.0,0.0,0.0,0.0,1284.0,0.0,0.0,0.0,0.0,0.0,0.0,0.0,1284.0,2149.0,0.0,0.0,0.0,0.0,0.0,0.0,0.0,9.0,0.0,0.0,0.0,0.0,0.0,0.0,0.0,2158.0,nan,nan,nan,,nan,nan,nan,nan,nan,nan,nan,,,,nan,nan,nan,nan,nan,nan,nan,nan,nan,nan,nan,nan,,nan,nan,,,nan,nan,0.534500002861023,nan,nan,0.5906000137329102,nan,nan,0.5860999822616577,nan,nan,0.5299999713897705,nan,nan,0.5504999756813049,nan,nan,3.744824789464474e-05,nan,nan,47.86,nan,2755.0,nan,,nan,nan,nan,,nan,,,,
0.0,0.0,0.0,0.0,0.0,0.0,0.0,0.0,1333.0,0.0,0.0,0.0,0.0,0.0,0.0,0.0,1333.0,2057.0,0.0,0.0,0.0,0.0,0.0,0.0,0.0,11.0,0.0,0.0,0.0,0.0,0.0,0.0,0.0,2068.0,nan,nan,nan,,nan,nan,nan,nan,nan,nan,nan,,,,nan,nan,nan,nan,nan,nan,nan,nan,nan,nan,nan,nan,,nan,nan,,,nan,nan,0.534500002861023,nan,nan,0.5906000137329102,nan,nan,0.5860999822616577,nan,nan,0.5300999879837036,nan,nan,0.5504000186920166,nan,nan,3.751466647372581e-05,nan,nan,47.86,nan,2760.0,nan,,nan,nan,nan,,nan,,,,
0.0,0.0,0.0,0.0,0.0,0.0,0.0,0.0,1244.0,0.0,0.0,0.0,0.0,0.0,0.0,0.0,1244.0,2153.0,0.0,0.0,0.0,0.0,0.0,0.0,0.0,15.0,0.0,0.0,0.0,0.0,0.0,0.0,0.0,2168.0,nan,nan,nan,,nan,nan,nan,nan,nan,nan,nan,,,,nan,nan,nan,nan,nan,nan,nan,nan,nan,nan,nan,nan,,nan,nan,,,nan,nan,0.5340999960899353,nan,nan,0.590499997138977,nan,nan,0.5861999988555908,nan,nan,0.5300999879837036,nan,nan,0.5504000186920166,nan,nan,3.749255483853631e-05,nan,nan,47.86,nan,2765.0,nan,,nan,nan,nan,,nan,,,,
0.0,0.0,0.0,0.0,0.0,0.0,0.0,0.0,1166.0,0.0,0.0,0.0,0.0,0.0,0.0,0.0,1166.0,2146.0,0.0,0.0,0.0,0.0,0.0,0.0,0.0,15.0,0.0,0.0,0.0,0.0,0.0,0.0,0.0,2161.0,nan,nan,nan,,nan,nan,nan,nan,nan,nan,nan,,,,nan,nan,nan,nan,nan,nan,nan,nan,nan,nan,nan,nan,,nan,nan,,,nan,nan,0.5340999960899353,nan,nan,0.590499997138977,nan,nan,0.5861999988555908,nan,nan,0.5300999879837036,nan,nan,0.5504000186920166,nan,nan,3.7603411328746006e-05,nan,nan,47.86,nan,2770.0,nan,,nan,nan,nan,,nan,,,,
0.0,0.0,0.0,0.0,0.0,0.0,0.0,0.0,1205.0,0.0,0.0,0.0,0.0,0.0,0.0,0.0,1205.0,2172.0,0.0,0.0,0.0,0.0,0.0,0.0,0.0,8.0,0.0,0.0,0.0,0.0,0.0,0.0,0.0,2180.0,nan,nan,nan,,nan,nan,nan,nan,nan,nan,nan,,,,nan,nan,nan,nan,nan,nan,nan,nan,nan,nan,nan,nan,,nan,nan,,,nan,nan,0.5340999960899353,nan,nan,0.590499997138977,nan,nan,0.5861999988555908,nan,nan,0.5300999879837036,nan,nan,0.5504000186920166,nan,nan,3.7536876334343106e-05,nan,nan,47.34,nan,2775.0,nan,,nan,nan,nan,,nan,,,,
0.0,0.0,0.0,0.0,0.0,0.0,0.0,0.0,1105.0,0.0,0.0,0.0,0.0,0.0,0.0,0.0,1105.0,2117.0,0.0,0.0,0.0,0.0,0.0,0.0,0.0,7.0,0.0,0.0,0.0,0.0,0.0,0.0,0.0,2124.0,nan,nan,nan,,nan,nan,nan,nan,nan,nan,nan,,,,nan,nan,nan,nan,nan,nan,nan,nan,nan,nan,nan,nan,,nan,nan,,,nan,nan,0.5340999960899353,nan,nan,0.590499997138977,nan,nan,0.5861999988555908,nan,nan,0.5307000279426575,nan,nan,0.5508999824523926,nan,nan,3.749255483853631e-05,nan,nan,47.34,nan,2780.0,nan,,nan,nan,nan,,nan,,,,
0.0,0.0,0.0,0.0,0.0,0.0,0.0,0.0,1087.0,0.0,0.0,0.0,0.0,0.0,0.0,0.0,1087.0,2207.0,0.0,0.0,0.0,0.0,0.0,0.0,0.0,19.0,0.0,0.0,0.0,0.0,0.0,0.0,0.0,2226.0,nan,nan,nan,,nan,nan,nan,nan,nan,nan,nan,,,,nan,nan,nan,nan,nan,nan,nan,nan,nan,nan,nan,nan,,nan,nan,,,nan,nan,0.535099983215332,nan,nan,0.5907999873161316,nan,nan,0.5864999890327454,nan,nan,0.5307000279426575,nan,nan,0.5508000254631042,nan,nan,3.755897341761738e-05,nan,nan,47.34,nan,2785.0,nan,,nan,nan,nan,,nan,,,,
0.0,0.0,0.0,0.0,0.0,0.0,0.0,0.0,934.0,0.0,0.0,0.0,0.0,0.0,0.0,0.0,934.0,2184.0,0.0,0.0,0.0,0.0,0.0,0.0,0.0,11.0,0.0,0.0,0.0,0.0,0.0,0.0,0.0,2195.0,nan,nan,nan,,nan,nan,nan,nan,nan,nan,nan,,,,nan,nan,nan,nan,nan,nan,nan,nan,nan,nan,nan,nan,,nan,nan,,,nan,nan,0.535099983215332,nan,nan,0.5907999873161316,nan,nan,0.5864999890327454,nan,nan,0.5292999744415283,nan,nan,0.5501999855041504,nan,nan,3.749255483853631e-05,nan,nan,47.34,nan,2790.0,nan,,nan,nan,nan,,nan,,,,
0.0,0.0,0.0,0.0,0.0,0.0,0.0,0.0,974.0,0.0,0.0,0.0,0.0,0.0,0.0,0.0,974.0,2145.0,0.0,0.0,0.0,0.0,0.0,0.0,0.0,10.0,0.0,0.0,0.0,0.0,0.0,0.0,0.0,2155.0,nan,nan,nan,,nan,nan,nan,nan,nan,nan,nan,,,,nan,nan,nan,nan,nan,nan,nan,nan,nan,nan,nan,nan,,nan,nan,,,nan,nan,0.535099983215332,nan,nan,0.5907999873161316,nan,nan,0.5864999890327454,nan,nan,0.5292999744415283,nan,nan,0.5501999855041504,nan,nan,3.751466647372581e-05,nan,nan,47.34,nan,2795.0,nan,,nan,nan,nan,,nan,,,,
0.0,0.0,0.0,0.0,0.0,0.0,0.0,0.0,884.0,0.0,0.0,0.0,0.0,0.0,0.0,0.0,884.0,2203.0,0.0,0.0,0.0,0.0,0.0,0.0,0.0,13.0,0.0,0.0,0.0,0.0,0.0,0.0,0.0,2216.0,nan,nan,nan,,nan,nan,nan,nan,nan,nan,nan,,,,nan,nan,nan,nan,nan,nan,nan,nan,nan,nan,nan,nan,,nan,nan,,,nan,nan,0.535099983215332,nan,nan,0.5907999873161316,nan,nan,0.5864999890327454,nan,nan,0.5300999879837036,nan,nan,0.550599992275238,nan,nan,3.747041409951635e-05,nan,nan,47.34,nan,2800.0,nan,,nan,nan,nan,,nan,,,,
0.0,0.0,0.0,0.0,0.0,0.0,0.0,0.0,872.0,0.0,0.0,0.0,0.0,0.0,0.0,0.0,872.0,2164.0,0.0,0.0,0.0,0.0,0.0,0.0,0.0,12.0,0.0,0.0,0.0,0.0,0.0,0.0,0.0,2176.0,nan,nan,nan,,nan,nan,nan,nan,nan,nan,nan,,,,nan,nan,nan,nan,nan,nan,nan,nan,nan,nan,nan,nan,,nan,nan,,,nan,nan,0.5347999930381775,nan,nan,0.5906000137329102,nan,nan,0.5864999890327454,nan,nan,0.5300999879837036,nan,nan,0.550599992275238,nan,nan,3.758120510610752e-05,nan,nan,47.34,nan,2805.0,nan,,nan,nan,nan,,nan,,,,
0.0,0.0,0.0,0.0,0.0,0.0,0.0,0.0,780.0,0.0,0.0,0.0,0.0,0.0,0.0,0.0,780.0,2139.0,0.0,0.0,0.0,0.0,0.0,0.0,0.0,15.0,0.0,0.0,0.0,0.0,0.0,0.0,0.0,2154.0,nan,nan,nan,,nan,nan,nan,nan,nan,nan,nan,,,,nan,nan,nan,nan,nan,nan,nan,nan,nan,nan,nan,nan,,nan,nan,,,nan,nan,0.5347999930381775,nan,nan,0.5906000137329102,nan,nan,0.5864999890327454,nan,nan,0.5300999879837036,nan,nan,0.550599992275238,nan,nan,3.749255483853631e-05,nan,nan,47.34,nan,2810.0,nan,,nan,nan,nan,,nan,,,,
0.0,0.0,0.0,0.0,0.0,0.0,0.0,0.0,747.0,0.0,0.0,0.0,0.0,0.0,0.0,0.0,747.0,2141.0,0.0,0.0,0.0,0.0,0.0,0.0,0.0,10.0,0.0,0.0,0.0,0.0,0.0,0.0,0.0,2151.0,nan,nan,nan,,nan,nan,nan,nan,nan,nan,nan,,,,nan,nan,nan,nan,nan,nan,nan,nan,nan,nan,nan,nan,,nan,nan,,,nan,nan,0.5347999930381775,nan,nan,0.5906000137329102,nan,nan,0.5864999890327454,nan,nan,0.5300999879837036,nan,nan,0.550599992275238,nan,nan,3.751466647372581e-05,nan,nan,47.34,nan,2815.0,nan,,nan,nan,nan,,nan,,,,
0.0,0.0,0.0,0.0,0.0,0.0,0.0,0.0,739.0,0.0,0.0,0.0,0.0,0.0,0.0,0.0,739.0,2134.0,0.0,0.0,0.0,0.0,0.0,0.0,0.0,9.0,0.0,0.0,0.0,0.0,0.0,0.0,0.0,2143.0,nan,nan,nan,,nan,nan,nan,nan,nan,nan,nan,,,,nan,nan,nan,nan,nan,nan,nan,nan,nan,nan,nan,nan,,nan,nan,,,nan,nan,0.5347999930381775,nan,nan,0.5906000137329102,nan,nan,0.5864999890327454,nan,nan,0.52920001745224,nan,nan,0.5501999855041504,nan,nan,3.7536876334343106e-05,nan,nan,47.34,nan,2820.0,nan,,nan,nan,nan,,nan,,,,
0.0,0.0,0.0,0.0,0.0,0.0,0.0,0.0,655.0,0.0,0.0,0.0,0.0,0.0,0.0,0.0,655.0,2150.0,0.0,0.0,0.0,0.0,0.0,0.0,0.0,16.0,0.0,0.0,0.0,0.0,0.0,0.0,0.0,2166.0,nan,nan,nan,,nan,nan,nan,nan,nan,nan,nan,,,,nan,nan,nan,nan,nan,nan,nan,nan,nan,nan,nan,nan,,nan,nan,,,nan,nan,0.5349000096321106,nan,nan,0.5906000137329102,nan,nan,0.5864999890327454,nan,nan,0.52920001745224,nan,nan,0.5501999855041504,nan,nan,3.744824789464474e-05,nan,nan,47.34,nan,2825.0,nan,,nan,nan,nan,,nan,,,,
0.0,0.0,0.0,0.0,0.0,0.0,0.0,0.0,643.0,0.0,0.0,0.0,0.0,0.0,0.0,0.0,643.0,2104.0,0.0,0.0,0.0,0.0,0.0,0.0,0.0,12.0,0.0,0.0,0.0,0.0,0.0,0.0,0.0,2116.0,nan,nan,nan,,nan,nan,nan,nan,nan,nan,nan,,,,nan,nan,nan,nan,nan,nan,nan,nan,nan,nan,nan,nan,,nan,nan,,,nan,nan,0.5349000096321106,nan,nan,0.5906000137329102,nan,nan,0.5864999890327454,nan,nan,0.52920001745224,nan,nan,0.5501999855041504,nan,nan,3.749255483853631e-05,nan,nan,47.34,nan,2830.0,nan,,nan,nan,nan,,nan,,,,
0.0,0.0,0.0,0.0,0.0,0.0,0.0,0.0,613.0,0.0,0.0,0.0,0.0,0.0,0.0,0.0,613.0,2217.0,0.0,0.0,0.0,0.0,0.0,0.0,0.0,12.0,0.0,0.0,0.0,0.0,0.0,0.0,0.0,2229.0,nan,nan,nan,,nan,nan,nan,nan,nan,nan,nan,,,,nan,nan,nan,nan,nan,nan,nan,nan,nan,nan,nan,nan,,nan,nan,,,nan,nan,0.5349000096321106,nan,nan,0.5906000137329102,nan,nan,0.5864999890327454,nan,nan,0.52920001745224,nan,nan,0.5501999855041504,nan,nan,3.7536876334343106e-05,nan,nan,47.34,nan,2835.0,nan,,nan,nan,nan,,nan,,,,
0.0,0.0,0.0,0.0,0.0,0.0,0.0,0.0,534.0,0.0,0.0,0.0,0.0,0.0,0.0,0.0,534.0,2103.0,0.0,0.0,0.0,0.0,0.0,0.0,0.0,7.0,0.0,0.0,0.0,0.0,0.0,0.0,0.0,2110.0,nan,nan,nan,,nan,nan,nan,nan,nan,nan,nan,,,,nan,nan,nan,nan,nan,nan,nan,nan,nan,nan,nan,nan,,nan,nan,,,nan,nan,0.5349000096321106,nan,nan,0.5906000137329102,nan,nan,0.5864999890327454,nan,nan,0.5293999910354614,nan,nan,0.5501999855041504,nan,nan,3.758120510610752e-05,nan,nan,47.34,nan,2840.0,nan,,nan,nan,nan,,nan,,,,
0.0,0.0,0.0,0.0,0.0,0.0,0.0,0.0,532.0,0.0,0.0,0.0,0.0,0.0,0.0,0.0,532.0,2158.0,0.0,0.0,0.0,0.0,0.0,0.0,0.0,19.0,0.0,0.0,0.0,0.0,0.0,0.0,0.0,2177.0,nan,nan,nan,,nan,nan,nan,nan,nan,nan,nan,,,,nan,nan,nan,nan,nan,nan,nan,nan,nan,nan,nan,nan,,nan,nan,,,nan,nan,0.5346999764442444,nan,nan,0.590399980545044,nan,nan,0.5866000056266785,nan,nan,0.5293999910354614,nan,nan,0.5501999855041504,nan,nan,3.749255483853631e-05,nan,nan,47.34,nan,2845.0,nan,,nan,nan,nan,,nan,,,,
0.0,0.0,0.0,0.0,0.0,0.0,0.0,0.0,558.0,0.0,0.0,0.0,0.0,0.0,0.0,0.0,558.0,2127.0,0.0,0.0,0.0,0.0,0.0,0.0,0.0,11.0,0.0,0.0,0.0,0.0,0.0,0.0,0.0,2138.0,nan,nan,nan,,nan,nan,nan,nan,nan,nan,nan,,,,nan,nan,nan,nan,nan,nan,nan,nan,nan,nan,nan,nan,,nan,nan,,,nan,nan,0.5346999764442444,nan,nan,0.590399980545044,nan,nan,0.5866000056266785,nan,nan,0.5293999910354614,nan,nan,0.5501999855041504,nan,nan,3.7536876334343106e-05,nan,nan,47.34,nan,2850.0,nan,,nan,nan,nan,,nan,,,,
0.0,0.0,0.0,0.0,0.0,0.0,0.0,0.0,483.0,0.0,0.0,0.0,0.0,0.0,0.0,0.0,483.0,2139.0,0.0,0.0,0.0,0.0,0.0,0.0,0.0,12.0,0.0,0.0,0.0,0.0,0.0,0.0,0.0,2151.0,nan,nan,nan,,nan,nan,nan,nan,nan,nan,nan,,,,nan,nan,nan,nan,nan,nan,nan,nan,nan,nan,nan,nan,,nan,nan,,,nan,nan,0.5346999764442444,nan,nan,0.590399980545044,nan,nan,0.5866000056266785,nan,nan,0.5293999910354614,nan,nan,0.5501999855041504,nan,nan,3.7536876334343106e-05,nan,nan,47.34,nan,2855.0,nan,,nan,nan,nan,,nan,,,,
0.0,0.0,0.0,0.0,0.0,0.0,0.0,0.0,432.0,0.0,0.0,0.0,0.0,0.0,0.0,0.0,432.0,2130.0,0.0,0.0,0.0,0.0,0.0,0.0,0.0,14.0,0.0,0.0,0.0,0.0,0.0,0.0,0.0,2144.0,nan,nan,nan,,nan,nan,nan,nan,nan,nan,nan,,,,nan,nan,nan,nan,nan,nan,nan,nan,nan,nan,nan,nan,,nan,nan,,,nan,nan,0.5346999764442444,nan,nan,0.590399980545044,nan,nan,0.5866000056266785,nan,nan,0.5281000137329102,nan,nan,0.5497000217437744,nan,nan,3.749255483853631e-05,nan,nan,47.34,nan,2860.0,nan,,nan,nan,nan,,nan,,,,
0.0,0.0,0.0,0.0,0.0,0.0,0.0,0.0,463.0,0.0,0.0,0.0,0.0,0.0,0.0,0.0,463.0,2164.0,0.0,0.0,0.0,0.0,0.0,0.0,0.0,15.0,0.0,0.0,0.0,0.0,0.0,0.0,0.0,2179.0,nan,nan,nan,,nan,nan,nan,nan,nan,nan,nan,,,,nan,nan,nan,nan,nan,nan,nan,nan,nan,nan,nan,nan,,nan,nan,,,nan,nan,0.5351999998092651,nan,nan,0.590499997138977,nan,nan,0.5863000154495239,nan,nan,0.5281000137329102,nan,nan,0.5497000217437744,nan,nan,3.751466647372581e-05,nan,nan,47.34,nan,2865.0,nan,,nan,nan,nan,,nan,,,,
0.0,0.0,0.0,0.0,0.0,0.0,0.0,0.0,425.0,0.0,0.0,0.0,0.0,0.0,0.0,0.0,425.0,2260.0,0.0,0.0,0.0,0.0,0.0,0.0,0.0,9.0,0.0,0.0,0.0,0.0,0.0,0.0,0.0,2269.0,nan,nan,nan,,nan,nan,nan,nan,nan,nan,nan,,,,nan,nan,nan,nan,nan,nan,nan,nan,nan,nan,nan,nan,,nan,nan,,,nan,nan,0.5351999998092651,nan,nan,0.590499997138977,nan,nan,0.5863000154495239,nan,nan,0.5281000137329102,nan,nan,0.5497000217437744,nan,nan,3.749255483853631e-05,nan,nan,47.34,nan,2870.0,nan,,nan,nan,nan,,nan,,,,
0.0,0.0,0.0,0.0,0.0,0.0,0.0,0.0,409.0,0.0,0.0,0.0,0.0,0.0,0.0,0.0,409.0,2124.0,0.0,0.0,0.0,0.0,0.0,0.0,0.0,11.0,0.0,0.0,0.0,0.0,0.0,0.0,0.0,2135.0,nan,nan,nan,,nan,nan,nan,nan,nan,nan,nan,,,,nan,nan,nan,nan,nan,nan,nan,nan,nan,nan,nan,nan,,nan,nan,,,nan,nan,0.5351999998092651,nan,nan,0.590499997138977,nan,nan,0.5863000154495239,nan,nan,0.5281000137329102,nan,nan,0.5497000217437744,nan,nan,3.7536876334343106e-05,nan,nan,47.34,nan,2875.0,nan,,nan,nan,nan,,nan,,,,
0.0,0.0,0.0,0.0,0.0,0.0,0.0,0.0,376.0,0.0,0.0,0.0,0.0,0.0,0.0,0.0,376.0,2139.0,0.0,0.0,0.0,0.0,0.0,0.0,0.0,7.0,0.0,0.0,0.0,0.0,0.0,0.0,0.0,2146.0,nan,nan,nan,,nan,nan,nan,nan,nan,nan,nan,,,,nan,nan,nan,nan,nan,nan,nan,nan,nan,nan,nan,nan,,nan,nan,,,nan,nan,0.5351999998092651,nan,nan,0.590499997138977,nan,nan,0.5863000154495239,nan,nan,0.5293999910354614,nan,nan,0.5501000285148621,nan,nan,3.7536876334343106e-05,nan,nan,47.34,nan,2880.0,nan,,nan,nan,nan,,nan,,,,
0.0,0.0,0.0,0.0,0.0,0.0,0.0,0.0,340.0,0.0,0.0,0.0,0.0,0.0,0.0,0.0,340.0,2225.0,0.0,0.0,0.0,0.0,0.0,0.0,0.0,5.0,0.0,0.0,0.0,0.0,0.0,0.0,0.0,2230.0,nan,nan,nan,,nan,nan,nan,nan,nan,nan,nan,,,,nan,nan,nan,nan,nan,nan,nan,nan,nan,nan,nan,nan,,nan,nan,,,nan,nan,0.5340999960899353,nan,nan,0.5902000069618225,nan,nan,0.5860999822616577,nan,nan,0.5293999910354614,nan,nan,0.5501000285148621,nan,nan,3.747041409951635e-05,nan,nan,47.34,nan,2885.0,nan,,nan,nan,nan,,nan,,,,
0.0,0.0,0.0,0.0,0.0,0.0,0.0,0.0,341.0,0.0,0.0,0.0,0.0,0.0,0.0,0.0,341.0,2158.0,0.0,0.0,0.0,0.0,0.0,0.0,0.0,7.0,0.0,0.0,0.0,0.0,0.0,0.0,0.0,2165.0,nan,nan,nan,,nan,nan,nan,nan,nan,nan,nan,,,,nan,nan,nan,nan,nan,nan,nan,nan,nan,nan,nan,nan,,nan,nan,,,nan,nan,0.5340999960899353,nan,nan,0.5902000069618225,nan,nan,0.5860999822616577,nan,nan,0.5293999910354614,nan,nan,0.5501000285148621,nan,nan,3.749255483853631e-05,nan,nan,47.34,nan,2890.0,nan,,nan,nan,nan,,nan,,,,
0.0,0.0,0.0,0.0,0.0,0.0,0.0,0.0,318.0,0.0,0.0,0.0,0.0,0.0,0.0,0.0,318.0,2110.0,0.0,0.0,0.0,0.0,0.0,0.0,0.0,14.0,0.0,0.0,0.0,0.0,0.0,0.0,0.0,2124.0,nan,nan,nan,,nan,nan,nan,nan,nan,nan,nan,,,,nan,nan,nan,nan,nan,nan,nan,nan,nan,nan,nan,nan,,nan,nan,,,nan,nan,0.5340999960899353,nan,nan,0.5902000069618225,nan,nan,0.5860999822616577,nan,nan,0.5293999910354614,nan,nan,0.5501000285148621,nan,nan,3.749255483853631e-05,nan,nan,47.34,nan,2895.0,nan,,nan,nan,nan,,nan,,,,
0.0,0.0,0.0,0.0,0.0,0.0,0.0,0.0,295.0,0.0,0.0,0.0,0.0,0.0,0.0,0.0,295.0,2168.0,0.0,0.0,0.0,0.0,0.0,0.0,0.0,10.0,0.0,0.0,0.0,0.0,0.0,0.0,0.0,2178.0,nan,nan,nan,,nan,nan,nan,nan,nan,nan,nan,,,,nan,nan,nan,nan,nan,nan,nan,nan,nan,nan,nan,nan,,nan,nan,,,nan,nan,0.5340999960899353,nan,nan,0.5902000069618225,nan,nan,0.5860999822616577,nan,nan,0.5307000279426575,nan,nan,0.5507000088691711,nan,nan,3.751466647372581e-05,nan,nan,47.34,nan,2900.0,nan,,nan,nan,nan,,nan,,,,
0.0,0.0,0.0,0.0,0.0,0.0,0.0,0.0,278.0,0.0,0.0,0.0,0.0,0.0,0.0,0.0,278.0,2109.0,0.0,0.0,0.0,0.0,0.0,0.0,0.0,11.0,0.0,0.0,0.0,0.0,0.0,0.0,0.0,2120.0,nan,nan,nan,,nan,nan,nan,nan,nan,nan,nan,,,,nan,nan,nan,nan,nan,nan,nan,nan,nan,nan,nan,nan,,nan,nan,,,nan,nan,0.5340999960899353,nan,nan,0.590499997138977,nan,nan,0.5861999988555908,nan,nan,0.5307000279426575,nan,nan,0.5507000088691711,nan,nan,3.747041409951635e-05,nan,nan,47.34,nan,2905.0,nan,,nan,nan,nan,,nan,,,,
0.0,0.0,0.0,0.0,0.0,0.0,0.0,0.0,271.0,0.0,0.0,0.0,0.0,0.0,0.0,0.0,271.0,2188.0,0.0,0.0,0.0,0.0,0.0,0.0,0.0,7.0,0.0,0.0,0.0,0.0,0.0,0.0,0.0,2195.0,nan,nan,nan,,nan,nan,nan,nan,nan,nan,nan,,,,nan,nan,nan,nan,nan,nan,nan,nan,nan,nan,nan,nan,,nan,nan,,,nan,nan,0.5340999960899353,nan,nan,0.590499997138977,nan,nan,0.5861999988555908,nan,nan,0.5307000279426575,nan,nan,0.5507000088691711,nan,nan,3.749255483853631e-05,nan,nan,47.34,nan,2910.0,nan,,nan,nan,nan,,nan,,,,
0.0,0.0,0.0,0.0,0.0,0.0,0.0,0.0,272.0,0.0,0.0,0.0,0.0,0.0,0.0,0.0,272.0,2100.0,0.0,0.0,0.0,0.0,0.0,0.0,0.0,11.0,0.0,0.0,0.0,0.0,0.0,0.0,0.0,2111.0,nan,nan,nan,,nan,nan,nan,nan,nan,nan,nan,,,,nan,nan,nan,nan,nan,nan,nan,nan,nan,nan,nan,nan,,nan,nan,,,nan,nan,0.5340999960899353,nan,nan,0.590499997138977,nan,nan,0.5861999988555908,nan,nan,0.5307000279426575,nan,nan,0.5507000088691711,nan,nan,3.751466647372581e-05,nan,nan,47.34,nan,2915.0,nan,,nan,nan,nan,,nan,,,,
0.0,0.0,0.0,0.0,0.0,0.0,0.0,0.0,228.0,0.0,0.0,0.0,0.0,0.0,0.0,0.0,228.0,2174.0,0.0,0.0,0.0,0.0,0.0,0.0,0.0,9.0,0.0,0.0,0.0,0.0,0.0,0.0,0.0,2183.0,nan,nan,nan,,nan,nan,nan,nan,nan,nan,nan,,,,nan,nan,nan,nan,nan,nan,nan,nan,nan,nan,nan,nan,,nan,nan,,,nan,nan,0.5340999960899353,nan,nan,0.590499997138977,nan,nan,0.5861999988555908,nan,nan,0.5293999910354614,nan,nan,0.5501999855041504,nan,nan,3.751466647372581e-05,nan,nan,47.34,nan,2920.0,nan,,nan,nan,nan,,nan,,,,
0.0,0.0,0.0,0.0,0.0,0.0,0.0,0.0,221.0,0.0,0.0,0.0,0.0,0.0,0.0,0.0,221.0,2121.0,0.0,0.0,0.0,0.0,0.0,0.0,0.0,15.0,0.0,0.0,0.0,0.0,0.0,0.0,0.0,2136.0,nan,nan,nan,,nan,nan,nan,nan,nan,nan,nan,,,,nan,nan,nan,nan,nan,nan,nan,nan,nan,nan,nan,nan,,nan,nan,,,nan,nan,0.534500002861023,nan,nan,0.590399980545044,nan,nan,0.5863000154495239,nan,nan,0.5293999910354614,nan,nan,0.5501999855041504,nan,nan,3.749255483853631e-05,nan,nan,47.34,nan,2925.0,nan,,nan,nan,nan,,nan,,,,
0.0,0.0,0.0,0.0,0.0,0.0,0.0,0.0,206.0,0.0,0.0,0.0,0.0,0.0,0.0,0.0,206.0,2187.0,0.0,0.0,0.0,0.0,0.0,0.0,0.0,10.0,0.0,0.0,0.0,0.0,0.0,0.0,0.0,2197.0,nan,nan,nan,,nan,nan,nan,nan,nan,nan,nan,,,,nan,nan,nan,nan,nan,nan,nan,nan,nan,nan,nan,nan,,nan,nan,,,nan,nan,0.534500002861023,nan,nan,0.590399980545044,nan,nan,0.5863000154495239,nan,nan,0.5293999910354614,nan,nan,0.5501999855041504,nan,nan,3.755897341761738e-05,nan,nan,47.34,nan,2930.0,nan,,nan,nan,nan,,nan,,,,
0.0,0.0,0.0,0.0,0.0,0.0,0.0,0.0,203.0,0.0,0.0,0.0,0.0,0.0,0.0,0.0,203.0,2172.0,0.0,0.0,0.0,0.0,0.0,0.0,0.0,13.0,0.0,0.0,0.0,0.0,0.0,0.0,0.0,2185.0,nan,nan,nan,,nan,nan,nan,nan,nan,nan,nan,,,,nan,nan,nan,nan,nan,nan,nan,nan,nan,nan,nan,nan,,nan,nan,,,nan,nan,0.534500002861023,nan,nan,0.590399980545044,nan,nan,0.5863000154495239,nan,nan,0.5293999910354614,nan,nan,0.5501999855041504,nan,nan,3.747041409951635e-05,nan,nan,47.34,nan,2935.0,nan,,nan,nan,nan,,nan,,,,
0.0,0.0,0.0,0.0,0.0,0.0,0.0,0.0,176.0,0.0,0.0,0.0,0.0,0.0,0.0,0.0,176.0,2050.0,0.0,0.0,0.0,0.0,0.0,0.0,0.0,8.0,0.0,0.0,0.0,0.0,0.0,0.0,0.0,2058.0,nan,nan,nan,,nan,nan,nan,nan,nan,nan,nan,,,,nan,nan,nan,nan,nan,nan,nan,nan,nan,nan,nan,nan,,nan,nan,,,nan,nan,0.534500002861023,nan,nan,0.590399980545044,nan,nan,0.5863000154495239,nan,nan,0.529699981212616,nan,nan,0.5504000186920166,nan,nan,3.749255483853631e-05,nan,nan,47.34,nan,2940.0,nan,,nan,nan,nan,,nan,,,,
0.0,0.0,0.0,0.0,0.0,0.0,0.0,0.0,195.0,0.0,0.0,0.0,0.0,0.0,0.0,0.0,195.0,2118.0,0.0,0.0,0.0,0.0,0.0,0.0,0.0,9.0,0.0,0.0,0.0,0.0,0.0,0.0,0.0,2127.0,nan,nan,nan,,nan,nan,nan,nan,nan,nan,nan,,,,nan,nan,nan,nan,nan,nan,nan,nan,nan,nan,nan,nan,,nan,nan,,,nan,nan,0.5353999733924866,nan,nan,0.5907999873161316,nan,nan,0.5864999890327454,nan,nan,0.529699981212616,nan,nan,0.5504000186920166,nan,nan,3.749255483853631e-05,nan,nan,47.34,nan,2945.0,nan,,nan,nan,nan,,nan,,,,
0.0,0.0,0.0,0.0,0.0,0.0,0.0,0.0,174.0,0.0,0.0,0.0,0.0,0.0,0.0,0.0,174.0,2099.0,0.0,0.0,0.0,0.0,0.0,0.0,0.0,11.0,0.0,0.0,0.0,0.0,0.0,0.0,0.0,2110.0,nan,nan,nan,,nan,nan,nan,nan,nan,nan,nan,,,,nan,nan,nan,nan,nan,nan,nan,nan,nan,nan,nan,nan,,nan,nan,,,nan,nan,0.5353999733924866,nan,nan,0.5907999873161316,nan,nan,0.5864999890327454,nan,nan,0.529699981212616,nan,nan,0.5504000186920166,nan,nan,3.7536876334343106e-05,nan,nan,47.34,nan,2950.0,nan,,nan,nan,nan,,nan,,,,
0.0,0.0,0.0,0.0,0.0,0.0,0.0,0.0,176.0,0.0,0.0,0.0,0.0,0.0,0.0,0.0,176.0,2123.0,0.0,0.0,0.0,0.0,0.0,0.0,0.0,7.0,0.0,0.0,0.0,0.0,0.0,0.0,0.0,2130.0,nan,nan,nan,,nan,nan,nan,nan,nan,nan,nan,,,,nan,nan,nan,nan,nan,nan,nan,nan,nan,nan,nan,nan,,nan,nan,,,nan,nan,0.5353999733924866,nan,nan,0.5907999873161316,nan,nan,0.5864999890327454,nan,nan,0.529699981212616,nan,nan,0.5504000186920166,nan,nan,3.751466647372581e-05,nan,nan,47.34,nan,2955.0,nan,,nan,nan,nan,,nan,,,,
0.0,0.0,0.0,0.0,0.0,0.0,0.0,0.0,168.0,0.0,0.0,0.0,0.0,0.0,0.0,0.0,168.0,2088.0,0.0,0.0,0.0,0.0,0.0,0.0,0.0,9.0,0.0,0.0,0.0,0.0,0.0,0.0,0.0,2097.0,nan,nan,nan,,nan,nan,nan,nan,nan,nan,nan,,,,nan,nan,nan,nan,nan,nan,nan,nan,nan,nan,nan,nan,,nan,nan,,,nan,nan,0.5353999733924866,nan,nan,0.5907999873161316,nan,nan,0.5864999890327454,nan,nan,0.5304999947547913,nan,nan,0.5507000088691711,nan,nan,3.751466647372581e-05,nan,nan,47.34,nan,2960.0,nan,,nan,nan,nan,,nan,,,,
0.0,0.0,0.0,0.0,0.0,0.0,0.0,0.0,164.0,0.0,0.0,0.0,0.0,0.0,0.0,0.0,164.0,2177.0,0.0,0.0,0.0,0.0,0.0,0.0,0.0,12.0,0.0,0.0,0.0,0.0,0.0,0.0,0.0,2189.0,nan,nan,nan,,nan,nan,nan,nan,nan,nan,nan,,,,nan,nan,nan,nan,nan,nan,nan,nan,nan,nan,nan,nan,,nan,nan,,,nan,nan,0.534600019454956,nan,nan,0.5906000137329102,nan,nan,0.5864999890327454,nan,nan,0.5304999947547913,nan,nan,0.5507000088691711,nan,nan,3.749255483853631e-05,nan,nan,47.34,nan,2965.0,nan,,nan,nan,nan,,nan,,,,
0.0,0.0,0.0,0.0,0.0,0.0,0.0,0.0,170.0,0.0,0.0,0.0,0.0,0.0,0.0,0.0,170.0,2176.0,0.0,0.0,0.0,0.0,0.0,0.0,0.0,11.0,0.0,0.0,0.0,0.0,0.0,0.0,0.0,2187.0,nan,nan,nan,,nan,nan,nan,nan,nan,nan,nan,,,,nan,nan,nan,nan,nan,nan,nan,nan,nan,nan,nan,nan,,nan,nan,,,nan,nan,0.534600019454956,nan,nan,0.5906000137329102,nan,nan,0.5864999890327454,nan,nan,0.5304999947547913,nan,nan,0.5507000088691711,nan,nan,3.749255483853631e-05,nan,nan,47.34,nan,2970.0,nan,,nan,nan,nan,,nan,,,,
0.0,0.0,0.0,0.0,0.0,0.0,0.0,0.0,149.0,0.0,0.0,0.0,0.0,0.0,0.0,0.0,149.0,2138.0,0.0,0.0,0.0,0.0,0.0,0.0,0.0,14.0,0.0,0.0,0.0,0.0,0.0,0.0,0.0,2152.0,nan,nan,nan,,nan,nan,nan,nan,nan,nan,nan,,,,nan,nan,nan,nan,nan,nan,nan,nan,nan,nan,nan,nan,,nan,nan,,,nan,nan,0.534600019454956,nan,nan,0.5906000137329102,nan,nan,0.5864999890327454,nan,nan,0.5304999947547913,nan,nan,0.5507000088691711,nan,nan,3.744824789464474e-05,nan,nan,47.34,nan,2975.0,nan,,nan,nan,nan,,nan,,,,
0.0,0.0,0.0,0.0,0.0,0.0,0.0,0.0,128.0,0.0,0.0,0.0,0.0,0.0,0.0,0.0,128.0,2123.0,0.0,0.0,0.0,0.0,0.0,0.0,0.0,13.0,0.0,0.0,0.0,0.0,0.0,0.0,0.0,2136.0,nan,nan,nan,,nan,nan,nan,nan,nan,nan,nan,,,,nan,nan,nan,nan,nan,nan,nan,nan,nan,nan,nan,nan,,nan,nan,,,nan,nan,0.534600019454956,nan,nan,0.5906000137329102,nan,nan,0.5864999890327454,nan,nan,0.529699981212616,nan,nan,0.5504000186920166,nan,nan,3.747041409951635e-05,nan,nan,47.34,nan,2980.0,nan,,nan,nan,nan,,nan,,,,
0.0,0.0,0.0,0.0,0.0,0.0,0.0,0.0,109.0,0.0,0.0,0.0,0.0,0.0,0.0,0.0,109.0,2162.0,0.0,0.0,0.0,0.0,0.0,0.0,0.0,13.0,0.0,0.0,0.0,0.0,0.0,0.0,0.0,2175.0,nan,nan,nan,,nan,nan,nan,nan,nan,nan,nan,,,,nan,nan,nan,nan,nan,nan,nan,nan,nan,nan,nan,nan,,nan,nan,,,nan,nan,0.534600019454956,nan,nan,0.5906999707221985,nan,nan,0.5863000154495239,nan,nan,0.529699981212616,nan,nan,0.5504000186920166,nan,nan,3.751466647372581e-05,nan,nan,47.34,nan,2985.0,nan,,nan,nan,nan,,nan,,,,
0.0,0.0,0.0,0.0,0.0,0.0,0.0,0.0,103.0,0.0,0.0,0.0,0.0,0.0,0.0,0.0,103.0,2219.0,0.0,0.0,0.0,0.0,0.0,0.0,0.0,11.0,0.0,0.0,0.0,0.0,0.0,0.0,0.0,2230.0,nan,nan,nan,,nan,nan,nan,nan,nan,nan,nan,,,,nan,nan,nan,nan,nan,nan,nan,nan,nan,nan,nan,nan,,nan,nan,,,nan,nan,0.534600019454956,nan,nan,0.5906999707221985,nan,nan,0.5863000154495239,nan,nan,0.529699981212616,nan,nan,0.5504000186920166,nan,nan,3.744824789464474e-05,nan,nan,47.34,nan,2990.0,nan,,nan,nan,nan,,nan,,,,
0.0,0.0,0.0,0.0,0.0,0.0,0.0,0.0,107.0,0.0,0.0,0.0,0.0,0.0,0.0,0.0,107.0,2087.0,0.0,0.0,0.0,0.0,0.0,0.0,0.0,9.0,0.0,0.0,0.0,0.0,0.0,0.0,0.0,2096.0,nan,nan,nan,,nan,nan,nan,nan,nan,nan,nan,,,,nan,nan,nan,nan,nan,nan,nan,nan,nan,nan,nan,nan,,nan,nan,,,nan,nan,0.534600019454956,nan,nan,0.5906999707221985,nan,nan,0.5863000154495239,nan,nan,0.529699981212616,nan,nan,0.5504000186920166,nan,nan,3.7642490497091785e-05,nan,nan,47.34,nan,2995.0,nan,,nan,nan,nan,,nan,,,,
0.0,0.0,0.0,0.0,0.0,0.0,0.0,0.0,109.0,0.0,0.0,0.0,0.0,0.0,0.0,0.0,109.0,2031.0,0.0,0.0,0.0,0.0,0.0,0.0,0.0,16.0,0.0,0.0,0.0,0.0,0.0,0.0,0.0,2047.0,nan,nan,nan,,nan,nan,nan,nan,nan,nan,nan,,,,nan,nan,nan,nan,nan,nan,nan,nan,nan,nan,nan,nan,,nan,nan,,,nan,nan,0.534600019454956,nan,nan,0.5906999707221985,nan,nan,0.5863000154495239,nan,nan,0.5292999744415283,nan,nan,0.5501000285148621,nan,nan,3.751466647372581e-05,nan,nan,47.34,nan,3000.0,nan,,nan,nan,nan,,nan,,,,
0.0,0.0,0.0,0.0,0.0,0.0,0.0,0.0,112.0,0.0,0.0,0.0,0.0,0.0,0.0,0.0,112.0,2083.0,0.0,0.0,0.0,0.0,0.0,0.0,0.0,11.0,0.0,0.0,0.0,0.0,0.0,0.0,0.0,2094.0,nan,nan,nan,,nan,nan,nan,nan,nan,nan,nan,,,,nan,nan,nan,nan,nan,nan,nan,nan,nan,nan,nan,nan,,nan,nan,,,nan,nan,0.534600019454956,nan,nan,0.5903000235557556,nan,nan,0.5863999724388123,nan,nan,0.5292999744415283,nan,nan,0.5501000285148621,nan,nan,3.747041409951635e-05,nan,nan,47.34,nan,3005.0,nan,,nan,nan,nan,,nan,,,,
0.0,0.0,0.0,0.0,0.0,0.0,0.0,0.0,88.0,0.0,0.0,0.0,0.0,0.0,0.0,0.0,88.0,2156.0,0.0,0.0,0.0,0.0,0.0,0.0,0.0,11.0,0.0,0.0,0.0,0.0,0.0,0.0,0.0,2167.0,nan,nan,nan,,nan,nan,nan,nan,nan,nan,nan,,,,nan,nan,nan,nan,nan,nan,nan,nan,nan,nan,nan,nan,,nan,nan,,,nan,nan,0.534600019454956,nan,nan,0.5903000235557556,nan,nan,0.5863999724388123,nan,nan,0.5292999744415283,nan,nan,0.5501000285148621,nan,nan,3.747041409951635e-05,nan,nan,47.34,nan,3010.0,nan,,nan,nan,nan,,nan,,,,
0.0,0.0,0.0,0.0,0.0,0.0,0.0,0.0,118.0,0.0,0.0,0.0,0.0,0.0,0.0,0.0,118.0,2077.0,0.0,0.0,0.0,0.0,0.0,0.0,0.0,12.0,0.0,0.0,0.0,0.0,0.0,0.0,0.0,2089.0,nan,nan,nan,,nan,nan,nan,nan,nan,nan,nan,,,,nan,nan,nan,nan,nan,nan,nan,nan,nan,nan,nan,nan,,nan,nan,,,nan,nan,0.534600019454956,nan,nan,0.5903000235557556,nan,nan,0.5863999724388123,nan,nan,0.5292999744415283,nan,nan,0.5501000285148621,nan,nan,3.766463487409055e-05,nan,nan,47.34,nan,3015.0,nan,,nan,nan,nan,,nan,,,,
0.0,0.0,0.0,0.0,0.0,0.0,0.0,0.0,82.0,0.0,0.0,0.0,0.0,0.0,0.0,0.0,82.0,2108.0,0.0,0.0,0.0,0.0,0.0,0.0,0.0,13.0,0.0,0.0,0.0,0.0,0.0,0.0,0.0,2121.0,nan,nan,nan,,nan,nan,nan,nan,nan,nan,nan,,,,nan,nan,nan,nan,nan,nan,nan,nan,nan,nan,nan,nan,,nan,nan,,,nan,nan,0.534600019454956,nan,nan,0.5903000235557556,nan,nan,0.5863999724388123,nan,nan,0.5317000150680542,nan,nan,0.5512999892234802,nan,nan,3.766463487409055e-05,nan,nan,47.34,nan,3020.0,nan,,nan,nan,nan,,nan,,,,
0.0,0.0,0.0,0.0,0.0,0.0,0.0,0.0,81.0,0.0,0.0,0.0,0.0,0.0,0.0,0.0,81.0,2141.0,0.0,0.0,0.0,0.0,0.0,0.0,0.0,10.0,0.0,0.0,0.0,0.0,0.0,0.0,0.0,2151.0,nan,nan,nan,,nan,nan,nan,nan,nan,nan,nan,,,,nan,nan,nan,nan,nan,nan,nan,nan,nan,nan,nan,nan,,nan,nan,,,nan,nan,0.534500002861023,nan,nan,0.5906999707221985,nan,nan,0.5863999724388123,nan,nan,0.5317000150680542,nan,nan,0.5512999892234802,nan,nan,3.766463487409055e-05,nan,nan,47.34,nan,3025.0,nan,,nan,nan,nan,,nan,,,,
0.0,0.0,0.0,0.0,0.0,0.0,0.0,0.0,99.0,0.0,0.0,0.0,0.0,0.0,0.0,0.0,99.0,2152.0,0.0,0.0,0.0,0.0,0.0,0.0,0.0,7.0,0.0,0.0,0.0,0.0,0.0,0.0,0.0,2159.0,nan,nan,nan,,nan,nan,nan,nan,nan,nan,nan,,,,nan,nan,nan,nan,nan,nan,nan,nan,nan,nan,nan,nan,,nan,nan,,,nan,nan,0.534500002861023,nan,nan,0.5906999707221985,nan,nan,0.5863999724388123,nan,nan,0.5317000150680542,nan,nan,0.5512999892234802,nan,nan,3.744824789464474e-05,nan,nan,47.34,nan,3030.0,nan,,nan,nan,nan,,nan,,,,
0.0,0.0,0.0,0.0,0.0,0.0,0.0,0.0,85.0,0.0,0.0,0.0,0.0,0.0,0.0,0.0,85.0,2186.0,0.0,0.0,0.0,0.0,0.0,0.0,0.0,12.0,0.0,0.0,0.0,0.0,0.0,0.0,0.0,2198.0,nan,nan,nan,,nan,nan,nan,nan,nan,nan,nan,,,,nan,nan,nan,nan,nan,nan,nan,nan,nan,nan,nan,nan,,nan,nan,,,nan,nan,0.534500002861023,nan,nan,0.5906999707221985,nan,nan,0.5863999724388123,nan,nan,0.5317000150680542,nan,nan,0.5512999892234802,nan,nan,3.749255483853631e-05,nan,nan,47.34,nan,3035.0,nan,,nan,nan,nan,,nan,,,,
0.0,0.0,0.0,0.0,0.0,0.0,0.0,0.0,66.0,0.0,0.0,0.0,0.0,0.0,0.0,0.0,66.0,2104.0,0.0,0.0,0.0,0.0,0.0,0.0,0.0,13.0,0.0,0.0,0.0,0.0,0.0,0.0,0.0,2117.0,nan,nan,nan,,nan,nan,nan,nan,nan,nan,nan,,,,nan,nan,nan,nan,nan,nan,nan,nan,nan,nan,nan,nan,,nan,nan,,,nan,nan,0.534500002861023,nan,nan,0.5906999707221985,nan,nan,0.5863999724388123,nan,nan,0.5289000272750854,nan,nan,0.550000011920929,nan,nan,3.742621629498899e-05,nan,nan,47.34,nan,3040.0,nan,,nan,nan,nan,,nan,,,,
0.0,0.0,0.0,0.0,0.0,0.0,0.0,0.0,73.0,0.0,0.0,0.0,0.0,0.0,0.0,0.0,73.0,2184.0,0.0,0.0,0.0,0.0,0.0,0.0,0.0,12.0,0.0,0.0,0.0,0.0,0.0,0.0,0.0,2196.0,nan,nan,nan,,nan,nan,nan,nan,nan,nan,nan,,,,nan,nan,nan,nan,nan,nan,nan,nan,nan,nan,nan,nan,,nan,nan,,,nan,nan,0.5343999862670898,nan,nan,0.5903000235557556,nan,nan,0.5863000154495239,nan,nan,0.5289000272750854,nan,nan,0.550000011920929,nan,nan,3.766463487409055e-05,nan,nan,47.34,nan,3045.0,nan,,nan,nan,nan,,nan,,,,
0.0,0.0,0.0,0.0,0.0,0.0,0.0,0.0,47.0,0.0,0.0,0.0,0.0,0.0,0.0,0.0,47.0,2140.0,0.0,0.0,0.0,0.0,0.0,0.0,0.0,6.0,0.0,0.0,0.0,0.0,0.0,0.0,0.0,2146.0,nan,nan,nan,,nan,nan,nan,nan,nan,nan,nan,,,,nan,nan,nan,nan,nan,nan,nan,nan,nan,nan,nan,nan,,nan,nan,,,nan,nan,0.5343999862670898,nan,nan,0.5903000235557556,nan,nan,0.5863000154495239,nan,nan,0.5289000272750854,nan,nan,0.550000011920929,nan,nan,3.766463487409055e-05,nan,nan,47.34,nan,3050.0,nan,,nan,nan,nan,,nan,,,,
0.0,0.0,0.0,0.0,0.0,0.0,0.0,0.0,50.0,0.0,0.0,0.0,0.0,0.0,0.0,0.0,50.0,2210.0,0.0,0.0,0.0,0.0,0.0,0.0,0.0,12.0,0.0,0.0,0.0,0.0,0.0,0.0,0.0,2222.0,nan,nan,nan,,nan,nan,nan,nan,nan,nan,nan,,,,nan,nan,nan,nan,nan,nan,nan,nan,nan,nan,nan,nan,,nan,nan,,,nan,nan,0.5343999862670898,nan,nan,0.5903000235557556,nan,nan,0.5863000154495239,nan,nan,0.5289000272750854,nan,nan,0.550000011920929,nan,nan,3.747041409951635e-05,nan,nan,47.34,nan,3055.0,nan,,nan,nan,nan,,nan,,,,
0.0,0.0,0.0,0.0,0.0,0.0,0.0,0.0,52.0,0.0,0.0,0.0,0.0,0.0,0.0,0.0,52.0,2121.0,0.0,0.0,0.0,0.0,0.0,0.0,0.0,12.0,0.0,0.0,0.0,0.0,0.0,0.0,0.0,2133.0,nan,nan,nan,,nan,nan,nan,nan,nan,nan,nan,,,,nan,nan,nan,nan,nan,nan,nan,nan,nan,nan,nan,nan,,nan,nan,,,nan,nan,0.5343999862670898,nan,nan,0.5903000235557556,nan,nan,0.5863000154495239,nan,nan,0.5291000008583069,nan,nan,0.5501000285148621,nan,nan,3.742621629498899e-05,nan,nan,47.34,nan,3060.0,nan,,nan,nan,nan,,nan,,,,
0.0,0.0,0.0,0.0,0.0,0.0,0.0,0.0,49.0,0.0,0.0,0.0,0.0,0.0,0.0,0.0,49.0,2168.0,0.0,0.0,0.0,0.0,0.0,0.0,0.0,16.0,0.0,0.0,0.0,0.0,0.0,0.0,0.0,2184.0,nan,nan,nan,,nan,nan,nan,nan,nan,nan,nan,,,,nan,nan,nan,nan,nan,nan,nan,nan,nan,nan,nan,nan,,nan,nan,,,nan,nan,0.5349000096321106,nan,nan,0.590399980545044,nan,nan,0.5861999988555908,nan,nan,0.5291000008583069,nan,nan,0.5501000285148621,nan,nan,3.744824789464474e-05,nan,nan,47.34,nan,3065.0,nan,,nan,nan,nan,,nan,,,,
0.0,0.0,0.0,0.0,0.0,0.0,0.0,0.0,47.0,0.0,0.0,0.0,0.0,0.0,0.0,0.0,47.0,2222.0,0.0,0.0,0.0,0.0,0.0,0.0,0.0,11.0,0.0,0.0,0.0,0.0,0.0,0.0,0.0,2233.0,nan,nan,nan,,nan,nan,nan,nan,nan,nan,nan,,,,nan,nan,nan,nan,nan,nan,nan,nan,nan,nan,nan,nan,,nan,nan,,,nan,nan,0.5349000096321106,nan,nan,0.590399980545044,nan,nan,0.5861999988555908,nan,nan,0.5291000008583069,nan,nan,0.5501000285148621,nan,nan,3.749255483853631e-05,nan,nan,47.34,nan,3070.0,nan,,nan,nan,nan,,nan,,,,
0.0,0.0,0.0,0.0,0.0,0.0,0.0,0.0,46.0,0.0,0.0,0.0,0.0,0.0,0.0,0.0,46.0,2158.0,0.0,0.0,0.0,0.0,0.0,0.0,0.0,11.0,0.0,0.0,0.0,0.0,0.0,0.0,0.0,2169.0,nan,nan,nan,,nan,nan,nan,nan,nan,nan,nan,,,,nan,nan,nan,nan,nan,nan,nan,nan,nan,nan,nan,nan,,nan,nan,,,nan,nan,0.5349000096321106,nan,nan,0.590399980545044,nan,nan,0.5861999988555908,nan,nan,0.5291000008583069,nan,nan,0.5501000285148621,nan,nan,3.766463487409055e-05,nan,nan,47.75,nan,3075.0,nan,,nan,nan,nan,,nan,,,,
0.0,0.0,0.0,0.0,0.0,0.0,0.0,0.0,42.0,0.0,0.0,0.0,0.0,0.0,0.0,0.0,42.0,2213.0,0.0,0.0,0.0,0.0,0.0,0.0,0.0,10.0,0.0,0.0,0.0,0.0,0.0,0.0,0.0,2223.0,nan,nan,nan,,nan,nan,nan,nan,nan,nan,nan,,,,nan,nan,nan,nan,nan,nan,nan,nan,nan,nan,nan,nan,,nan,nan,,,nan,nan,0.5349000096321106,nan,nan,0.590399980545044,nan,nan,0.5861999988555908,nan,nan,0.5303000211715698,nan,nan,0.5507000088691711,nan,nan,3.7231995520414785e-05,nan,nan,47.75,nan,3080.0,nan,,nan,nan,nan,,nan,,,,
0.0,0.0,0.0,0.0,0.0,0.0,0.0,0.0,41.0,0.0,0.0,0.0,0.0,0.0,0.0,0.0,41.0,2210.0,0.0,0.0,0.0,0.0,0.0,0.0,0.0,11.0,0.0,0.0,0.0,0.0,0.0,0.0,0.0,2221.0,nan,nan,nan,,nan,nan,nan,nan,nan,nan,nan,,,,nan,nan,nan,nan,nan,nan,nan,nan,nan,nan,nan,nan,,nan,nan,,,nan,nan,0.5347999930381775,nan,nan,0.5907999873161316,nan,nan,0.5861999988555908,nan,nan,0.5303000211715698,nan,nan,0.5507000088691711,nan,nan,3.744824789464474e-05,nan,nan,47.75,nan,3085.0,nan,,nan,nan,nan,,nan,,,,
0.0,0.0,0.0,0.0,0.0,0.0,0.0,0.0,30.0,0.0,0.0,0.0,0.0,0.0,0.0,0.0,30.0,2096.0,0.0,0.0,0.0,0.0,0.0,0.0,0.0,12.0,0.0,0.0,0.0,0.0,0.0,0.0,0.0,2108.0,nan,nan,nan,,nan,nan,nan,nan,nan,nan,nan,,,,nan,nan,nan,nan,nan,nan,nan,nan,nan,nan,nan,nan,,nan,nan,,,nan,nan,0.5347999930381775,nan,nan,0.5907999873161316,nan,nan,0.5861999988555908,nan,nan,0.5303000211715698,nan,nan,0.5507000088691711,nan,nan,3.740407191799022e-05,nan,nan,47.75,nan,3090.0,nan,,nan,nan,nan,,nan,,,,
0.0,0.0,0.0,0.0,0.0,0.0,0.0,0.0,34.0,0.0,0.0,0.0,0.0,0.0,0.0,0.0,34.0,2101.0,0.0,0.0,0.0,0.0,0.0,0.0,0.0,11.0,0.0,0.0,0.0,0.0,0.0,0.0,0.0,2112.0,nan,nan,nan,,nan,nan,nan,nan,nan,nan,nan,,,,nan,nan,nan,nan,nan,nan,nan,nan,nan,nan,nan,nan,,nan,nan,,,nan,nan,0.5347999930381775,nan,nan,0.5907999873161316,nan,nan,0.5861999988555908,nan,nan,0.5303000211715698,nan,nan,0.5507000088691711,nan,nan,3.740407191799022e-05,nan,nan,47.75,nan,3095.0,nan,,nan,nan,nan,,nan,,,,
0.0,0.0,0.0,0.0,0.0,0.0,0.0,0.0,40.0,0.0,0.0,0.0,0.0,0.0,0.0,0.0,40.0,2175.0,0.0,0.0,0.0,0.0,0.0,0.0,0.0,15.0,0.0,0.0,0.0,0.0,0.0,0.0,0.0,2190.0,nan,nan,nan,,nan,nan,nan,nan,nan,nan,nan,,,,nan,nan,nan,nan,nan,nan,nan,nan,nan,nan,nan,nan,,nan,nan,,,nan,nan,0.5347999930381775,nan,nan,0.5907999873161316,nan,nan,0.5861999988555908,nan,nan,0.529699981212616,nan,nan,0.5503000020980835,nan,nan,3.7231995520414785e-05,nan,nan,47.75,nan,3100.0,nan,,nan,nan,nan,,nan,,,,
0.0,0.0,0.0,0.0,0.0,0.0,0.0,0.0,22.0,0.0,0.0,0.0,0.0,0.0,0.0,0.0,22.0,2124.0,0.0,0.0,0.0,0.0,0.0,0.0,0.0,17.0,0.0,0.0,0.0,0.0,0.0,0.0,0.0,2141.0,nan,nan,nan,,nan,nan,nan,nan,nan,nan,nan,,,,nan,nan,nan,nan,nan,nan,nan,nan,nan,nan,nan,nan,,nan,nan,,,nan,nan,0.5338000059127808,nan,nan,0.590399980545044,nan,nan,0.5863999724388123,nan,nan,0.529699981212616,nan,nan,0.5503000020980835,nan,nan,3.747041409951635e-05,nan,nan,47.75,nan,3105.0,nan,,nan,nan,nan,,nan,,,,
0.0,0.0,0.0,0.0,0.0,0.0,0.0,0.0,37.0,0.0,0.0,0.0,0.0,0.0,0.0,0.0,37.0,2153.0,0.0,0.0,0.0,0.0,0.0,0.0,0.0,11.0,0.0,0.0,0.0,0.0,0.0,0.0,0.0,2164.0,nan,nan,nan,,nan,nan,nan,nan,nan,nan,nan,,,,nan,nan,nan,nan,nan,nan,nan,nan,nan,nan,nan,nan,,nan,nan,,,nan,nan,0.5338000059127808,nan,nan,0.590399980545044,nan,nan,0.5863999724388123,nan,nan,0.529699981212616,nan,nan,0.5503000020980835,nan,nan,3.759836909011938e-05,nan,nan,47.75,nan,3110.0,nan,,nan,nan,nan,,nan,,,,
0.0,0.0,0.0,0.0,0.0,0.0,0.0,0.0,27.0,0.0,0.0,0.0,0.0,0.0,0.0,0.0,27.0,2154.0,0.0,0.0,0.0,0.0,0.0,0.0,0.0,10.0,0.0,0.0,0.0,0.0,0.0,0.0,0.0,2164.0,nan,nan,nan,,nan,nan,nan,nan,nan,nan,nan,,,,nan,nan,nan,nan,nan,nan,nan,nan,nan,nan,nan,nan,,nan,nan,,,nan,nan,0.5338000059127808,nan,nan,0.590399980545044,nan,nan,0.5863999724388123,nan,nan,0.529699981212616,nan,nan,0.5503000020980835,nan,nan,3.738198574865237e-05,nan,nan,47.75,nan,3115.0,nan,,nan,nan,nan,,nan,,,,
0.0,0.0,0.0,0.0,0.0,0.0,0.0,0.0,26.0,0.0,0.0,0.0,0.0,0.0,0.0,0.0,26.0,2252.0,0.0,0.0,0.0,0.0,0.0,0.0,0.0,8.0,0.0,0.0,0.0,0.0,0.0,0.0,0.0,2260.0,nan,nan,nan,,nan,nan,nan,nan,nan,nan,nan,,,,nan,nan,nan,nan,nan,nan,nan,nan,nan,nan,nan,nan,,nan,nan,,,nan,nan,0.5338000059127808,nan,nan,0.590399980545044,nan,nan,0.5863999724388123,nan,nan,0.5304999947547913,nan,nan,0.5507000088691711,nan,nan,3.7231995520414785e-05,nan,nan,47.75,nan,3120.0,nan,,nan,nan,nan,,nan,,,,
0.0,0.0,0.0,0.0,0.0,0.0,0.0,0.0,25.0,0.0,0.0,0.0,0.0,0.0,0.0,0.0,25.0,2074.0,0.0,0.0,0.0,0.0,0.0,0.0,0.0,13.0,0.0,0.0,0.0,0.0,0.0,0.0,0.0,2087.0,nan,nan,nan,,nan,nan,nan,nan,nan,nan,nan,,,,nan,nan,nan,nan,nan,nan,nan,nan,nan,nan,nan,nan,,nan,nan,,,nan,nan,0.534500002861023,nan,nan,0.5906000137329102,nan,nan,0.5860000252723694,nan,nan,0.5304999947547913,nan,nan,0.5507000088691711,nan,nan,3.766463487409055e-05,nan,nan,47.75,nan,3125.0,nan,,nan,nan,nan,,nan,,,,
0.0,0.0,0.0,0.0,0.0,0.0,0.0,0.0,22.0,0.0,0.0,0.0,0.0,0.0,0.0,0.0,22.0,2208.0,0.0,0.0,0.0,0.0,0.0,0.0,0.0,9.0,0.0,0.0,0.0,0.0,0.0,0.0,0.0,2217.0,nan,nan,nan,,nan,nan,nan,nan,nan,nan,nan,,,,nan,nan,nan,nan,nan,nan,nan,nan,nan,nan,nan,nan,,nan,nan,,,nan,nan,0.534500002861023,nan,nan,0.5906000137329102,nan,nan,0.5860000252723694,nan,nan,0.5304999947547913,nan,nan,0.5507000088691711,nan,nan,3.766463487409055e-05,nan,nan,47.75,nan,3130.0,nan,,nan,nan,nan,,nan,,,,
0.0,0.0,0.0,0.0,0.0,0.0,0.0,0.0,27.0,0.0,0.0,0.0,0.0,0.0,0.0,0.0,27.0,2199.0,0.0,0.0,0.0,0.0,0.0,0.0,0.0,19.0,0.0,0.0,0.0,0.0,0.0,0.0,0.0,2218.0,nan,nan,nan,,nan,nan,nan,nan,nan,nan,nan,,,,nan,nan,nan,nan,nan,nan,nan,nan,nan,nan,nan,nan,,nan,nan,,,nan,nan,0.534500002861023,nan,nan,0.5906000137329102,nan,nan,0.5860000252723694,nan,nan,0.5304999947547913,nan,nan,0.5507000088691711,nan,nan,3.7642490497091785e-05,nan,nan,47.75,nan,3135.0,nan,,nan,nan,nan,,nan,,,,
0.0,0.0,0.0,0.0,0.0,0.0,0.0,0.0,18.0,0.0,0.0,0.0,0.0,0.0,0.0,0.0,18.0,2126.0,0.0,0.0,0.0,0.0,0.0,0.0,0.0,10.0,0.0,0.0,0.0,0.0,0.0,0.0,0.0,2136.0,nan,nan,nan,,nan,nan,nan,nan,nan,nan,nan,,,,nan,nan,nan,nan,nan,nan,nan,nan,nan,nan,nan,nan,,nan,nan,,,nan,nan,0.534500002861023,nan,nan,0.5906000137329102,nan,nan,0.5860000252723694,nan,nan,0.5307999849319458,nan,nan,0.5508000254631042,nan,nan,3.738198574865237e-05,nan,nan,47.75,nan,3140.0,nan,,nan,nan,nan,,nan,,,,
0.0,0.0,0.0,0.0,0.0,0.0,0.0,0.0,22.0,0.0,0.0,0.0,0.0,0.0,0.0,0.0,22.0,2145.0,0.0,0.0,0.0,0.0,0.0,0.0,0.0,12.0,0.0,0.0,0.0,0.0,0.0,0.0,0.0,2157.0,nan,nan,nan,,nan,nan,nan,nan,nan,nan,nan,,,,nan,nan,nan,nan,nan,nan,nan,nan,nan,nan,nan,nan,,nan,nan,,,nan,nan,0.5343999862670898,nan,nan,0.590499997138977,nan,nan,0.5861999988555908,nan,nan,0.5307999849319458,nan,nan,0.5508000254631042,nan,nan,3.747041409951635e-05,nan,nan,47.75,nan,3145.0,nan,,nan,nan,nan,,nan,,,,
0.0,0.0,0.0,0.0,0.0,0.0,0.0,0.0,16.0,0.0,0.0,0.0,0.0,0.0,0.0,0.0,16.0,2148.0,0.0,0.0,0.0,0.0,0.0,0.0,0.0,9.0,0.0,0.0,0.0,0.0,0.0,0.0,0.0,2157.0,nan,nan,nan,,nan,nan,nan,nan,nan,nan,nan,,,,nan,nan,nan,nan,nan,nan,nan,nan,nan,nan,nan,nan,,nan,nan,,,nan,nan,0.5343999862670898,nan,nan,0.590499997138977,nan,nan,0.5861999988555908,nan,nan,0.5307999849319458,nan,nan,0.5508000254631042,nan,nan,3.742621629498899e-05,nan,nan,47.75,nan,3150.0,nan,,nan,nan,nan,,nan,,,,
0.0,0.0,0.0,0.0,0.0,0.0,0.0,0.0,9.0,0.0,0.0,0.0,0.0,0.0,0.0,0.0,9.0,2113.0,0.0,0.0,0.0,0.0,0.0,0.0,0.0,16.0,0.0,0.0,0.0,0.0,0.0,0.0,0.0,2129.0,nan,nan,nan,,nan,nan,nan,nan,nan,nan,nan,,,,nan,nan,nan,nan,nan,nan,nan,nan,nan,nan,nan,nan,,nan,nan,,,nan,nan,0.5343999862670898,nan,nan,0.590499997138977,nan,nan,0.5861999988555908,nan,nan,0.5307999849319458,nan,nan,0.5508000254631042,nan,nan,3.7359950511017814e-05,nan,nan,47.75,nan,3155.0,nan,,nan,nan,nan,,nan,,,,
0.0,0.0,0.0,0.0,0.0,0.0,0.0,0.0,17.0,0.0,0.0,0.0,0.0,0.0,0.0,0.0,17.0,2057.0,0.0,0.0,0.0,0.0,0.0,0.0,0.0,9.0,0.0,0.0,0.0,0.0,0.0,0.0,0.0,2066.0,nan,nan,nan,,nan,nan,nan,nan,nan,nan,nan,,,,nan,nan,nan,nan,nan,nan,nan,nan,nan,nan,nan,nan,,nan,nan,,,nan,nan,0.5343999862670898,nan,nan,0.590499997138977,nan,nan,0.5861999988555908,nan,nan,0.52920001745224,nan,nan,0.5501000285148621,nan,nan,3.738198574865237e-05,nan,nan,47.75,nan,3160.0,nan,,nan,nan,nan,,nan,,,,
0.0,0.0,0.0,0.0,0.0,0.0,0.0,0.0,19.0,0.0,0.0,0.0,0.0,0.0,0.0,0.0,19.0,2123.0,0.0,0.0,0.0,0.0,0.0,0.0,0.0,11.0,0.0,0.0,0.0,0.0,0.0,0.0,0.0,2134.0,nan,nan,nan,,nan,nan,nan,nan,nan,nan,nan,,,,nan,nan,nan,nan,nan,nan,nan,nan,nan,nan,nan,nan,,nan,nan,,,nan,nan,0.5346999764442444,nan,nan,0.590399980545044,nan,nan,0.5863000154495239,nan,nan,0.52920001745224,nan,nan,0.5501000285148621,nan,nan,3.7359950511017814e-05,nan,nan,47.75,nan,3165.0,nan,,nan,nan,nan,,nan,,,,
0.0,0.0,0.0,0.0,0.0,0.0,0.0,0.0,11.0,0.0,0.0,0.0,0.0,0.0,0.0,0.0,11.0,2100.0,0.0,0.0,0.0,0.0,0.0,0.0,0.0,12.0,0.0,0.0,0.0,0.0,0.0,0.0,0.0,2112.0,nan,nan,nan,,nan,nan,nan,nan,nan,nan,nan,,,,nan,nan,nan,nan,nan,nan,nan,nan,nan,nan,nan,nan,,nan,nan,,,nan,nan,0.5346999764442444,nan,nan,0.590399980545044,nan,nan,0.5863000154495239,nan,nan,0.52920001745224,nan,nan,0.5501000285148621,nan,nan,3.738198574865237e-05,nan,nan,47.75,nan,3170.0,nan,,nan,nan,nan,,nan,,,,
0.0,0.0,0.0,0.0,0.0,0.0,0.0,0.0,14.0,0.0,0.0,0.0,0.0,0.0,0.0,0.0,14.0,2142.0,0.0,0.0,0.0,0.0,0.0,0.0,0.0,17.0,0.0,0.0,0.0,0.0,0.0,0.0,0.0,2159.0,nan,nan,nan,,nan,nan,nan,nan,nan,nan,nan,,,,nan,nan,nan,nan,nan,nan,nan,nan,nan,nan,nan,nan,,nan,nan,,,nan,nan,0.5346999764442444,nan,nan,0.590399980545044,nan,nan,0.5863000154495239,nan,nan,0.52920001745224,nan,nan,0.5501000285148621,nan,nan,3.742621629498899e-05,nan,nan,47.75,nan,3175.0,nan,,nan,nan,nan,,nan,,,,
0.0,0.0,0.0,0.0,0.0,0.0,0.0,0.0,10.0,0.0,0.0,0.0,0.0,0.0,0.0,0.0,10.0,2126.0,0.0,0.0,0.0,0.0,0.0,0.0,0.0,11.0,0.0,0.0,0.0,0.0,0.0,0.0,0.0,2137.0,nan,nan,nan,,nan,nan,nan,nan,nan,nan,nan,,,,nan,nan,nan,nan,nan,nan,nan,nan,nan,nan,nan,nan,,nan,nan,,,nan,nan,0.5346999764442444,nan,nan,0.590399980545044,nan,nan,0.5863000154495239,nan,nan,0.5317000150680542,nan,nan,0.5511999726295471,nan,nan,3.7359950511017814e-05,nan,nan,47.75,nan,3180.0,nan,,nan,nan,nan,,nan,,,,
0.0,0.0,0.0,0.0,0.0,0.0,0.0,0.0,11.0,0.0,0.0,0.0,0.0,0.0,0.0,0.0,11.0,2065.0,0.0,0.0,0.0,0.0,0.0,0.0,0.0,6.0,0.0,0.0,0.0,0.0,0.0,0.0,0.0,2071.0,nan,nan,nan,,nan,nan,nan,nan,nan,nan,nan,,,,nan,nan,nan,nan,nan,nan,nan,nan,nan,nan,nan,nan,,nan,nan,,,nan,nan,0.5349000096321106,nan,nan,0.5906999707221985,nan,nan,0.5863000154495239,nan,nan,0.5317000150680542,nan,nan,0.5511999726295471,nan,nan,3.740407191799022e-05,nan,nan,47.75,nan,3185.0,nan,,nan,nan,nan,,nan,,,,
0.0,0.0,0.0,0.0,0.0,0.0,0.0,0.0,13.0,0.0,0.0,0.0,0.0,0.0,0.0,0.0,13.0,2112.0,0.0,0.0,0.0,0.0,0.0,0.0,0.0,11.0,0.0,0.0,0.0,0.0,0.0,0.0,0.0,2123.0,nan,nan,nan,,nan,nan,nan,nan,nan,nan,nan,,,,nan,nan,nan,nan,nan,nan,nan,nan,nan,nan,nan,nan,,nan,nan,,,nan,nan,0.5349000096321106,nan,nan,0.5906999707221985,nan,nan,0.5863000154495239,nan,nan,0.5285000205039978,nan,nan,0.5497999787330627,nan,nan,3.738198574865237e-05,nan,nan,47.75,nan,3190.0,nan,,nan,nan,nan,,nan,,,,
0.0,0.0,0.0,0.0,0.0,0.0,0.0,0.0,8.0,0.0,0.0,0.0,0.0,0.0,0.0,0.0,8.0,2184.0,0.0,0.0,0.0,0.0,0.0,0.0,0.0,10.0,0.0,0.0,0.0,0.0,0.0,0.0,0.0,2194.0,nan,nan,nan,,nan,nan,nan,nan,nan,nan,nan,,,,nan,nan,nan,nan,nan,nan,nan,nan,nan,nan,nan,nan,,nan,nan,,,nan,nan,0.5349000096321106,nan,nan,0.5906999707221985,nan,nan,0.5863000154495239,nan,nan,0.5295000076293945,nan,nan,0.5501999855041504,nan,nan,3.766463487409055e-05,nan,nan,47.75,nan,3195.0,nan,,nan,nan,nan,,nan,,,,
0.0,0.0,0.0,0.0,0.0,0.0,0.0,0.0,11.0,0.0,0.0,0.0,0.0,0.0,0.0,0.0,11.0,2152.0,0.0,0.0,0.0,0.0,0.0,0.0,0.0,10.0,0.0,0.0,0.0,0.0,0.0,0.0,0.0,2162.0,nan,nan,nan,,nan,nan,nan,nan,nan,nan,nan,,,,nan,nan,nan,nan,nan,nan,nan,nan,nan,nan,nan,nan,,nan,nan,,,nan,nan,0.5349000096321106,nan,nan,0.5906999707221985,nan,nan,0.5863000154495239,nan,nan,0.5304999947547913,nan,nan,0.5508000254631042,nan,nan,3.733788980753161e-05,nan,nan,47.75,nan,3200.0,nan,,nan,nan,nan,,nan,,,,
0.0,0.0,0.0,0.0,0.0,0.0,0.0,0.0,8.0,0.0,0.0,0.0,0.0,0.0,0.0,0.0,8.0,2191.0,0.0,0.0,0.0,0.0,0.0,0.0,0.0,17.0,0.0,0.0,0.0,0.0,0.0,0.0,0.0,2208.0,nan,nan,nan,,nan,nan,nan,nan,nan,nan,nan,,,,nan,nan,nan,nan,nan,nan,nan,nan,nan,nan,nan,nan,,nan,nan,,,nan,nan,0.5343999862670898,nan,nan,0.5903000235557556,nan,nan,0.5863000154495239,nan,nan,0.5307000279426575,nan,nan,0.5508000254631042,nan,nan,3.738198574865237e-05,nan,nan,47.75,nan,3205.0,nan,,nan,nan,nan,,nan,,,,
0.0,0.0,0.0,0.0,0.0,0.0,0.0,0.0,8.0,0.0,0.0,0.0,0.0,0.0,0.0,0.0,8.0,2175.0,0.0,0.0,0.0,0.0,0.0,0.0,0.0,12.0,0.0,0.0,0.0,0.0,0.0,0.0,0.0,2187.0,nan,nan,nan,,nan,nan,nan,nan,nan,nan,nan,,,,nan,nan,nan,nan,nan,nan,nan,nan,nan,nan,nan,nan,,nan,nan,,,nan,nan,0.5343999862670898,nan,nan,0.5903000235557556,nan,nan,0.5863000154495239,nan,nan,0.5307000279426575,nan,nan,0.5508000254631042,nan,nan,3.742621629498899e-05,nan,nan,47.75,nan,3210.0,nan,,nan,nan,nan,,nan,,,,
0.0,0.0,0.0,0.0,0.0,0.0,0.0,0.0,6.0,0.0,0.0,0.0,0.0,0.0,0.0,0.0,6.0,2148.0,0.0,0.0,0.0,0.0,0.0,0.0,0.0,12.0,0.0,0.0,0.0,0.0,0.0,0.0,0.0,2160.0,nan,nan,nan,,nan,nan,nan,nan,nan,nan,nan,,,,nan,nan,nan,nan,nan,nan,nan,nan,nan,nan,nan,nan,,nan,nan,,,nan,nan,0.5343999862670898,nan,nan,0.5903000235557556,nan,nan,0.5863000154495239,nan,nan,0.5307000279426575,nan,nan,0.5508000254631042,nan,nan,3.740407191799022e-05,nan,nan,47.75,nan,3215.0,nan,,nan,nan,nan,,nan,,,,
0.0,0.0,0.0,0.0,0.0,0.0,0.0,0.0,13.0,0.0,0.0,0.0,0.0,0.0,0.0,0.0,13.0,2196.0,0.0,0.0,0.0,0.0,0.0,0.0,0.0,6.0,0.0,0.0,0.0,0.0,0.0,0.0,0.0,2202.0,nan,nan,nan,,nan,nan,nan,nan,nan,nan,nan,,,,nan,nan,nan,nan,nan,nan,nan,nan,nan,nan,nan,nan,,nan,nan,,,nan,nan,0.5343999862670898,nan,nan,0.5903000235557556,nan,nan,0.5863000154495239,nan,nan,0.5299999713897705,nan,nan,0.5504000186920166,nan,nan,3.7209829315543175e-05,nan,nan,47.75,nan,3220.0,nan,,nan,nan,nan,,nan,,,,
0.0,0.0,0.0,0.0,0.0,0.0,0.0,0.0,7.0,0.0,0.0,0.0,0.0,0.0,0.0,0.0,7.0,2144.0,0.0,0.0,0.0,0.0,0.0,0.0,0.0,8.0,0.0,0.0,0.0,0.0,0.0,0.0,0.0,2152.0,nan,nan,nan,,nan,nan,nan,nan,nan,nan,nan,,,,nan,nan,nan,nan,nan,nan,nan,nan,nan,nan,nan,nan,,nan,nan,,,nan,nan,0.5351999998092651,nan,nan,0.5906999707221985,nan,nan,0.5863000154495239,nan,nan,0.5299999713897705,nan,nan,0.5504000186920166,nan,nan,3.742621629498899e-05,nan,nan,47.75,nan,3225.0,nan,,nan,nan,nan,,nan,,,,
0.0,0.0,0.0,0.0,0.0,0.0,0.0,0.0,10.0,0.0,0.0,0.0,0.0,0.0,0.0,0.0,10.0,2167.0,0.0,0.0,0.0,0.0,0.0,0.0,0.0,13.0,0.0,0.0,0.0,0.0,0.0,0.0,0.0,2180.0,nan,nan,nan,,nan,nan,nan,nan,nan,nan,nan,,,,nan,nan,nan,nan,nan,nan,nan,nan,nan,nan,nan,nan,,nan,nan,,,nan,nan,0.5351999998092651,nan,nan,0.5906999707221985,nan,nan,0.5863000154495239,nan,nan,0.5299999713897705,nan,nan,0.5504000186920166,nan,nan,3.7254136259434745e-05,nan,nan,47.75,nan,3230.0,nan,,nan,nan,nan,,nan,,,,
0.0,0.0,0.0,0.0,0.0,0.0,0.0,0.0,10.0,0.0,0.0,0.0,0.0,0.0,0.0,0.0,10.0,2183.0,0.0,0.0,0.0,0.0,0.0,0.0,0.0,12.0,0.0,0.0,0.0,0.0,0.0,0.0,0.0,2195.0,nan,nan,nan,,nan,nan,nan,nan,nan,nan,nan,,,,nan,nan,nan,nan,nan,nan,nan,nan,nan,nan,nan,nan,,nan,nan,,,nan,nan,0.5351999998092651,nan,nan,0.5906999707221985,nan,nan,0.5863000154495239,nan,nan,0.5299999713897705,nan,nan,0.5504000186920166,nan,nan,3.766463487409055e-05,nan,nan,47.75,nan,3235.0,nan,,nan,nan,nan,,nan,,,,
0.0,0.0,0.0,0.0,0.0,0.0,0.0,0.0,13.0,0.0,0.0,0.0,0.0,0.0,0.0,0.0,13.0,2109.0,0.0,0.0,0.0,0.0,0.0,0.0,0.0,7.0,0.0,0.0,0.0,0.0,0.0,0.0,0.0,2116.0,nan,nan,nan,,nan,nan,nan,nan,nan,nan,nan,,,,nan,nan,nan,nan,nan,nan,nan,nan,nan,nan,nan,nan,,nan,nan,,,nan,nan,0.5351999998092651,nan,nan,0.5906999707221985,nan,nan,0.5863000154495239,nan,nan,0.52920001745224,nan,nan,0.5503000020980835,nan,nan,3.7359950511017814e-05,nan,nan,47.75,nan,3240.0,nan,,nan,nan,nan,,nan,,,,
0.0,0.0,0.0,0.0,0.0,0.0,0.0,0.0,5.0,0.0,0.0,0.0,0.0,0.0,0.0,0.0,5.0,2129.0,0.0,0.0,0.0,0.0,0.0,0.0,0.0,13.0,0.0,0.0,0.0,0.0,0.0,0.0,0.0,2142.0,nan,nan,nan,,nan,nan,nan,nan,nan,nan,nan,,,,nan,nan,nan,nan,nan,nan,nan,nan,nan,nan,nan,nan,,nan,nan,,,nan,nan,0.5351999998092651,nan,nan,0.590399980545044,nan,nan,0.5866000056266785,nan,nan,0.52920001745224,nan,nan,0.5503000020980835,nan,nan,3.7642490497091785e-05,nan,nan,47.75,nan,3245.0,nan,,nan,nan,nan,,nan,,,,
0.0,0.0,0.0,0.0,0.0,0.0,0.0,0.0,9.0,0.0,0.0,0.0,0.0,0.0,0.0,0.0,9.0,2160.0,0.0,0.0,0.0,0.0,0.0,0.0,0.0,7.0,0.0,0.0,0.0,0.0,0.0,0.0,0.0,2167.0,nan,nan,nan,,nan,nan,nan,nan,nan,nan,nan,,,,nan,nan,nan,nan,nan,nan,nan,nan,nan,nan,nan,nan,,nan,nan,,,nan,nan,0.5351999998092651,nan,nan,0.590399980545044,nan,nan,0.5866000056266785,nan,nan,0.52920001745224,nan,nan,0.5503000020980835,nan,nan,3.740407191799022e-05,nan,nan,47.75,nan,3250.0,nan,,nan,nan,nan,,nan,,,,
0.0,0.0,0.0,0.0,0.0,0.0,0.0,0.0,9.0,0.0,0.0,0.0,0.0,0.0,0.0,0.0,9.0,2099.0,0.0,0.0,0.0,0.0,0.0,0.0,0.0,13.0,0.0,0.0,0.0,0.0,0.0,0.0,0.0,2112.0,nan,nan,nan,,nan,nan,nan,nan,nan,nan,nan,,,,nan,nan,nan,nan,nan,nan,nan,nan,nan,nan,nan,nan,,nan,nan,,,nan,nan,0.5351999998092651,nan,nan,0.590399980545044,nan,nan,0.5866000056266785,nan,nan,0.52920001745224,nan,nan,0.5503000020980835,nan,nan,3.742621629498899e-05,nan,nan,47.75,nan,3255.0,nan,,nan,nan,nan,,nan,,,,
0.0,0.0,0.0,0.0,0.0,0.0,0.0,0.0,6.0,0.0,0.0,0.0,0.0,0.0,0.0,0.0,6.0,2205.0,0.0,0.0,0.0,0.0,0.0,0.0,0.0,20.0,0.0,0.0,0.0,0.0,0.0,0.0,0.0,2225.0,nan,nan,nan,,nan,nan,nan,nan,nan,nan,nan,,,,nan,nan,nan,nan,nan,nan,nan,nan,nan,nan,nan,nan,,nan,nan,,,nan,nan,0.5351999998092651,nan,nan,0.590399980545044,nan,nan,0.5866000056266785,nan,nan,0.5295000076293945,nan,nan,0.5501000285148621,nan,nan,3.733788980753161e-05,nan,nan,47.75,nan,3260.0,nan,,nan,nan,nan,,nan,,,,
0.0,0.0,0.0,0.0,0.0,0.0,0.0,0.0,9.0,0.0,0.0,0.0,0.0,0.0,0.0,0.0,9.0,2061.0,0.0,0.0,0.0,0.0,0.0,0.0,0.0,16.0,0.0,0.0,0.0,0.0,0.0,0.0,0.0,2077.0,nan,nan,nan,,nan,nan,nan,nan,nan,nan,nan,,,,nan,nan,nan,nan,nan,nan,nan,nan,nan,nan,nan,nan,,nan,nan,,,nan,nan,0.534600019454956,nan,nan,0.5906999707221985,nan,nan,0.5863999724388123,nan,nan,0.5295000076293945,nan,nan,0.5501000285148621,nan,nan,3.738198574865237e-05,nan,nan,47.75,nan,3265.0,nan,,nan,nan,nan,,nan,,,,
0.0,0.0,0.0,0.0,0.0,0.0,0.0,0.0,9.0,0.0,0.0,0.0,0.0,0.0,0.0,0.0,9.0,2228.0,0.0,0.0,0.0,0.0,0.0,0.0,0.0,8.0,0.0,0.0,0.0,0.0,0.0,0.0,0.0,2236.0,nan,nan,nan,,nan,nan,nan,nan,nan,nan,nan,,,,nan,nan,nan,nan,nan,nan,nan,nan,nan,nan,nan,nan,,nan,nan,,,nan,nan,0.534600019454956,nan,nan,0.5906999707221985,nan,nan,0.5863999724388123,nan,nan,0.5295000076293945,nan,nan,0.5501000285148621,nan,nan,3.740407191799022e-05,nan,nan,47.75,nan,3270.0,nan,,nan,nan,nan,,nan,,,,
0.0,0.0,0.0,0.0,0.0,0.0,0.0,0.0,10.0,0.0,0.0,0.0,0.0,0.0,0.0,0.0,10.0,2199.0,0.0,0.0,0.0,0.0,0.0,0.0,0.0,11.0,0.0,0.0,0.0,0.0,0.0,0.0,0.0,2210.0,nan,nan,nan,,nan,nan,nan,nan,nan,nan,nan,,,,nan,nan,nan,nan,nan,nan,nan,nan,nan,nan,nan,nan,,nan,nan,,,nan,nan,0.534600019454956,nan,nan,0.5906999707221985,nan,nan,0.5863999724388123,nan,nan,0.5295000076293945,nan,nan,0.5501000285148621,nan,nan,3.7359950511017814e-05,nan,nan,47.75,nan,3275.0,nan,,nan,nan,nan,,nan,,,,
0.0,0.0,0.0,0.0,0.0,0.0,0.0,0.0,11.0,0.0,0.0,0.0,0.0,0.0,0.0,0.0,11.0,2160.0,0.0,0.0,0.0,0.0,0.0,0.0,0.0,14.0,0.0,0.0,0.0,0.0,0.0,0.0,0.0,2174.0,nan,nan,nan,,nan,nan,nan,nan,nan,nan,nan,,,,nan,nan,nan,nan,nan,nan,nan,nan,nan,nan,nan,nan,,nan,nan,,,nan,nan,0.534600019454956,nan,nan,0.5906999707221985,nan,nan,0.5863999724388123,nan,nan,0.5291000008583069,nan,nan,0.5501999855041504,nan,nan,3.738198574865237e-05,nan,nan,47.75,nan,3280.0,nan,,nan,nan,nan,,nan,,,,
0.0,0.0,0.0,0.0,0.0,0.0,0.0,0.0,5.0,0.0,0.0,0.0,0.0,0.0,0.0,0.0,5.0,2145.0,0.0,0.0,0.0,0.0,0.0,0.0,0.0,12.0,0.0,0.0,0.0,0.0,0.0,0.0,0.0,2157.0,nan,nan,nan,,nan,nan,nan,nan,nan,nan,nan,,,,nan,nan,nan,nan,nan,nan,nan,nan,nan,nan,nan,nan,,nan,nan,,,nan,nan,0.534500002861023,nan,nan,0.590399980545044,nan,nan,0.5863000154495239,nan,nan,0.5291000008583069,nan,nan,0.5501999855041504,nan,nan,3.733788980753161e-05,nan,nan,47.75,nan,3285.0,nan,,nan,nan,nan,,nan,,,,
0.0,0.0,0.0,0.0,0.0,0.0,0.0,0.0,12.0,0.0,0.0,0.0,0.0,0.0,0.0,0.0,12.0,2116.0,0.0,0.0,0.0,0.0,0.0,0.0,0.0,13.0,0.0,0.0,0.0,0.0,0.0,0.0,0.0,2129.0,nan,nan,nan,,nan,nan,nan,nan,nan,nan,nan,,,,nan,nan,nan,nan,nan,nan,nan,nan,nan,nan,nan,nan,,nan,nan,,,nan,nan,0.534500002861023,nan,nan,0.590399980545044,nan,nan,0.5863000154495239,nan,nan,0.5291000008583069,nan,nan,0.5501999855041504,nan,nan,3.733788980753161e-05,nan,nan,47.75,nan,3290.0,nan,,nan,nan,nan,,nan,,,,
0.0,0.0,0.0,0.0,0.0,0.0,0.0,0.0,8.0,0.0,0.0,0.0,0.0,0.0,0.0,0.0,8.0,2106.0,0.0,0.0,0.0,0.0,0.0,0.0,0.0,7.0,0.0,0.0,0.0,0.0,0.0,0.0,0.0,2113.0,nan,nan,nan,,nan,nan,nan,nan,nan,nan,nan,,,,nan,nan,nan,nan,nan,nan,nan,nan,nan,nan,nan,nan,,nan,nan,,,nan,nan,0.534500002861023,nan,nan,0.590399980545044,nan,nan,0.5863000154495239,nan,nan,0.5291000008583069,nan,nan,0.5501999855041504,nan,nan,3.733788980753161e-05,nan,nan,47.75,nan,3295.0,nan,,nan,nan,nan,,nan,,,,
0.0,0.0,0.0,0.0,0.0,0.0,0.0,0.0,8.0,0.0,0.0,0.0,0.0,0.0,0.0,0.0,8.0,2218.0,0.0,0.0,0.0,0.0,0.0,0.0,0.0,11.0,0.0,0.0,0.0,0.0,0.0,0.0,0.0,2229.0,nan,nan,nan,,nan,nan,nan,nan,nan,nan,nan,,,,nan,nan,nan,nan,nan,nan,nan,nan,nan,nan,nan,nan,,nan,nan,,,nan,nan,0.534500002861023,nan,nan,0.590399980545044,nan,nan,0.5863000154495239,nan,nan,0.5303000211715698,nan,nan,0.5504999756813049,nan,nan,3.731580000021495e-05,nan,nan,47.75,nan,3300.0,nan,,nan,nan,nan,,nan,,,,
0.0,0.0,0.0,0.0,0.0,0.0,0.0,0.0,5.0,0.0,0.0,0.0,0.0,0.0,0.0,0.0,5.0,2145.0,0.0,0.0,0.0,0.0,0.0,0.0,0.0,13.0,0.0,0.0,0.0,0.0,0.0,0.0,0.0,2158.0,nan,nan,nan,,nan,nan,nan,nan,nan,nan,nan,,,,nan,nan,nan,nan,nan,nan,nan,nan,nan,nan,nan,nan,,nan,nan,,,nan,nan,0.5343999862670898,nan,nan,0.590499997138977,nan,nan,0.5860999822616577,nan,nan,0.5303000211715698,nan,nan,0.5504999756813049,nan,nan,3.733788980753161e-05,nan,nan,47.75,nan,3305.0,nan,,nan,nan,nan,,nan,,,,
0.0,0.0,0.0,0.0,0.0,0.0,0.0,0.0,6.0,0.0,0.0,0.0,0.0,0.0,0.0,0.0,6.0,2189.0,0.0,0.0,0.0,0.0,0.0,0.0,0.0,14.0,0.0,0.0,0.0,0.0,0.0,0.0,0.0,2203.0,nan,nan,nan,,nan,nan,nan,nan,nan,nan,nan,,,,nan,nan,nan,nan,nan,nan,nan,nan,nan,nan,nan,nan,,nan,nan,,,nan,nan,0.5343999862670898,nan,nan,0.590499997138977,nan,nan,0.5860999822616577,nan,nan,0.5303000211715698,nan,nan,0.5504999756813049,nan,nan,3.740407191799022e-05,nan,nan,47.75,nan,3310.0,nan,,nan,nan,nan,,nan,,,,
0.0,0.0,0.0,0.0,0.0,0.0,0.0,0.0,11.0,0.0,0.0,0.0,0.0,0.0,0.0,0.0,11.0,2150.0,0.0,0.0,0.0,0.0,0.0,0.0,0.0,11.0,0.0,0.0,0.0,0.0,0.0,0.0,0.0,2161.0,nan,nan,nan,,nan,nan,nan,nan,nan,nan,nan,,,,nan,nan,nan,nan,nan,nan,nan,nan,nan,nan,nan,nan,,nan,nan,,,nan,nan,0.5343999862670898,nan,nan,0.590499997138977,nan,nan,0.5860999822616577,nan,nan,0.5303000211715698,nan,nan,0.5504999756813049,nan,nan,3.7359950511017814e-05,nan,nan,47.75,nan,3315.0,nan,,nan,nan,nan,,nan,,,,
0.0,0.0,0.0,0.0,0.0,0.0,0.0,0.0,7.0,0.0,0.0,0.0,0.0,0.0,0.0,0.0,7.0,2191.0,0.0,0.0,0.0,0.0,0.0,0.0,0.0,12.0,0.0,0.0,0.0,0.0,0.0,0.0,0.0,2203.0,nan,nan,nan,,nan,nan,nan,nan,nan,nan,nan,,,,nan,nan,nan,nan,nan,nan,nan,nan,nan,nan,nan,nan,,nan,nan,,,nan,nan,0.5343999862670898,nan,nan,0.590499997138977,nan,nan,0.5860999822616577,nan,nan,0.5297999978065491,nan,nan,0.5501999855041504,nan,nan,3.731580000021495e-05,nan,nan,47.75,nan,3320.0,nan,,nan,nan,nan,,nan,,,,
0.0,0.0,0.0,0.0,0.0,0.0,0.0,0.0,12.0,0.0,0.0,0.0,0.0,0.0,0.0,0.0,12.0,2086.0,0.0,0.0,0.0,0.0,0.0,0.0,0.0,11.0,0.0,0.0,0.0,0.0,0.0,0.0,0.0,2097.0,nan,nan,nan,,nan,nan,nan,nan,nan,nan,nan,,,,nan,nan,nan,nan,nan,nan,nan,nan,nan,nan,nan,nan,,nan,nan,,,nan,nan,0.5343999862670898,nan,nan,0.590399980545044,nan,nan,0.5863999724388123,nan,nan,0.5297999978065491,nan,nan,0.5501999855041504,nan,nan,3.733788980753161e-05,nan,nan,47.75,nan,3325.0,nan,,nan,nan,nan,,nan,,,,
0.0,0.0,0.0,0.0,0.0,0.0,0.0,0.0,7.0,0.0,0.0,0.0,0.0,0.0,0.0,0.0,7.0,2122.0,0.0,0.0,0.0,0.0,0.0,0.0,0.0,16.0,0.0,0.0,0.0,0.0,0.0,0.0,0.0,2138.0,nan,nan,nan,,nan,nan,nan,nan,nan,nan,nan,,,,nan,nan,nan,nan,nan,nan,nan,nan,nan,nan,nan,nan,,nan,nan,,,nan,nan,0.5343999862670898,nan,nan,0.590399980545044,nan,nan,0.5863999724388123,nan,nan,0.5297999978065491,nan,nan,0.5501999855041504,nan,nan,3.740407191799022e-05,nan,nan,47.75,nan,3330.0,nan,,nan,nan,nan,,nan,,,,
0.0,0.0,0.0,0.0,0.0,0.0,0.0,0.0,9.0,0.0,0.0,0.0,0.0,0.0,0.0,0.0,9.0,2116.0,0.0,0.0,0.0,0.0,0.0,0.0,0.0,13.0,0.0,0.0,0.0,0.0,0.0,0.0,0.0,2129.0,nan,nan,nan,,nan,nan,nan,nan,nan,nan,nan,,,,nan,nan,nan,nan,nan,nan,nan,nan,nan,nan,nan,nan,,nan,nan,,,nan,nan,0.5343999862670898,nan,nan,0.590399980545044,nan,nan,0.5863999724388123,nan,nan,0.5297999978065491,nan,nan,0.5501999855041504,nan,nan,3.738198574865237e-05,nan,nan,47.75,nan,3335.0,nan,,nan,nan,nan,,nan,,,,
0.0,0.0,0.0,0.0,0.0,0.0,0.0,0.0,5.0,0.0,0.0,0.0,0.0,0.0,0.0,0.0,5.0,2168.0,0.0,0.0,0.0,0.0,0.0,0.0,0.0,12.0,0.0,0.0,0.0,0.0,0.0,0.0,0.0,2180.0,nan,nan,nan,,nan,nan,nan,nan,nan,nan,nan,,,,nan,nan,nan,nan,nan,nan,nan,nan,nan,nan,nan,nan,,nan,nan,,,nan,nan,0.5343999862670898,nan,nan,0.590399980545044,nan,nan,0.5863999724388123,nan,nan,0.5296000242233276,nan,nan,0.5504000186920166,nan,nan,3.731580000021495e-05,nan,nan,47.75,nan,3340.0,nan,,nan,nan,nan,,nan,,,,
0.0,0.0,0.0,0.0,0.0,0.0,0.0,0.0,7.0,0.0,0.0,0.0,0.0,0.0,0.0,0.0,7.0,2164.0,0.0,0.0,0.0,0.0,0.0,0.0,0.0,5.0,0.0,0.0,0.0,0.0,0.0,0.0,0.0,2169.0,nan,nan,nan,,nan,nan,nan,nan,nan,nan,nan,,,,nan,nan,nan,nan,nan,nan,nan,nan,nan,nan,nan,nan,,nan,nan,,,nan,nan,0.534600019454956,nan,nan,0.590399980545044,nan,nan,0.5863000154495239,nan,nan,0.5296000242233276,nan,nan,0.5504000186920166,nan,nan,3.740407191799022e-05,nan,nan,47.75,nan,3345.0,nan,,nan,nan,nan,,nan,,,,
0.0,0.0,0.0,0.0,0.0,0.0,0.0,0.0,9.0,0.0,0.0,0.0,0.0,0.0,0.0,0.0,9.0,2169.0,0.0,0.0,0.0,0.0,0.0,0.0,0.0,11.0,0.0,0.0,0.0,0.0,0.0,0.0,0.0,2180.0,nan,nan,nan,,nan,nan,nan,nan,nan,nan,nan,,,,nan,nan,nan,nan,nan,nan,nan,nan,nan,nan,nan,nan,,nan,nan,,,nan,nan,0.534600019454956,nan,nan,0.590399980545044,nan,nan,0.5863000154495239,nan,nan,0.5296000242233276,nan,nan,0.5504000186920166,nan,nan,3.733788980753161e-05,nan,nan,47.75,nan,3350.0,nan,,nan,nan,nan,,nan,,,,
0.0,0.0,0.0,0.0,0.0,0.0,0.0,0.0,7.0,0.0,0.0,0.0,0.0,0.0,0.0,0.0,7.0,2150.0,0.0,0.0,0.0,0.0,0.0,0.0,0.0,6.0,0.0,0.0,0.0,0.0,0.0,0.0,0.0,2156.0,nan,nan,nan,,nan,nan,nan,nan,nan,nan,nan,,,,nan,nan,nan,nan,nan,nan,nan,nan,nan,nan,nan,nan,,nan,nan,,,nan,nan,0.534600019454956,nan,nan,0.590399980545044,nan,nan,0.5863000154495239,nan,nan,0.5296000242233276,nan,nan,0.5504000186920166,nan,nan,3.729380478034727e-05,nan,nan,47.75,nan,3355.0,nan,,nan,nan,nan,,nan,,,,
0.0,0.0,0.0,0.0,0.0,0.0,0.0,0.0,11.0,0.0,0.0,0.0,0.0,0.0,0.0,0.0,11.0,2157.0,0.0,0.0,0.0,0.0,0.0,0.0,0.0,8.0,0.0,0.0,0.0,0.0,0.0,0.0,0.0,2165.0,nan,nan,nan,,nan,nan,nan,nan,nan,nan,nan,,,,nan,nan,nan,nan,nan,nan,nan,nan,nan,nan,nan,nan,,nan,nan,,,nan,nan,0.534600019454956,nan,nan,0.590399980545044,nan,nan,0.5863000154495239,nan,nan,0.5295000076293945,nan,nan,0.5501999855041504,nan,nan,3.731580000021495e-05,nan,nan,47.75,nan,3360.0,nan,,nan,nan,nan,,nan,,,,
0.0,0.0,0.0,0.0,0.0,0.0,0.0,0.0,10.0,0.0,0.0,0.0,0.0,0.0,0.0,0.0,10.0,2162.0,0.0,0.0,0.0,0.0,0.0,0.0,0.0,12.0,0.0,0.0,0.0,0.0,0.0,0.0,0.0,2174.0,nan,nan,nan,,nan,nan,nan,nan,nan,nan,nan,,,,nan,nan,nan,nan,nan,nan,nan,nan,nan,nan,nan,nan,,nan,nan,,,nan,nan,0.534500002861023,nan,nan,0.5903000235557556,nan,nan,0.5863000154495239,nan,nan,0.5295000076293945,nan,nan,0.5501999855041504,nan,nan,3.731580000021495e-05,nan,nan,47.75,nan,3365.0,nan,,nan,nan,nan,,nan,,,,
0.0,0.0,0.0,0.0,0.0,0.0,0.0,0.0,8.0,0.0,0.0,0.0,0.0,0.0,0.0,0.0,8.0,2181.0,0.0,0.0,0.0,0.0,0.0,0.0,0.0,7.0,0.0,0.0,0.0,0.0,0.0,0.0,0.0,2188.0,nan,nan,nan,,nan,nan,nan,nan,nan,nan,nan,,,,nan,nan,nan,nan,nan,nan,nan,nan,nan,nan,nan,nan,,nan,nan,,,nan,nan,0.534500002861023,nan,nan,0.5903000235557556,nan,nan,0.5863000154495239,nan,nan,0.5295000076293945,nan,nan,0.5501999855041504,nan,nan,3.733788980753161e-05,nan,nan,47.75,nan,3370.0,nan,,nan,nan,nan,,nan,,,,
0.0,0.0,0.0,0.0,0.0,0.0,0.0,0.0,9.0,0.0,0.0,0.0,0.0,0.0,0.0,0.0,9.0,2164.0,0.0,0.0,0.0,0.0,0.0,0.0,0.0,11.0,0.0,0.0,0.0,0.0,0.0,0.0,0.0,2175.0,nan,nan,nan,,nan,nan,nan,nan,nan,nan,nan,,,,nan,nan,nan,nan,nan,nan,nan,nan,nan,nan,nan,nan,,nan,nan,,,nan,nan,0.534500002861023,nan,nan,0.5903000235557556,nan,nan,0.5863000154495239,nan,nan,0.5295000076293945,nan,nan,0.5501999855041504,nan,nan,3.731580000021495e-05,nan,nan,47.69,nan,3375.0,nan,,nan,nan,nan,,nan,,,,
0.0,0.0,0.0,0.0,0.0,0.0,0.0,0.0,3.0,0.0,0.0,0.0,0.0,0.0,0.0,0.0,3.0,2130.0,0.0,0.0,0.0,0.0,0.0,0.0,0.0,18.0,0.0,0.0,0.0,0.0,0.0,0.0,0.0,2148.0,nan,nan,nan,,nan,nan,nan,nan,nan,nan,nan,,,,nan,nan,nan,nan,nan,nan,nan,nan,nan,nan,nan,nan,,nan,nan,,,nan,nan,0.534500002861023,nan,nan,0.5903000235557556,nan,nan,0.5863000154495239,nan,nan,0.529699981212616,nan,nan,0.5501999855041504,nan,nan,3.727178045664914e-05,nan,nan,47.69,nan,3380.0,nan,,nan,nan,nan,,nan,,,,
0.0,0.0,0.0,0.0,0.0,0.0,0.0,0.0,3.0,0.0,0.0,0.0,0.0,0.0,0.0,0.0,3.0,2163.0,0.0,0.0,0.0,0.0,0.0,0.0,0.0,11.0,0.0,0.0,0.0,0.0,0.0,0.0,0.0,2174.0,nan,nan,nan,,nan,nan,nan,nan,nan,nan,nan,,,,nan,nan,nan,nan,nan,nan,nan,nan,nan,nan,nan,nan,,nan,nan,,,nan,nan,0.5346999764442444,nan,nan,0.5907999873161316,nan,nan,0.5863000154495239,nan,nan,0.529699981212616,nan,nan,0.5501999855041504,nan,nan,3.733788980753161e-05,nan,nan,47.69,nan,3385.0,nan,,nan,nan,nan,,nan,,,,
0.0,0.0,0.0,0.0,0.0,0.0,0.0,0.0,9.0,0.0,0.0,0.0,0.0,0.0,0.0,0.0,9.0,2132.0,0.0,0.0,0.0,0.0,0.0,0.0,0.0,15.0,0.0,0.0,0.0,0.0,0.0,0.0,0.0,2147.0,nan,nan,nan,,nan,nan,nan,nan,nan,nan,nan,,,,nan,nan,nan,nan,nan,nan,nan,nan,nan,nan,nan,nan,,nan,nan,,,nan,nan,0.5346999764442444,nan,nan,0.5907999873161316,nan,nan,0.5863000154495239,nan,nan,0.529699981212616,nan,nan,0.5501999855041504,nan,nan,3.731580000021495e-05,nan,nan,47.69,nan,3390.0,nan,,nan,nan,nan,,nan,,,,
0.0,0.0,0.0,0.0,0.0,0.0,0.0,0.0,3.0,0.0,0.0,0.0,0.0,0.0,0.0,0.0,3.0,2148.0,0.0,0.0,0.0,0.0,0.0,0.0,0.0,16.0,0.0,0.0,0.0,0.0,0.0,0.0,0.0,2164.0,nan,nan,nan,,nan,nan,nan,nan,nan,nan,nan,,,,nan,nan,nan,nan,nan,nan,nan,nan,nan,nan,nan,nan,,nan,nan,,,nan,nan,0.5346999764442444,nan,nan,0.5907999873161316,nan,nan,0.5863000154495239,nan,nan,0.529699981212616,nan,nan,0.5501999855041504,nan,nan,3.7359950511017814e-05,nan,nan,47.69,nan,3395.0,nan,,nan,nan,nan,,nan,,,,
0.0,0.0,0.0,0.0,0.0,0.0,0.0,0.0,9.0,0.0,0.0,0.0,0.0,0.0,0.0,0.0,9.0,2086.0,0.0,0.0,0.0,0.0,0.0,0.0,0.0,15.0,0.0,0.0,0.0,0.0,0.0,0.0,0.0,2101.0,nan,nan,nan,,nan,nan,nan,nan,nan,nan,nan,,,,nan,nan,nan,nan,nan,nan,nan,nan,nan,nan,nan,nan,,nan,nan,,,nan,nan,0.5346999764442444,nan,nan,0.5907999873161316,nan,nan,0.5863000154495239,nan,nan,0.5299999713897705,nan,nan,0.5504000186920166,nan,nan,3.7359950511017814e-05,nan,nan,47.69,nan,3400.0,nan,,nan,nan,nan,,nan,,,,
0.0,0.0,0.0,0.0,0.0,0.0,0.0,0.0,8.0,0.0,0.0,0.0,0.0,0.0,0.0,0.0,8.0,2137.0,0.0,0.0,0.0,0.0,0.0,0.0,0.0,15.0,0.0,0.0,0.0,0.0,0.0,0.0,0.0,2152.0,nan,nan,nan,,nan,nan,nan,nan,nan,nan,nan,,,,nan,nan,nan,nan,nan,nan,nan,nan,nan,nan,nan,nan,,nan,nan,,,nan,nan,0.5343999862670898,nan,nan,0.590499997138977,nan,nan,0.5863000154495239,nan,nan,0.5299999713897705,nan,nan,0.5504000186920166,nan,nan,3.7359950511017814e-05,nan,nan,47.69,nan,3405.0,nan,,nan,nan,nan,,nan,,,,
0.0,0.0,0.0,0.0,0.0,0.0,0.0,0.0,9.0,0.0,0.0,0.0,0.0,0.0,0.0,0.0,9.0,2221.0,0.0,0.0,0.0,0.0,0.0,0.0,0.0,12.0,0.0,0.0,0.0,0.0,0.0,0.0,0.0,2233.0,nan,nan,nan,,nan,nan,nan,nan,nan,nan,nan,,,,nan,nan,nan,nan,nan,nan,nan,nan,nan,nan,nan,nan,,nan,nan,,,nan,nan,0.5343999862670898,nan,nan,0.590499997138977,nan,nan,0.5863000154495239,nan,nan,0.5299999713897705,nan,nan,0.5504000186920166,nan,nan,3.738198574865237e-05,nan,nan,47.69,nan,3410.0,nan,,nan,nan,nan,,nan,,,,
0.0,0.0,0.0,0.0,0.0,0.0,0.0,0.0,3.0,0.0,0.0,0.0,0.0,0.0,0.0,0.0,3.0,2162.0,0.0,0.0,0.0,0.0,0.0,0.0,0.0,25.0,0.0,0.0,0.0,0.0,0.0,0.0,0.0,2187.0,nan,nan,nan,,nan,nan,nan,nan,nan,nan,nan,,,,nan,nan,nan,nan,nan,nan,nan,nan,nan,nan,nan,nan,,nan,nan,,,nan,nan,0.5343999862670898,nan,nan,0.590499997138977,nan,nan,0.5863000154495239,nan,nan,0.5299999713897705,nan,nan,0.5504000186920166,nan,nan,3.729380478034727e-05,nan,nan,47.69,nan,3415.0,nan,,nan,nan,nan,,nan,,,,
0.0,0.0,0.0,0.0,0.0,0.0,0.0,0.0,4.0,0.0,0.0,0.0,0.0,0.0,0.0,0.0,4.0,2052.0,0.0,0.0,0.0,0.0,0.0,0.0,0.0,9.0,0.0,0.0,0.0,0.0,0.0,0.0,0.0,2061.0,nan,nan,nan,,nan,nan,nan,nan,nan,nan,nan,,,,nan,nan,nan,nan,nan,nan,nan,nan,nan,nan,nan,nan,,nan,nan,,,nan,nan,0.5343999862670898,nan,nan,0.590499997138977,nan,nan,0.5863000154495239,nan,nan,0.5303999781608582,nan,nan,0.550599992275238,nan,nan,3.733788980753161e-05,nan,nan,47.69,nan,3420.0,nan,,nan,nan,nan,,nan,,,,
0.0,0.0,0.0,0.0,0.0,0.0,0.0,0.0,3.0,0.0,0.0,0.0,0.0,0.0,0.0,0.0,3.0,2152.0,0.0,0.0,0.0,0.0,0.0,0.0,0.0,14.0,0.0,0.0,0.0,0.0,0.0,0.0,0.0,2166.0,nan,nan,nan,,nan,nan,nan,nan,nan,nan,nan,,,,nan,nan,nan,nan,nan,nan,nan,nan,nan,nan,nan,nan,,nan,nan,,,nan,nan,0.534500002861023,nan,nan,0.5906000137329102,nan,nan,0.5863999724388123,nan,nan,0.5303999781608582,nan,nan,0.550599992275238,nan,nan,3.729380478034727e-05,nan,nan,47.69,nan,3425.0,nan,,nan,nan,nan,,nan,,,,
0.0,0.0,0.0,0.0,0.0,0.0,0.0,0.0,9.0,0.0,0.0,0.0,0.0,0.0,0.0,0.0,9.0,2173.0,0.0,0.0,0.0,0.0,0.0,0.0,0.0,14.0,0.0,0.0,0.0,0.0,0.0,0.0,0.0,2187.0,nan,nan,nan,,nan,nan,nan,nan,nan,nan,nan,,,,nan,nan,nan,nan,nan,nan,nan,nan,nan,nan,nan,nan,,nan,nan,,,nan,nan,0.534500002861023,nan,nan,0.5906000137329102,nan,nan,0.5863999724388123,nan,nan,0.5303999781608582,nan,nan,0.550599992275238,nan,nan,3.731580000021495e-05,nan,nan,47.69,nan,3430.0,nan,,nan,nan,nan,,nan,,,,
0.0,0.0,0.0,0.0,0.0,0.0,0.0,0.0,9.0,0.0,0.0,0.0,0.0,0.0,0.0,0.0,9.0,2150.0,0.0,0.0,0.0,0.0,0.0,0.0,0.0,17.0,0.0,0.0,0.0,0.0,0.0,0.0,0.0,2167.0,nan,nan,nan,,nan,nan,nan,nan,nan,nan,nan,,,,nan,nan,nan,nan,nan,nan,nan,nan,nan,nan,nan,nan,,nan,nan,,,nan,nan,0.534500002861023,nan,nan,0.5906000137329102,nan,nan,0.5863999724388123,nan,nan,0.5303999781608582,nan,nan,0.550599992275238,nan,nan,3.733788980753161e-05,nan,nan,47.69,nan,3435.0,nan,,nan,nan,nan,,nan,,,,
0.0,0.0,0.0,0.0,0.0,0.0,0.0,0.0,12.0,0.0,0.0,0.0,0.0,0.0,0.0,0.0,12.0,2103.0,0.0,0.0,0.0,0.0,0.0,0.0,0.0,7.0,0.0,0.0,0.0,0.0,0.0,0.0,0.0,2110.0,nan,nan,nan,,nan,nan,nan,nan,nan,nan,nan,,,,nan,nan,nan,nan,nan,nan,nan,nan,nan,nan,nan,nan,,nan,nan,,,nan,nan,0.534500002861023,nan,nan,0.5906000137329102,nan,nan,0.5863999724388123,nan,nan,0.5303000211715698,nan,nan,0.5507000088691711,nan,nan,3.729380478034727e-05,nan,nan,47.69,nan,3440.0,nan,,nan,nan,nan,,nan,,,,
0.0,0.0,0.0,0.0,0.0,0.0,0.0,0.0,6.0,0.0,0.0,0.0,0.0,0.0,0.0,0.0,6.0,2079.0,0.0,0.0,0.0,0.0,0.0,0.0,0.0,11.0,0.0,0.0,0.0,0.0,0.0,0.0,0.0,2090.0,nan,nan,nan,,nan,nan,nan,nan,nan,nan,nan,,,,nan,nan,nan,nan,nan,nan,nan,nan,nan,nan,nan,nan,,nan,nan,,,nan,nan,0.5350000262260437,nan,nan,0.5906999707221985,nan,nan,0.5863000154495239,nan,nan,0.5303000211715698,nan,nan,0.5507000088691711,nan,nan,3.731580000021495e-05,nan,nan,47.69,nan,3445.0,nan,,nan,nan,nan,,nan,,,,
0.0,0.0,0.0,0.0,0.0,0.0,0.0,0.0,5.0,0.0,0.0,0.0,0.0,0.0,0.0,0.0,5.0,2227.0,0.0,0.0,0.0,0.0,0.0,0.0,0.0,8.0,0.0,0.0,0.0,0.0,0.0,0.0,0.0,2235.0,nan,nan,nan,,nan,nan,nan,nan,nan,nan,nan,,,,nan,nan,nan,nan,nan,nan,nan,nan,nan,nan,nan,nan,,nan,nan,,,nan,nan,0.5350000262260437,nan,nan,0.5906999707221985,nan,nan,0.5863000154495239,nan,nan,0.5303000211715698,nan,nan,0.5507000088691711,nan,nan,3.727178045664914e-05,nan,nan,47.69,nan,3450.0,nan,,nan,nan,nan,,nan,,,,
0.0,0.0,0.0,0.0,0.0,0.0,0.0,0.0,11.0,0.0,0.0,0.0,0.0,0.0,0.0,0.0,11.0,2178.0,0.0,0.0,0.0,0.0,0.0,0.0,0.0,8.0,0.0,0.0,0.0,0.0,0.0,0.0,0.0,2186.0,nan,nan,nan,,nan,nan,nan,nan,nan,nan,nan,,,,nan,nan,nan,nan,nan,nan,nan,nan,nan,nan,nan,nan,,nan,nan,,,nan,nan,0.5350000262260437,nan,nan,0.5906999707221985,nan,nan,0.5863000154495239,nan,nan,0.5303000211715698,nan,nan,0.5507000088691711,nan,nan,3.733788980753161e-05,nan,nan,47.69,nan,3455.0,nan,,nan,nan,nan,,nan,,,,
0.0,0.0,0.0,0.0,0.0,0.0,0.0,0.0,14.0,0.0,0.0,0.0,0.0,0.0,0.0,0.0,14.0,2150.0,0.0,0.0,0.0,0.0,0.0,0.0,0.0,17.0,0.0,0.0,0.0,0.0,0.0,0.0,0.0,2167.0,nan,nan,nan,,nan,nan,nan,nan,nan,nan,nan,,,,nan,nan,nan,nan,nan,nan,nan,nan,nan,nan,nan,nan,,nan,nan,,,nan,nan,0.5350000262260437,nan,nan,0.5906999707221985,nan,nan,0.5863000154495239,nan,nan,0.5302000045776367,nan,nan,0.550599992275238,nan,nan,3.729380478034727e-05,nan,nan,47.69,nan,3460.0,nan,,nan,nan,nan,,nan,,,,
0.0,0.0,0.0,0.0,0.0,0.0,0.0,0.0,8.0,0.0,0.0,0.0,0.0,0.0,0.0,0.0,8.0,2129.0,0.0,0.0,0.0,0.0,0.0,0.0,0.0,16.0,0.0,0.0,0.0,0.0,0.0,0.0,0.0,2145.0,nan,nan,nan,,nan,nan,nan,nan,nan,nan,nan,,,,nan,nan,nan,nan,nan,nan,nan,nan,nan,nan,nan,nan,,nan,nan,,,nan,nan,0.535099983215332,nan,nan,0.5911999940872192,nan,nan,0.5864999890327454,nan,nan,0.5302000045776367,nan,nan,0.550599992275238,nan,nan,3.727178045664914e-05,nan,nan,47.69,nan,3465.0,nan,,nan,nan,nan,,nan,,,,
0.0,0.0,0.0,0.0,0.0,0.0,0.0,0.0,3.0,0.0,0.0,0.0,0.0,0.0,0.0,0.0,3.0,2129.0,0.0,0.0,0.0,0.0,0.0,0.0,0.0,11.0,0.0,0.0,0.0,0.0,0.0,0.0,0.0,2140.0,nan,nan,nan,,nan,nan,nan,nan,nan,nan,nan,,,,nan,nan,nan,nan,nan,nan,nan,nan,nan,nan,nan,nan,,nan,nan,,,nan,nan,0.535099983215332,nan,nan,0.5911999940872192,nan,nan,0.5864999890327454,nan,nan,0.5302000045776367,nan,nan,0.550599992275238,nan,nan,3.731580000021495e-05,nan,nan,47.69,nan,3470.0,nan,,nan,nan,nan,,nan,,,,
0.0,0.0,0.0,0.0,0.0,0.0,0.0,0.0,5.0,0.0,0.0,0.0,0.0,0.0,0.0,0.0,5.0,2184.0,0.0,0.0,0.0,0.0,0.0,0.0,0.0,13.0,0.0,0.0,0.0,0.0,0.0,0.0,0.0,2197.0,nan,nan,nan,,nan,nan,nan,nan,nan,nan,nan,,,,nan,nan,nan,nan,nan,nan,nan,nan,nan,nan,nan,nan,,nan,nan,,,nan,nan,0.535099983215332,nan,nan,0.5911999940872192,nan,nan,0.5864999890327454,nan,nan,0.5302000045776367,nan,nan,0.550599992275238,nan,nan,3.724973066709936e-05,nan,nan,47.69,nan,3475.0,nan,,nan,nan,nan,,nan,,,,
0.0,0.0,0.0,0.0,0.0,0.0,0.0,0.0,6.0,0.0,0.0,0.0,0.0,0.0,0.0,0.0,6.0,2222.0,0.0,0.0,0.0,0.0,0.0,0.0,0.0,8.0,0.0,0.0,0.0,0.0,0.0,0.0,0.0,2230.0,nan,nan,nan,,nan,nan,nan,nan,nan,nan,nan,,,,nan,nan,nan,nan,nan,nan,nan,nan,nan,nan,nan,nan,,nan,nan,,,nan,nan,0.535099983215332,nan,nan,0.5911999940872192,nan,nan,0.5864999890327454,nan,nan,0.5297999978065491,nan,nan,0.5503000020980835,nan,nan,3.727178045664914e-05,nan,nan,47.69,nan,3480.0,nan,,nan,nan,nan,,nan,,,,
0.0,0.0,0.0,0.0,0.0,0.0,0.0,0.0,6.0,0.0,0.0,0.0,0.0,0.0,0.0,0.0,6.0,2136.0,0.0,0.0,0.0,0.0,0.0,0.0,0.0,13.0,0.0,0.0,0.0,0.0,0.0,0.0,0.0,2149.0,nan,nan,nan,,nan,nan,nan,nan,nan,nan,nan,,,,nan,nan,nan,nan,nan,nan,nan,nan,nan,nan,nan,nan,,nan,nan,,,nan,nan,0.534600019454956,nan,nan,0.590499997138977,nan,nan,0.5863999724388123,nan,nan,0.5297999978065491,nan,nan,0.5503000020980835,nan,nan,3.727178045664914e-05,nan,nan,47.69,nan,3485.0,nan,,nan,nan,nan,,nan,,,,
0.0,0.0,0.0,0.0,0.0,0.0,0.0,0.0,4.0,0.0,0.0,0.0,0.0,0.0,0.0,0.0,4.0,2188.0,0.0,0.0,0.0,0.0,0.0,0.0,0.0,8.0,0.0,0.0,0.0,0.0,0.0,0.0,0.0,2196.0,nan,nan,nan,,nan,nan,nan,nan,nan,nan,nan,,,,nan,nan,nan,nan,nan,nan,nan,nan,nan,nan,nan,nan,,nan,nan,,,nan,nan,0.534600019454956,nan,nan,0.590499997138977,nan,nan,0.5863999724388123,nan,nan,0.5297999978065491,nan,nan,0.5503000020980835,nan,nan,3.729380478034727e-05,nan,nan,47.69,nan,3490.0,nan,,nan,nan,nan,,nan,,,,
0.0,0.0,0.0,0.0,0.0,0.0,0.0,0.0,6.0,0.0,0.0,0.0,0.0,0.0,0.0,0.0,6.0,2201.0,0.0,0.0,0.0,0.0,0.0,0.0,0.0,9.0,0.0,0.0,0.0,0.0,0.0,0.0,0.0,2210.0,nan,nan,nan,,nan,nan,nan,nan,nan,nan,nan,,,,nan,nan,nan,nan,nan,nan,nan,nan,nan,nan,nan,nan,,nan,nan,,,nan,nan,0.534600019454956,nan,nan,0.590499997138977,nan,nan,0.5863999724388123,nan,nan,0.5297999978065491,nan,nan,0.5503000020980835,nan,nan,3.727178045664914e-05,nan,nan,47.69,nan,3495.0,nan,,nan,nan,nan,,nan,,,,
0.0,0.0,0.0,0.0,0.0,0.0,0.0,0.0,5.0,0.0,0.0,0.0,0.0,0.0,0.0,0.0,5.0,2142.0,0.0,0.0,0.0,0.0,0.0,0.0,0.0,13.0,0.0,0.0,0.0,0.0,0.0,0.0,0.0,2155.0,nan,nan,nan,,nan,nan,nan,nan,nan,nan,nan,,,,nan,nan,nan,nan,nan,nan,nan,nan,nan,nan,nan,nan,,nan,nan,,,nan,nan,0.534600019454956,nan,nan,0.590499997138977,nan,nan,0.5863999724388123,nan,nan,0.5293999910354614,nan,nan,0.5503000020980835,nan,nan,3.729380478034727e-05,nan,nan,47.69,nan,3500.0,nan,,nan,nan,nan,,nan,,,,
0.0,0.0,0.0,0.0,0.0,0.0,0.0,0.0,10.0,0.0,0.0,0.0,0.0,0.0,0.0,0.0,10.0,2236.0,0.0,0.0,0.0,0.0,0.0,0.0,0.0,7.0,0.0,0.0,0.0,0.0,0.0,0.0,0.0,2243.0,nan,nan,nan,,nan,nan,nan,nan,nan,nan,nan,,,,nan,nan,nan,nan,nan,nan,nan,nan,nan,nan,nan,nan,,nan,nan,,,nan,nan,0.5343000292778015,nan,nan,0.590399980545044,nan,nan,0.5861999988555908,nan,nan,0.5293999910354614,nan,nan,0.5503000020980835,nan,nan,3.727178045664914e-05,nan,nan,47.69,nan,3505.0,nan,,nan,nan,nan,,nan,,,,
0.0,0.0,0.0,0.0,0.0,0.0,0.0,0.0,8.0,0.0,0.0,0.0,0.0,0.0,0.0,0.0,8.0,2148.0,0.0,0.0,0.0,0.0,0.0,0.0,0.0,9.0,0.0,0.0,0.0,0.0,0.0,0.0,0.0,2157.0,nan,nan,nan,,nan,nan,nan,nan,nan,nan,nan,,,,nan,nan,nan,nan,nan,nan,nan,nan,nan,nan,nan,nan,,nan,nan,,,nan,nan,0.5343000292778015,nan,nan,0.590399980545044,nan,nan,0.5861999988555908,nan,nan,0.5293999910354614,nan,nan,0.5503000020980835,nan,nan,3.727178045664914e-05,nan,nan,47.69,nan,3510.0,nan,,nan,nan,nan,,nan,,,,
0.0,0.0,0.0,0.0,0.0,0.0,0.0,0.0,7.0,0.0,0.0,0.0,0.0,0.0,0.0,0.0,7.0,2104.0,0.0,0.0,0.0,0.0,0.0,0.0,0.0,8.0,0.0,0.0,0.0,0.0,0.0,0.0,0.0,2112.0,nan,nan,nan,,nan,nan,nan,nan,nan,nan,nan,,,,nan,nan,nan,nan,nan,nan,nan,nan,nan,nan,nan,nan,,nan,nan,,,nan,nan,0.5343000292778015,nan,nan,0.590399980545044,nan,nan,0.5861999988555908,nan,nan,0.5293999910354614,nan,nan,0.5503000020980835,nan,nan,3.727178045664914e-05,nan,nan,47.69,nan,3515.0,nan,,nan,nan,nan,,nan,,,,
0.0,0.0,0.0,0.0,0.0,0.0,0.0,0.0,4.0,0.0,0.0,0.0,0.0,0.0,0.0,0.0,4.0,2149.0,0.0,0.0,0.0,0.0,0.0,0.0,0.0,18.0,0.0,0.0,0.0,0.0,0.0,0.0,0.0,2167.0,nan,nan,nan,,nan,nan,nan,nan,nan,nan,nan,,,,nan,nan,nan,nan,nan,nan,nan,nan,nan,nan,nan,nan,,nan,nan,,,nan,nan,0.5343000292778015,nan,nan,0.590399980545044,nan,nan,0.5861999988555908,nan,nan,0.5309000015258789,nan,nan,0.5508000254631042,nan,nan,3.729380478034727e-05,nan,nan,47.69,nan,3520.0,nan,,nan,nan,nan,,nan,,,,
0.0,0.0,0.0,0.0,0.0,0.0,0.0,0.0,4.0,0.0,0.0,0.0,0.0,0.0,0.0,0.0,4.0,2235.0,0.0,0.0,0.0,0.0,0.0,0.0,0.0,15.0,0.0,0.0,0.0,0.0,0.0,0.0,0.0,2250.0,nan,nan,nan,,nan,nan,nan,nan,nan,nan,nan,,,,nan,nan,nan,nan,nan,nan,nan,nan,nan,nan,nan,nan,,nan,nan,,,nan,nan,0.5343000292778015,nan,nan,0.590499997138977,nan,nan,0.5861999988555908,nan,nan,0.5309000015258789,nan,nan,0.5508000254631042,nan,nan,3.727178045664914e-05,nan,nan,47.69,nan,3525.0,nan,,nan,nan,nan,,nan,,,,
0.0,0.0,0.0,0.0,0.0,0.0,0.0,0.0,7.0,0.0,0.0,0.0,0.0,0.0,0.0,0.0,7.0,2147.0,0.0,0.0,0.0,0.0,0.0,0.0,0.0,17.0,0.0,0.0,0.0,0.0,0.0,0.0,0.0,2164.0,nan,nan,nan,,nan,nan,nan,nan,nan,nan,nan,,,,nan,nan,nan,nan,nan,nan,nan,nan,nan,nan,nan,nan,,nan,nan,,,nan,nan,0.5343000292778015,nan,nan,0.590499997138977,nan,nan,0.5861999988555908,nan,nan,0.5309000015258789,nan,nan,0.5508000254631042,nan,nan,3.7227815482765436e-05,nan,nan,47.69,nan,3530.0,nan,,nan,nan,nan,,nan,,,,
0.0,0.0,0.0,0.0,0.0,0.0,0.0,0.0,9.0,0.0,0.0,0.0,0.0,0.0,0.0,0.0,9.0,2253.0,0.0,0.0,0.0,0.0,0.0,0.0,0.0,10.0,0.0,0.0,0.0,0.0,0.0,0.0,0.0,2263.0,nan,nan,nan,,nan,nan,nan,nan,nan,nan,nan,,,,nan,nan,nan,nan,nan,nan,nan,nan,nan,nan,nan,nan,,nan,nan,,,nan,nan,0.5343000292778015,nan,nan,0.590499997138977,nan,nan,0.5861999988555908,nan,nan,0.5309000015258789,nan,nan,0.5508000254631042,nan,nan,3.727178045664914e-05,nan,nan,47.69,nan,3535.0,nan,,nan,nan,nan,,nan,,,,
0.0,0.0,0.0,0.0,0.0,0.0,0.0,0.0,13.0,0.0,0.0,0.0,0.0,0.0,0.0,0.0,13.0,2095.0,0.0,0.0,0.0,0.0,0.0,0.0,0.0,14.0,0.0,0.0,0.0,0.0,0.0,0.0,0.0,2109.0,nan,nan,nan,,nan,nan,nan,nan,nan,nan,nan,,,,nan,nan,nan,nan,nan,nan,nan,nan,nan,nan,nan,nan,,nan,nan,,,nan,nan,0.5343000292778015,nan,nan,0.590499997138977,nan,nan,0.5861999988555908,nan,nan,0.5293999910354614,nan,nan,0.5503000020980835,nan,nan,3.731580000021495e-05,nan,nan,47.69,nan,3540.0,nan,,nan,nan,nan,,nan,,,,
0.0,0.0,0.0,0.0,0.0,0.0,0.0,0.0,5.0,0.0,0.0,0.0,0.0,0.0,0.0,0.0,5.0,2152.0,0.0,0.0,0.0,0.0,0.0,0.0,0.0,16.0,0.0,0.0,0.0,0.0,0.0,0.0,0.0,2168.0,nan,nan,nan,,nan,nan,nan,nan,nan,nan,nan,,,,nan,nan,nan,nan,nan,nan,nan,nan,nan,nan,nan,nan,,nan,nan,,,nan,nan,0.5346999764442444,nan,nan,0.590499997138977,nan,nan,0.5861999988555908,nan,nan,0.5293999910354614,nan,nan,0.5503000020980835,nan,nan,3.729380478034727e-05,nan,nan,47.69,nan,3545.0,nan,,nan,nan,nan,,nan,,,,
0.0,0.0,0.0,0.0,0.0,0.0,0.0,0.0,7.0,0.0,0.0,0.0,0.0,0.0,0.0,0.0,7.0,2110.0,0.0,0.0,0.0,0.0,0.0,0.0,0.0,13.0,0.0,0.0,0.0,0.0,0.0,0.0,0.0,2123.0,nan,nan,nan,,nan,nan,nan,nan,nan,nan,nan,,,,nan,nan,nan,nan,nan,nan,nan,nan,nan,nan,nan,nan,,nan,nan,,,nan,nan,0.5346999764442444,nan,nan,0.590499997138977,nan,nan,0.5861999988555908,nan,nan,0.5293999910354614,nan,nan,0.5503000020980835,nan,nan,3.727178045664914e-05,nan,nan,47.69,nan,3550.0,nan,,nan,nan,nan,,nan,,,,
0.0,0.0,0.0,0.0,0.0,0.0,0.0,0.0,4.0,0.0,0.0,0.0,0.0,0.0,0.0,0.0,4.0,2137.0,0.0,0.0,0.0,0.0,0.0,0.0,0.0,12.0,0.0,0.0,0.0,0.0,0.0,0.0,0.0,2149.0,nan,nan,nan,,nan,nan,nan,nan,nan,nan,nan,,,,nan,nan,nan,nan,nan,nan,nan,nan,nan,nan,nan,nan,,nan,nan,,,nan,nan,0.5346999764442444,nan,nan,0.590499997138977,nan,nan,0.5861999988555908,nan,nan,0.5293999910354614,nan,nan,0.5503000020980835,nan,nan,3.727178045664914e-05,nan,nan,47.69,nan,3555.0,nan,,nan,nan,nan,,nan,,,,
0.0,0.0,0.0,0.0,0.0,0.0,0.0,0.0,5.0,0.0,0.0,0.0,0.0,0.0,0.0,0.0,5.0,2101.0,0.0,0.0,0.0,0.0,0.0,0.0,0.0,9.0,0.0,0.0,0.0,0.0,0.0,0.0,0.0,2110.0,nan,nan,nan,,nan,nan,nan,nan,nan,nan,nan,,,,nan,nan,nan,nan,nan,nan,nan,nan,nan,nan,nan,nan,,nan,nan,,,nan,nan,0.5346999764442444,nan,nan,0.590499997138977,nan,nan,0.5861999988555908,nan,nan,0.52920001745224,nan,nan,0.5501999855041504,nan,nan,3.742227636394091e-05,nan,nan,47.69,nan,3560.0,nan,,nan,nan,nan,,nan,,,,
0.0,0.0,0.0,0.0,0.0,0.0,0.0,0.0,7.0,0.0,0.0,0.0,0.0,0.0,0.0,0.0,7.0,2058.0,0.0,0.0,0.0,0.0,0.0,0.0,0.0,9.0,0.0,0.0,0.0,0.0,0.0,0.0,0.0,2067.0,nan,nan,nan,,nan,nan,nan,nan,nan,nan,nan,,,,nan,nan,nan,nan,nan,nan,nan,nan,nan,nan,nan,nan,,nan,nan,,,nan,nan,0.5336999893188477,nan,nan,0.5902000069618225,nan,nan,0.5861999988555908,nan,nan,0.52920001745224,nan,nan,0.5501999855041504,nan,nan,3.7536876334343106e-05,nan,nan,47.69,nan,3565.0,nan,,nan,nan,nan,,nan,,,,
0.0,0.0,0.0,0.0,0.0,0.0,0.0,0.0,8.0,0.0,0.0,0.0,0.0,0.0,0.0,0.0,8.0,2148.0,0.0,0.0,0.0,0.0,0.0,0.0,0.0,7.0,0.0,0.0,0.0,0.0,0.0,0.0,0.0,2155.0,nan,nan,nan,,nan,nan,nan,nan,nan,nan,nan,,,,nan,nan,nan,nan,nan,nan,nan,nan,nan,nan,nan,nan,,nan,nan,,,nan,nan,0.5336999893188477,nan,nan,0.5902000069618225,nan,nan,0.5861999988555908,nan,nan,0.52920001745224,nan,nan,0.5501999855041504,nan,nan,7.407047087326646e-05,nan,nan,47.69,nan,3570.0,nan,,nan,nan,nan,,nan,,,,
0.0,0.0,0.0,0.0,0.0,0.0,0.0,0.0,11.0,0.0,0.0,0.0,0.0,0.0,0.0,0.0,11.0,2143.0,0.0,0.0,0.0,0.0,0.0,0.0,0.0,11.0,0.0,0.0,0.0,0.0,0.0,0.0,0.0,2154.0,nan,nan,nan,,nan,nan,nan,nan,nan,nan,nan,,,,nan,nan,nan,nan,nan,nan,nan,nan,nan,nan,nan,nan,,nan,nan,,,nan,nan,nan,nan,nan,nan,nan,nan,nan,nan,nan,nan,nan,nan,nan,nan,nan,nan,nan,nan,nan,nan,nan,nan,,nan,nan,nan,,nan,,,,
0.0,0.0,0.0,0.0,0.0,0.0,0.0,0.0,7.0,0.0,0.0,0.0,0.0,0.0,0.0,0.0,7.0,2165.0,0.0,0.0,0.0,0.0,0.0,0.0,0.0,15.0,0.0,0.0,0.0,0.0,0.0,0.0,0.0,2180.0,nan,nan,nan,,nan,nan,nan,nan,nan,nan,nan,,,,nan,nan,nan,nan,nan,nan,nan,nan,nan,nan,nan,nan,,nan,nan,,,nan,nan,nan,nan,nan,nan,nan,nan,nan,nan,nan,nan,nan,nan,nan,nan,nan,nan,nan,nan,nan,nan,nan,nan,,nan,nan,nan,,nan,,,,
0.0,0.0,0.0,0.0,0.0,0.0,0.0,0.0,13.0,0.0,0.0,0.0,0.0,0.0,0.0,0.0,13.0,2191.0,0.0,0.0,0.0,0.0,0.0,0.0,0.0,10.0,0.0,0.0,0.0,0.0,0.0,0.0,0.0,2201.0,nan,nan,nan,,nan,nan,nan,nan,nan,nan,nan,,,,nan,nan,nan,nan,nan,nan,nan,nan,nan,nan,nan,nan,,nan,nan,,,nan,nan,nan,nan,nan,nan,nan,nan,nan,nan,nan,nan,nan,nan,nan,nan,nan,nan,nan,nan,nan,nan,nan,nan,,nan,nan,nan,,nan,,,,
0.0,0.0,0.0,0.0,0.0,0.0,0.0,0.0,2.0,0.0,0.0,0.0,0.0,0.0,0.0,0.0,2.0,2170.0,0.0,0.0,0.0,0.0,0.0,0.0,0.0,15.0,0.0,0.0,0.0,0.0,0.0,0.0,0.0,2185.0,nan,nan,nan,,nan,nan,nan,nan,nan,nan,nan,,,,nan,nan,nan,nan,nan,nan,nan,nan,nan,nan,nan,nan,,nan,nan,,,nan,nan,nan,nan,nan,nan,nan,nan,nan,nan,nan,nan,nan,nan,nan,nan,nan,nan,nan,nan,nan,nan,nan,nan,,nan,nan,nan,,nan,,,,
0.0,0.0,0.0,0.0,0.0,0.0,0.0,0.0,4.0,0.0,0.0,0.0,0.0,0.0,0.0,0.0,4.0,2196.0,0.0,0.0,0.0,0.0,0.0,0.0,0.0,12.0,0.0,0.0,0.0,0.0,0.0,0.0,0.0,2208.0,nan,nan,nan,,nan,nan,nan,nan,nan,nan,nan,,,,nan,nan,nan,nan,nan,nan,nan,nan,nan,nan,nan,nan,,nan,nan,,,nan,nan,nan,nan,nan,nan,nan,nan,nan,nan,nan,nan,nan,nan,nan,nan,nan,nan,nan,nan,nan,nan,nan,nan,,nan,nan,nan,,nan,,,,
0.0,0.0,0.0,0.0,0.0,0.0,0.0,0.0,2.0,0.0,0.0,0.0,0.0,0.0,0.0,0.0,2.0,2133.0,0.0,0.0,0.0,0.0,0.0,0.0,0.0,13.0,0.0,0.0,0.0,0.0,0.0,0.0,0.0,2146.0,nan,nan,nan,,nan,nan,nan,nan,nan,nan,nan,,,,nan,nan,nan,nan,nan,nan,nan,nan,nan,nan,nan,nan,,nan,nan,,,nan,nan,nan,nan,nan,nan,nan,nan,nan,nan,nan,nan,nan,nan,nan,nan,nan,nan,nan,nan,nan,nan,nan,nan,,nan,nan,nan,,nan,,,,
0.0,0.0,0.0,0.0,0.0,0.0,0.0,0.0,10.0,0.0,0.0,0.0,0.0,0.0,0.0,0.0,10.0,2109.0,0.0,0.0,0.0,0.0,0.0,0.0,0.0,9.0,0.0,0.0,0.0,0.0,0.0,0.0,0.0,2118.0,nan,nan,nan,,nan,nan,nan,nan,nan,nan,nan,,,,nan,nan,nan,nan,nan,nan,nan,nan,nan,nan,nan,nan,,nan,nan,,,nan,nan,nan,nan,nan,nan,nan,nan,nan,nan,nan,nan,nan,nan,nan,nan,nan,nan,nan,nan,nan,nan,nan,nan,,nan,nan,nan,,nan,,,,
0.0,0.0,0.0,0.0,0.0,0.0,0.0,0.0,10.0,0.0,0.0,0.0,0.0,0.0,0.0,0.0,10.0,2113.0,0.0,0.0,0.0,0.0,0.0,0.0,0.0,18.0,0.0,0.0,0.0,0.0,0.0,0.0,0.0,2131.0,nan,nan,nan,,nan,nan,nan,nan,nan,nan,nan,,,,nan,nan,nan,nan,nan,nan,nan,nan,nan,nan,nan,nan,,nan,nan,,,nan,nan,nan,nan,nan,nan,nan,nan,nan,nan,nan,nan,nan,nan,nan,nan,nan,nan,nan,nan,nan,nan,nan,nan,,nan,nan,nan,,nan,,,,
0.0,0.0,0.0,0.0,0.0,0.0,0.0,0.0,6.0,0.0,0.0,0.0,0.0,0.0,0.0,0.0,6.0,2171.0,0.0,0.0,0.0,0.0,0.0,0.0,0.0,13.0,0.0,0.0,0.0,0.0,0.0,0.0,0.0,2184.0,nan,nan,nan,,nan,nan,nan,nan,nan,nan,nan,,,,nan,nan,nan,nan,nan,nan,nan,nan,nan,nan,nan,nan,,nan,nan,,,nan,nan,nan,nan,nan,nan,nan,nan,nan,nan,nan,nan,nan,nan,nan,nan,nan,nan,nan,nan,nan,nan,nan,nan,,nan,nan,nan,,nan,,,,
0.0,0.0,0.0,0.0,0.0,0.0,0.0,0.0,7.0,0.0,0.0,0.0,0.0,0.0,0.0,0.0,7.0,2209.0,0.0,0.0,0.0,0.0,0.0,0.0,0.0,5.0,0.0,0.0,0.0,0.0,0.0,0.0,0.0,2214.0,nan,nan,nan,,nan,nan,nan,nan,nan,nan,nan,,,,nan,nan,nan,nan,nan,nan,nan,nan,nan,nan,nan,nan,,nan,nan,,,nan,nan,nan,nan,nan,nan,nan,nan,nan,nan,nan,nan,nan,nan,nan,nan,nan,nan,nan,nan,nan,nan,nan,nan,,nan,nan,nan,,nan,,,,
0.0,0.0,0.0,0.0,0.0,0.0,0.0,0.0,6.0,0.0,0.0,0.0,0.0,0.0,0.0,0.0,6.0,2212.0,0.0,0.0,0.0,0.0,0.0,0.0,0.0,12.0,0.0,0.0,0.0,0.0,0.0,0.0,0.0,2224.0,nan,nan,nan,,nan,nan,nan,nan,nan,nan,nan,,,,nan,nan,nan,nan,nan,nan,nan,nan,nan,nan,nan,nan,,nan,nan,,,nan,nan,nan,nan,nan,nan,nan,nan,nan,nan,nan,nan,nan,nan,nan,nan,nan,nan,nan,nan,nan,nan,nan,nan,,nan,nan,nan,,nan,,,,
0.0,0.0,0.0,0.0,0.0,0.0,0.0,0.0,7.0,0.0,0.0,0.0,0.0,0.0,0.0,0.0,7.0,2199.0,0.0,0.0,0.0,0.0,0.0,0.0,0.0,13.0,0.0,0.0,0.0,0.0,0.0,0.0,0.0,2212.0,nan,nan,nan,,nan,nan,nan,nan,nan,nan,nan,,,,nan,nan,nan,nan,nan,nan,nan,nan,nan,nan,nan,nan,,nan,nan,,,nan,nan,nan,nan,nan,nan,nan,nan,nan,nan,nan,nan,nan,nan,nan,nan,nan,nan,nan,nan,nan,nan,nan,nan,,nan,nan,nan,,nan,,,,
0.0,0.0,0.0,0.0,0.0,0.0,0.0,0.0,5.0,0.0,0.0,0.0,0.0,0.0,0.0,0.0,5.0,2143.0,0.0,0.0,0.0,0.0,0.0,0.0,0.0,11.0,0.0,0.0,0.0,0.0,0.0,0.0,0.0,2154.0,nan,nan,nan,,nan,nan,nan,nan,nan,nan,nan,,,,nan,nan,nan,nan,nan,nan,nan,nan,nan,nan,nan,nan,,nan,nan,,,nan,nan,nan,nan,nan,nan,nan,nan,nan,nan,nan,nan,nan,nan,nan,nan,nan,nan,nan,nan,nan,nan,nan,nan,,nan,nan,nan,,nan,,,,
0.0,0.0,0.0,0.0,0.0,0.0,0.0,0.0,3.0,0.0,0.0,0.0,0.0,0.0,0.0,0.0,3.0,2220.0,0.0,0.0,0.0,0.0,0.0,0.0,0.0,11.0,0.0,0.0,0.0,0.0,0.0,0.0,0.0,2231.0,nan,nan,nan,,nan,nan,nan,nan,nan,nan,nan,,,,nan,nan,nan,nan,nan,nan,nan,nan,nan,nan,nan,nan,,nan,nan,,,nan,nan,nan,nan,nan,nan,nan,nan,nan,nan,nan,nan,nan,nan,nan,nan,nan,nan,nan,nan,nan,nan,nan,nan,,nan,nan,nan,,nan,,,,
0.0,0.0,0.0,0.0,0.0,0.0,0.0,0.0,5.0,0.0,0.0,0.0,0.0,0.0,0.0,0.0,5.0,2101.0,0.0,0.0,0.0,0.0,0.0,0.0,0.0,17.0,0.0,0.0,0.0,0.0,0.0,0.0,0.0,2118.0,nan,nan,nan,,nan,nan,nan,nan,nan,nan,nan,,,,nan,nan,nan,nan,nan,nan,nan,nan,nan,nan,nan,nan,,nan,nan,,,nan,nan,nan,nan,nan,nan,nan,nan,nan,nan,nan,nan,nan,nan,nan,nan,nan,nan,nan,nan,nan,nan,nan,nan,,nan,nan,nan,,nan,,,,
0.0,0.0,0.0,0.0,0.0,0.0,0.0,0.0,3.0,0.0,0.0,0.0,0.0,0.0,0.0,0.0,3.0,2112.0,0.0,0.0,0.0,0.0,0.0,0.0,0.0,18.0,0.0,0.0,0.0,0.0,0.0,0.0,0.0,2130.0,nan,nan,nan,,nan,nan,nan,nan,nan,nan,nan,,,,nan,nan,nan,nan,nan,nan,nan,nan,nan,nan,nan,nan,,nan,nan,,,nan,nan,nan,nan,nan,nan,nan,nan,nan,nan,nan,nan,nan,nan,nan,nan,nan,nan,nan,nan,nan,nan,nan,nan,,nan,nan,nan,,nan,,,,
0.0,0.0,0.0,0.0,0.0,0.0,0.0,0.0,3.0,0.0,0.0,0.0,0.0,0.0,0.0,0.0,3.0,2126.0,0.0,0.0,0.0,0.0,0.0,0.0,0.0,15.0,0.0,0.0,0.0,0.0,0.0,0.0,0.0,2141.0,nan,nan,nan,,nan,nan,nan,nan,nan,nan,nan,,,,nan,nan,nan,nan,nan,nan,nan,nan,nan,nan,nan,nan,,nan,nan,,,nan,nan,nan,nan,nan,nan,nan,nan,nan,nan,nan,nan,nan,nan,nan,nan,nan,nan,nan,nan,nan,nan,nan,nan,,nan,nan,nan,,nan,,,,
0.0,0.0,0.0,0.0,0.0,0.0,0.0,0.0,3.0,0.0,0.0,0.0,0.0,0.0,0.0,0.0,3.0,2222.0,0.0,0.0,0.0,0.0,0.0,0.0,0.0,10.0,0.0,0.0,0.0,0.0,0.0,0.0,0.0,2232.0,nan,nan,nan,,nan,nan,nan,nan,nan,nan,nan,,,,nan,nan,nan,nan,nan,nan,nan,nan,nan,nan,nan,nan,,nan,nan,,,nan,nan,nan,nan,nan,nan,nan,nan,nan,nan,nan,nan,nan,nan,nan,nan,nan,nan,nan,nan,nan,nan,nan,nan,,nan,nan,nan,,nan,,,,
0.0,0.0,0.0,0.0,0.0,0.0,0.0,0.0,4.0,0.0,0.0,0.0,0.0,0.0,0.0,0.0,4.0,2181.0,0.0,0.0,0.0,0.0,0.0,0.0,0.0,11.0,0.0,0.0,0.0,0.0,0.0,0.0,0.0,2192.0,nan,nan,nan,,nan,nan,nan,nan,nan,nan,nan,,,,nan,nan,nan,nan,nan,nan,nan,nan,nan,nan,nan,nan,,nan,nan,,,nan,nan,nan,nan,nan,nan,nan,nan,nan,nan,nan,nan,nan,nan,nan,nan,nan,nan,nan,nan,nan,nan,nan,nan,,nan,nan,nan,,nan,,,,
0.0,0.0,0.0,0.0,0.0,0.0,0.0,0.0,4.0,0.0,0.0,0.0,0.0,0.0,0.0,0.0,4.0,2112.0,0.0,0.0,0.0,0.0,0.0,0.0,0.0,10.0,0.0,0.0,0.0,0.0,0.0,0.0,0.0,2122.0,nan,nan,nan,,nan,nan,nan,nan,nan,nan,nan,,,,nan,nan,nan,nan,nan,nan,nan,nan,nan,nan,nan,nan,,nan,nan,,,nan,nan,nan,nan,nan,nan,nan,nan,nan,nan,nan,nan,nan,nan,nan,nan,nan,nan,nan,nan,nan,nan,nan,nan,,nan,nan,nan,,nan,,,,
0.0,0.0,0.0,0.0,0.0,0.0,0.0,0.0,3.0,0.0,0.0,0.0,0.0,0.0,0.0,0.0,3.0,2089.0,0.0,0.0,0.0,0.0,0.0,0.0,0.0,14.0,0.0,0.0,0.0,0.0,0.0,0.0,0.0,2103.0,nan,nan,nan,,nan,nan,nan,nan,nan,nan,nan,,,,nan,nan,nan,nan,nan,nan,nan,nan,nan,nan,nan,nan,,nan,nan,,,nan,nan,nan,nan,nan,nan,nan,nan,nan,nan,nan,nan,nan,nan,nan,nan,nan,nan,nan,nan,nan,nan,nan,nan,,nan,nan,nan,,nan,,,,
0.0,0.0,0.0,0.0,0.0,0.0,0.0,0.0,7.0,0.0,0.0,0.0,0.0,0.0,0.0,0.0,7.0,2133.0,0.0,0.0,0.0,0.0,0.0,0.0,0.0,12.0,0.0,0.0,0.0,0.0,0.0,0.0,0.0,2145.0,nan,nan,nan,,nan,nan,nan,nan,nan,nan,nan,,,,nan,nan,nan,nan,nan,nan,nan,nan,nan,nan,nan,nan,,nan,nan,,,nan,nan,nan,nan,nan,nan,nan,nan,nan,nan,nan,nan,nan,nan,nan,nan,nan,nan,nan,nan,nan,nan,nan,nan,,nan,nan,nan,,nan,,,,
0.0,0.0,0.0,0.0,0.0,0.0,0.0,0.0,13.0,0.0,0.0,0.0,0.0,0.0,0.0,0.0,13.0,2142.0,0.0,0.0,0.0,0.0,0.0,0.0,0.0,13.0,0.0,0.0,0.0,0.0,0.0,0.0,0.0,2155.0,nan,nan,nan,,nan,nan,nan,nan,nan,nan,nan,,,,nan,nan,nan,nan,nan,nan,nan,nan,nan,nan,nan,nan,,nan,nan,,,nan,nan,nan,nan,nan,nan,nan,nan,nan,nan,nan,nan,nan,nan,nan,nan,nan,nan,nan,nan,nan,nan,nan,nan,,nan,nan,nan,,nan,,,,
0.0,0.0,0.0,0.0,0.0,0.0,0.0,0.0,6.0,0.0,0.0,0.0,0.0,0.0,0.0,0.0,6.0,2191.0,0.0,0.0,0.0,0.0,0.0,0.0,0.0,12.0,0.0,0.0,0.0,0.0,0.0,0.0,0.0,2203.0,nan,nan,nan,,nan,nan,nan,nan,nan,nan,nan,,,,nan,nan,nan,nan,nan,nan,nan,nan,nan,nan,nan,nan,,nan,nan,,,nan,nan,nan,nan,nan,nan,nan,nan,nan,nan,nan,nan,nan,nan,nan,nan,nan,nan,nan,nan,nan,nan,nan,nan,,nan,nan,nan,,nan,,,,
0.0,0.0,0.0,0.0,0.0,0.0,0.0,0.0,6.0,0.0,0.0,0.0,0.0,0.0,0.0,0.0,6.0,2171.0,0.0,0.0,0.0,0.0,0.0,0.0,0.0,16.0,0.0,0.0,0.0,0.0,0.0,0.0,0.0,2187.0,nan,nan,nan,,nan,nan,nan,nan,nan,nan,nan,,,,nan,nan,nan,nan,nan,nan,nan,nan,nan,nan,nan,nan,,nan,nan,,,nan,nan,nan,nan,nan,nan,nan,nan,nan,nan,nan,nan,nan,nan,nan,nan,nan,nan,nan,nan,nan,nan,nan,nan,,nan,nan,nan,,nan,,,,
0.0,0.0,0.0,0.0,0.0,0.0,0.0,0.0,6.0,0.0,0.0,0.0,0.0,0.0,0.0,0.0,6.0,2227.0,0.0,0.0,0.0,0.0,0.0,0.0,0.0,16.0,0.0,0.0,0.0,0.0,0.0,0.0,0.0,2243.0,nan,nan,nan,,nan,nan,nan,nan,nan,nan,nan,,,,nan,nan,nan,nan,nan,nan,nan,nan,nan,nan,nan,nan,,nan,nan,,,nan,nan,nan,nan,nan,nan,nan,nan,nan,nan,nan,nan,nan,nan,nan,nan,nan,nan,nan,nan,nan,nan,nan,nan,,nan,nan,nan,,nan,,,,
0.0,0.0,0.0,0.0,0.0,0.0,0.0,0.0,3.0,0.0,0.0,0.0,0.0,0.0,0.0,0.0,3.0,2256.0,0.0,0.0,0.0,0.0,0.0,0.0,0.0,15.0,0.0,0.0,0.0,0.0,0.0,0.0,0.0,2271.0,nan,nan,nan,,nan,nan,nan,nan,nan,nan,nan,,,,nan,nan,nan,nan,nan,nan,nan,nan,nan,nan,nan,nan,,nan,nan,,,nan,nan,nan,nan,nan,nan,nan,nan,nan,nan,nan,nan,nan,nan,nan,nan,nan,nan,nan,nan,nan,nan,nan,nan,,nan,nan,nan,,nan,,,,
0.0,0.0,0.0,0.0,0.0,0.0,0.0,0.0,6.0,0.0,0.0,0.0,0.0,0.0,0.0,0.0,6.0,2186.0,0.0,0.0,0.0,0.0,0.0,0.0,0.0,8.0,0.0,0.0,0.0,0.0,0.0,0.0,0.0,2194.0,nan,nan,nan,,nan,nan,nan,nan,nan,nan,nan,,,,nan,nan,nan,nan,nan,nan,nan,nan,nan,nan,nan,nan,,nan,nan,,,nan,nan,nan,nan,nan,nan,nan,nan,nan,nan,nan,nan,nan,nan,nan,nan,nan,nan,nan,nan,nan,nan,nan,nan,,nan,nan,nan,,nan,,,,
0.0,0.0,0.0,0.0,0.0,0.0,0.0,0.0,7.0,0.0,0.0,0.0,0.0,0.0,0.0,0.0,7.0,2199.0,0.0,0.0,0.0,0.0,0.0,0.0,0.0,6.0,0.0,0.0,0.0,0.0,0.0,0.0,0.0,2205.0,nan,nan,nan,,nan,nan,nan,nan,nan,nan,nan,,,,nan,nan,nan,nan,nan,nan,nan,nan,nan,nan,nan,nan,,nan,nan,,,nan,nan,nan,nan,nan,nan,nan,nan,nan,nan,nan,nan,nan,nan,nan,nan,nan,nan,nan,nan,nan,nan,nan,nan,,nan,nan,nan,,nan,,,,
0.0,0.0,0.0,0.0,0.0,0.0,0.0,0.0,5.0,0.0,0.0,0.0,0.0,0.0,0.0,0.0,5.0,2157.0,0.0,0.0,0.0,0.0,0.0,0.0,0.0,14.0,0.0,0.0,0.0,0.0,0.0,0.0,0.0,2171.0,nan,nan,nan,,nan,nan,nan,nan,nan,nan,nan,,,,nan,nan,nan,nan,nan,nan,nan,nan,nan,nan,nan,nan,,nan,nan,,,nan,nan,nan,nan,nan,nan,nan,nan,nan,nan,nan,nan,nan,nan,nan,nan,nan,nan,nan,nan,nan,nan,nan,nan,,nan,nan,nan,,nan,,,,
0.0,0.0,0.0,0.0,0.0,0.0,0.0,0.0,6.0,0.0,0.0,0.0,0.0,0.0,0.0,0.0,6.0,2216.0,0.0,0.0,0.0,0.0,0.0,0.0,0.0,10.0,0.0,0.0,0.0,0.0,0.0,0.0,0.0,2226.0,nan,nan,nan,,nan,nan,nan,nan,nan,nan,nan,,,,nan,nan,nan,nan,nan,nan,nan,nan,nan,nan,nan,nan,,nan,nan,,,nan,nan,nan,nan,nan,nan,nan,nan,nan,nan,nan,nan,nan,nan,nan,nan,nan,nan,nan,nan,nan,nan,nan,nan,,nan,nan,nan,,nan,,,,
0.0,0.0,0.0,0.0,0.0,0.0,0.0,0.0,6.0,0.0,0.0,0.0,0.0,0.0,0.0,0.0,6.0,2128.0,0.0,0.0,0.0,0.0,0.0,0.0,0.0,14.0,0.0,0.0,0.0,0.0,0.0,0.0,0.0,2142.0,nan,nan,nan,,nan,nan,nan,nan,nan,nan,nan,,,,nan,nan,nan,nan,nan,nan,nan,nan,nan,nan,nan,nan,,nan,nan,,,nan,nan,nan,nan,nan,nan,nan,nan,nan,nan,nan,nan,nan,nan,nan,nan,nan,nan,nan,nan,nan,nan,nan,nan,,nan,nan,nan,,nan,,,,
0.0,0.0,0.0,0.0,0.0,0.0,0.0,0.0,7.0,0.0,0.0,0.0,0.0,0.0,0.0,0.0,7.0,2075.0,0.0,0.0,0.0,0.0,0.0,0.0,0.0,8.0,0.0,0.0,0.0,0.0,0.0,0.0,0.0,2083.0,nan,nan,nan,,nan,nan,nan,nan,nan,nan,nan,,,,nan,nan,nan,nan,nan,nan,nan,nan,nan,nan,nan,nan,,nan,nan,,,nan,nan,nan,nan,nan,nan,nan,nan,nan,nan,nan,nan,nan,nan,nan,nan,nan,nan,nan,nan,nan,nan,nan,nan,,nan,nan,nan,,nan,,,,
0.0,0.0,0.0,0.0,0.0,0.0,0.0,0.0,7.0,0.0,0.0,0.0,0.0,0.0,0.0,0.0,7.0,2199.0,0.0,0.0,0.0,0.0,0.0,0.0,0.0,12.0,0.0,0.0,0.0,0.0,0.0,0.0,0.0,2211.0,nan,nan,nan,,nan,nan,nan,nan,nan,nan,nan,,,,nan,nan,nan,nan,nan,nan,nan,nan,nan,nan,nan,nan,,nan,nan,,,nan,nan,nan,nan,nan,nan,nan,nan,nan,nan,nan,nan,nan,nan,nan,nan,nan,nan,nan,nan,nan,nan,nan,nan,,nan,nan,nan,,nan,,,,
0.0,0.0,0.0,0.0,0.0,0.0,0.0,0.0,6.0,0.0,0.0,0.0,0.0,0.0,0.0,0.0,6.0,2051.0,0.0,0.0,0.0,0.0,0.0,0.0,0.0,11.0,0.0,0.0,0.0,0.0,0.0,0.0,0.0,2062.0,nan,nan,nan,,nan,nan,nan,nan,nan,nan,nan,,,,nan,nan,nan,nan,nan,nan,nan,nan,nan,nan,nan,nan,,nan,nan,,,nan,nan,nan,nan,nan,nan,nan,nan,nan,nan,nan,nan,nan,nan,nan,nan,nan,nan,nan,nan,nan,nan,nan,nan,,nan,nan,nan,,nan,,,,
0.0,0.0,0.0,0.0,0.0,0.0,0.0,0.0,5.0,0.0,0.0,0.0,0.0,0.0,0.0,0.0,5.0,2124.0,0.0,0.0,0.0,0.0,0.0,0.0,0.0,12.0,0.0,0.0,0.0,0.0,0.0,0.0,0.0,2136.0,nan,nan,nan,,nan,nan,nan,nan,nan,nan,nan,,,,nan,nan,nan,nan,nan,nan,nan,nan,nan,nan,nan,nan,,nan,nan,,,nan,nan,nan,nan,nan,nan,nan,nan,nan,nan,nan,nan,nan,nan,nan,nan,nan,nan,nan,nan,nan,nan,nan,nan,,nan,nan,nan,,nan,,,,
0.0,0.0,0.0,0.0,0.0,0.0,0.0,0.0,5.0,0.0,0.0,0.0,0.0,0.0,0.0,0.0,5.0,2165.0,0.0,0.0,0.0,0.0,0.0,0.0,0.0,12.0,0.0,0.0,0.0,0.0,0.0,0.0,0.0,2177.0,nan,nan,nan,,nan,nan,nan,nan,nan,nan,nan,,,,nan,nan,nan,nan,nan,nan,nan,nan,nan,nan,nan,nan,,nan,nan,,,nan,nan,nan,nan,nan,nan,nan,nan,nan,nan,nan,nan,nan,nan,nan,nan,nan,nan,nan,nan,nan,nan,nan,nan,,nan,nan,nan,,nan,,,,
0.0,0.0,0.0,0.0,0.0,0.0,0.0,0.0,6.0,0.0,0.0,0.0,0.0,0.0,0.0,0.0,6.0,2065.0,0.0,0.0,0.0,0.0,0.0,0.0,0.0,9.0,0.0,0.0,0.0,0.0,0.0,0.0,0.0,2074.0,nan,nan,nan,,nan,nan,nan,nan,nan,nan,nan,,,,nan,nan,nan,nan,nan,nan,nan,nan,nan,nan,nan,nan,,nan,nan,,,nan,nan,nan,nan,nan,nan,nan,nan,nan,nan,nan,nan,nan,nan,nan,nan,nan,nan,nan,nan,nan,nan,nan,nan,,nan,nan,nan,,nan,,,,
0.0,0.0,0.0,0.0,0.0,0.0,0.0,0.0,1.0,0.0,0.0,0.0,0.0,0.0,0.0,0.0,1.0,2156.0,0.0,0.0,0.0,0.0,0.0,0.0,0.0,17.0,0.0,0.0,0.0,0.0,0.0,0.0,0.0,2173.0,nan,nan,nan,,nan,nan,nan,nan,nan,nan,nan,,,,nan,nan,nan,nan,nan,nan,nan,nan,nan,nan,nan,nan,,nan,nan,,,nan,nan,nan,nan,nan,nan,nan,nan,nan,nan,nan,nan,nan,nan,nan,nan,nan,nan,nan,nan,nan,nan,nan,nan,,nan,nan,nan,,nan,,,,
0.0,0.0,0.0,0.0,0.0,0.0,0.0,0.0,4.0,0.0,0.0,0.0,0.0,0.0,0.0,0.0,4.0,2118.0,0.0,0.0,0.0,0.0,0.0,0.0,0.0,9.0,0.0,0.0,0.0,0.0,0.0,0.0,0.0,2127.0,nan,nan,nan,,nan,nan,nan,nan,nan,nan,nan,,,,nan,nan,nan,nan,nan,nan,nan,nan,nan,nan,nan,nan,,nan,nan,,,nan,nan,nan,nan,nan,nan,nan,nan,nan,nan,nan,nan,nan,nan,nan,nan,nan,nan,nan,nan,nan,nan,nan,nan,,nan,nan,nan,,nan,,,,
0.0,0.0,0.0,0.0,0.0,0.0,0.0,0.0,5.0,0.0,0.0,0.0,0.0,0.0,0.0,0.0,5.0,2200.0,0.0,0.0,0.0,0.0,0.0,0.0,0.0,10.0,0.0,0.0,0.0,0.0,0.0,0.0,0.0,2210.0,nan,nan,nan,,nan,nan,nan,nan,nan,nan,nan,,,,nan,nan,nan,nan,nan,nan,nan,nan,nan,nan,nan,nan,,nan,nan,,,nan,nan,nan,nan,nan,nan,nan,nan,nan,nan,nan,nan,nan,nan,nan,nan,nan,nan,nan,nan,nan,nan,nan,nan,,nan,nan,nan,,nan,,,,
0.0,0.0,0.0,0.0,0.0,0.0,0.0,0.0,6.0,0.0,0.0,0.0,0.0,0.0,0.0,0.0,6.0,2072.0,0.0,0.0,0.0,0.0,0.0,0.0,0.0,19.0,0.0,0.0,0.0,0.0,0.0,0.0,0.0,2091.0,nan,nan,nan,,nan,nan,nan,nan,nan,nan,nan,,,,nan,nan,nan,nan,nan,nan,nan,nan,nan,nan,nan,nan,,nan,nan,,,nan,nan,nan,nan,nan,nan,nan,nan,nan,nan,nan,nan,nan,nan,nan,nan,nan,nan,nan,nan,nan,nan,nan,nan,,nan,nan,nan,,nan,,,,
0.0,0.0,0.0,0.0,0.0,0.0,0.0,0.0,10.0,0.0,0.0,0.0,0.0,0.0,0.0,0.0,10.0,2199.0,0.0,0.0,0.0,0.0,0.0,0.0,0.0,12.0,0.0,0.0,0.0,0.0,0.0,0.0,0.0,2211.0,nan,nan,nan,,nan,nan,nan,nan,nan,nan,nan,,,,nan,nan,nan,nan,nan,nan,nan,nan,nan,nan,nan,nan,,nan,nan,,,nan,nan,nan,nan,nan,nan,nan,nan,nan,nan,nan,nan,nan,nan,nan,nan,nan,nan,nan,nan,nan,nan,nan,nan,,nan,nan,nan,,nan,,,,
0.0,0.0,0.0,0.0,0.0,0.0,0.0,0.0,2.0,0.0,0.0,0.0,0.0,0.0,0.0,0.0,2.0,2174.0,0.0,0.0,0.0,0.0,0.0,0.0,0.0,9.0,0.0,0.0,0.0,0.0,0.0,0.0,0.0,2183.0,nan,nan,nan,,nan,nan,nan,nan,nan,nan,nan,,,,nan,nan,nan,nan,nan,nan,nan,nan,nan,nan,nan,nan,,nan,nan,,,nan,nan,nan,nan,nan,nan,nan,nan,nan,nan,nan,nan,nan,nan,nan,nan,nan,nan,nan,nan,nan,nan,nan,nan,,nan,nan,nan,,nan,,,,
0.0,0.0,0.0,0.0,0.0,0.0,0.0,0.0,7.0,0.0,0.0,0.0,0.0,0.0,0.0,0.0,7.0,2160.0,0.0,0.0,0.0,0.0,0.0,0.0,0.0,14.0,0.0,0.0,0.0,0.0,0.0,0.0,0.0,2174.0,nan,nan,nan,,nan,nan,nan,nan,nan,nan,nan,,,,nan,nan,nan,nan,nan,nan,nan,nan,nan,nan,nan,nan,,nan,nan,,,nan,nan,nan,nan,nan,nan,nan,nan,nan,nan,nan,nan,nan,nan,nan,nan,nan,nan,nan,nan,nan,nan,nan,nan,,nan,nan,nan,,nan,,,,
0.0,0.0,0.0,0.0,0.0,0.0,0.0,0.0,8.0,0.0,0.0,0.0,0.0,0.0,0.0,0.0,8.0,2105.0,0.0,0.0,0.0,0.0,0.0,0.0,0.0,15.0,0.0,0.0,0.0,0.0,0.0,0.0,0.0,2120.0,nan,nan,nan,,nan,nan,nan,nan,nan,nan,nan,,,,nan,nan,nan,nan,nan,nan,nan,nan,nan,nan,nan,nan,,nan,nan,,,nan,nan,nan,nan,nan,nan,nan,nan,nan,nan,nan,nan,nan,nan,nan,nan,nan,nan,nan,nan,nan,nan,nan,nan,,nan,nan,nan,,nan,,,,
0.0,0.0,0.0,0.0,0.0,0.0,0.0,0.0,4.0,0.0,0.0,0.0,0.0,0.0,0.0,0.0,4.0,2173.0,0.0,0.0,0.0,0.0,0.0,0.0,0.0,18.0,0.0,0.0,0.0,0.0,0.0,0.0,0.0,2191.0,nan,nan,nan,,nan,nan,nan,nan,nan,nan,nan,,,,nan,nan,nan,nan,nan,nan,nan,nan,nan,nan,nan,nan,,nan,nan,,,nan,nan,nan,nan,nan,nan,nan,nan,nan,nan,nan,nan,nan,nan,nan,nan,nan,nan,nan,nan,nan,nan,nan,nan,,nan,nan,nan,,nan,,,,
0.0,0.0,0.0,0.0,0.0,0.0,0.0,0.0,10.0,0.0,0.0,0.0,0.0,0.0,0.0,0.0,10.0,2088.0,0.0,0.0,0.0,0.0,0.0,0.0,0.0,12.0,0.0,0.0,0.0,0.0,0.0,0.0,0.0,2100.0,nan,nan,nan,,nan,nan,nan,nan,nan,nan,nan,,,,nan,nan,nan,nan,nan,nan,nan,nan,nan,nan,nan,nan,,nan,nan,,,nan,nan,nan,nan,nan,nan,nan,nan,nan,nan,nan,nan,nan,nan,nan,nan,nan,nan,nan,nan,nan,nan,nan,nan,,nan,nan,nan,,nan,,,,
0.0,0.0,0.0,0.0,0.0,0.0,0.0,0.0,14.0,0.0,0.0,0.0,0.0,0.0,0.0,0.0,14.0,2094.0,0.0,0.0,0.0,0.0,0.0,0.0,0.0,15.0,0.0,0.0,0.0,0.0,0.0,0.0,0.0,2109.0,nan,nan,nan,,nan,nan,nan,nan,nan,nan,nan,,,,nan,nan,nan,nan,nan,nan,nan,nan,nan,nan,nan,nan,,nan,nan,,,nan,nan,nan,nan,nan,nan,nan,nan,nan,nan,nan,nan,nan,nan,nan,nan,nan,nan,nan,nan,nan,nan,nan,nan,,nan,nan,nan,,nan,,,,
0.0,0.0,0.0,0.0,0.0,0.0,0.0,0.0,4.0,0.0,0.0,0.0,0.0,0.0,0.0,0.0,4.0,2168.0,0.0,0.0,0.0,0.0,0.0,0.0,0.0,13.0,0.0,0.0,0.0,0.0,0.0,0.0,0.0,2181.0,nan,nan,nan,,nan,nan,nan,nan,nan,nan,nan,,,,nan,nan,nan,nan,nan,nan,nan,nan,nan,nan,nan,nan,,nan,nan,,,nan,nan,nan,nan,nan,nan,nan,nan,nan,nan,nan,nan,nan,nan,nan,nan,nan,nan,nan,nan,nan,nan,nan,nan,,nan,nan,nan,,nan,,,,
0.0,0.0,0.0,0.0,0.0,0.0,0.0,0.0,7.0,0.0,0.0,0.0,0.0,0.0,0.0,0.0,7.0,2158.0,0.0,0.0,0.0,0.0,0.0,0.0,0.0,11.0,0.0,0.0,0.0,0.0,0.0,0.0,0.0,2169.0,nan,nan,nan,,nan,nan,nan,nan,nan,nan,nan,,,,nan,nan,nan,nan,nan,nan,nan,nan,nan,nan,nan,nan,,nan,nan,,,nan,nan,nan,nan,nan,nan,nan,nan,nan,nan,nan,nan,nan,nan,nan,nan,nan,nan,nan,nan,nan,nan,nan,nan,,nan,nan,nan,,nan,,,,
0.0,0.0,0.0,0.0,0.0,0.0,0.0,0.0,3.0,0.0,0.0,0.0,0.0,0.0,0.0,0.0,3.0,2179.0,0.0,0.0,0.0,0.0,0.0,0.0,0.0,11.0,0.0,0.0,0.0,0.0,0.0,0.0,0.0,2190.0,nan,nan,nan,,nan,nan,nan,nan,nan,nan,nan,,,,nan,nan,nan,nan,nan,nan,nan,nan,nan,nan,nan,nan,,nan,nan,,,nan,nan,nan,nan,nan,nan,nan,nan,nan,nan,nan,nan,nan,nan,nan,nan,nan,nan,nan,nan,nan,nan,nan,nan,,nan,nan,nan,,nan,,,,
0.0,0.0,0.0,0.0,0.0,0.0,0.0,0.0,3.0,0.0,0.0,0.0,0.0,0.0,0.0,0.0,3.0,2171.0,0.0,0.0,0.0,0.0,0.0,0.0,0.0,10.0,0.0,0.0,0.0,0.0,0.0,0.0,0.0,2181.0,nan,nan,nan,,nan,nan,nan,nan,nan,nan,nan,,,,nan,nan,nan,nan,nan,nan,nan,nan,nan,nan,nan,nan,,nan,nan,,,nan,nan,nan,nan,nan,nan,nan,nan,nan,nan,nan,nan,nan,nan,nan,nan,nan,nan,nan,nan,nan,nan,nan,nan,,nan,nan,nan,,nan,,,,
0.0,0.0,0.0,0.0,0.0,0.0,0.0,0.0,4.0,0.0,0.0,0.0,0.0,0.0,0.0,0.0,4.0,2086.0,0.0,0.0,0.0,0.0,0.0,0.0,0.0,16.0,0.0,0.0,0.0,0.0,0.0,0.0,0.0,2102.0,nan,nan,nan,,nan,nan,nan,nan,nan,nan,nan,,,,nan,nan,nan,nan,nan,nan,nan,nan,nan,nan,nan,nan,,nan,nan,,,nan,nan,nan,nan,nan,nan,nan,nan,nan,nan,nan,nan,nan,nan,nan,nan,nan,nan,nan,nan,nan,nan,nan,nan,,nan,nan,nan,,nan,,,,
0.0,0.0,0.0,0.0,0.0,0.0,0.0,0.0,2.0,0.0,0.0,0.0,0.0,0.0,0.0,0.0,2.0,2146.0,0.0,0.0,0.0,0.0,0.0,0.0,0.0,11.0,0.0,0.0,0.0,0.0,0.0,0.0,0.0,2157.0,nan,nan,nan,,nan,nan,nan,nan,nan,nan,nan,,,,nan,nan,nan,nan,nan,nan,nan,nan,nan,nan,nan,nan,,nan,nan,,,nan,nan,nan,nan,nan,nan,nan,nan,nan,nan,nan,nan,nan,nan,nan,nan,nan,nan,nan,nan,nan,nan,nan,nan,,nan,nan,nan,,nan,,,,
0.0,0.0,0.0,0.0,0.0,0.0,0.0,0.0,3.0,0.0,0.0,0.0,0.0,0.0,0.0,0.0,3.0,2128.0,0.0,0.0,0.0,0.0,0.0,0.0,0.0,14.0,0.0,0.0,0.0,0.0,0.0,0.0,0.0,2142.0,nan,nan,nan,,nan,nan,nan,nan,nan,nan,nan,,,,nan,nan,nan,nan,nan,nan,nan,nan,nan,nan,nan,nan,,nan,nan,,,nan,nan,nan,nan,nan,nan,nan,nan,nan,nan,nan,nan,nan,nan,nan,nan,nan,nan,nan,nan,nan,nan,nan,nan,,nan,nan,nan,,nan,,,,
0.0,0.0,0.0,0.0,0.0,0.0,0.0,0.0,7.0,0.0,0.0,0.0,0.0,0.0,0.0,0.0,7.0,2135.0,0.0,0.0,0.0,0.0,0.0,0.0,0.0,9.0,0.0,0.0,0.0,0.0,0.0,0.0,0.0,2144.0,nan,nan,nan,,nan,nan,nan,nan,nan,nan,nan,,,,nan,nan,nan,nan,nan,nan,nan,nan,nan,nan,nan,nan,,nan,nan,,,nan,nan,nan,nan,nan,nan,nan,nan,nan,nan,nan,nan,nan,nan,nan,nan,nan,nan,nan,nan,nan,nan,nan,nan,,nan,nan,nan,,nan,,,,
0.0,0.0,0.0,0.0,0.0,0.0,0.0,0.0,7.0,0.0,0.0,0.0,0.0,0.0,0.0,0.0,7.0,2119.0,0.0,0.0,0.0,0.0,0.0,0.0,0.0,10.0,0.0,0.0,0.0,0.0,0.0,0.0,0.0,2129.0,nan,nan,nan,,nan,nan,nan,nan,nan,nan,nan,,,,nan,nan,nan,nan,nan,nan,nan,nan,nan,nan,nan,nan,,nan,nan,,,nan,nan,nan,nan,nan,nan,nan,nan,nan,nan,nan,nan,nan,nan,nan,nan,nan,nan,nan,nan,nan,nan,nan,nan,,nan,nan,nan,,nan,,,,
0.0,0.0,0.0,0.0,0.0,0.0,0.0,0.0,5.0,0.0,0.0,0.0,0.0,0.0,0.0,0.0,5.0,2085.0,0.0,0.0,0.0,0.0,0.0,0.0,0.0,10.0,0.0,0.0,0.0,0.0,0.0,0.0,0.0,2095.0,nan,nan,nan,,nan,nan,nan,nan,nan,nan,nan,,,,nan,nan,nan,nan,nan,nan,nan,nan,nan,nan,nan,nan,,nan,nan,,,nan,nan,nan,nan,nan,nan,nan,nan,nan,nan,nan,nan,nan,nan,nan,nan,nan,nan,nan,nan,nan,nan,nan,nan,,nan,nan,nan,,nan,,,,
0.0,0.0,0.0,0.0,0.0,0.0,0.0,0.0,5.0,0.0,0.0,0.0,0.0,0.0,0.0,0.0,5.0,2150.0,0.0,0.0,0.0,0.0,0.0,0.0,0.0,11.0,0.0,0.0,0.0,0.0,0.0,0.0,0.0,2161.0,nan,nan,nan,,nan,nan,nan,nan,nan,nan,nan,,,,nan,nan,nan,nan,nan,nan,nan,nan,nan,nan,nan,nan,,nan,nan,,,nan,nan,nan,nan,nan,nan,nan,nan,nan,nan,nan,nan,nan,nan,nan,nan,nan,nan,nan,nan,nan,nan,nan,nan,,nan,nan,nan,,nan,,,,
0.0,0.0,0.0,0.0,0.0,0.0,0.0,0.0,6.0,0.0,0.0,0.0,0.0,0.0,0.0,0.0,6.0,2147.0,0.0,0.0,0.0,0.0,0.0,0.0,0.0,14.0,0.0,0.0,0.0,0.0,0.0,0.0,0.0,2161.0,nan,nan,nan,,nan,nan,nan,nan,nan,nan,nan,,,,nan,nan,nan,nan,nan,nan,nan,nan,nan,nan,nan,nan,,nan,nan,,,nan,nan,nan,nan,nan,nan,nan,nan,nan,nan,nan,nan,nan,nan,nan,nan,nan,nan,nan,nan,nan,nan,nan,nan,,nan,nan,nan,,nan,,,,
0.0,0.0,0.0,0.0,0.0,0.0,0.0,0.0,5.0,0.0,0.0,0.0,0.0,0.0,0.0,0.0,5.0,2133.0,0.0,0.0,0.0,0.0,0.0,0.0,0.0,7.0,0.0,0.0,0.0,0.0,0.0,0.0,0.0,2140.0,nan,nan,nan,,nan,nan,nan,nan,nan,nan,nan,,,,nan,nan,nan,nan,nan,nan,nan,nan,nan,nan,nan,nan,,nan,nan,,,nan,nan,nan,nan,nan,nan,nan,nan,nan,nan,nan,nan,nan,nan,nan,nan,nan,nan,nan,nan,nan,nan,nan,nan,,nan,nan,nan,,nan,,,,
0.0,0.0,0.0,0.0,0.0,0.0,0.0,0.0,6.0,0.0,0.0,0.0,0.0,0.0,0.0,0.0,6.0,2091.0,0.0,0.0,0.0,0.0,0.0,0.0,0.0,21.0,0.0,0.0,0.0,0.0,0.0,0.0,0.0,2112.0,nan,nan,nan,,nan,nan,nan,nan,nan,nan,nan,,,,nan,nan,nan,nan,nan,nan,nan,nan,nan,nan,nan,nan,,nan,nan,,,nan,nan,nan,nan,nan,nan,nan,nan,nan,nan,nan,nan,nan,nan,nan,nan,nan,nan,nan,nan,nan,nan,nan,nan,,nan,nan,nan,,nan,,,,
0.0,0.0,0.0,0.0,0.0,0.0,0.0,0.0,5.0,0.0,0.0,0.0,0.0,0.0,0.0,0.0,5.0,2157.0,0.0,0.0,0.0,0.0,0.0,0.0,0.0,13.0,0.0,0.0,0.0,0.0,0.0,0.0,0.0,2170.0,nan,nan,nan,,nan,nan,nan,nan,nan,nan,nan,,,,nan,nan,nan,nan,nan,nan,nan,nan,nan,nan,nan,nan,,nan,nan,,,nan,nan,nan,nan,nan,nan,nan,nan,nan,nan,nan,nan,nan,nan,nan,nan,nan,nan,nan,nan,nan,nan,nan,nan,,nan,nan,nan,,nan,,,,
0.0,0.0,0.0,0.0,0.0,0.0,0.0,0.0,7.0,0.0,0.0,0.0,0.0,0.0,0.0,0.0,7.0,2157.0,0.0,0.0,0.0,0.0,0.0,0.0,0.0,16.0,0.0,0.0,0.0,0.0,0.0,0.0,0.0,2173.0,nan,nan,nan,,nan,nan,nan,nan,nan,nan,nan,,,,nan,nan,nan,nan,nan,nan,nan,nan,nan,nan,nan,nan,,nan,nan,,,nan,nan,nan,nan,nan,nan,nan,nan,nan,nan,nan,nan,nan,nan,nan,nan,nan,nan,nan,nan,nan,nan,nan,nan,,nan,nan,nan,,nan,,,,
0.0,0.0,0.0,0.0,0.0,0.0,0.0,0.0,7.0,0.0,0.0,0.0,0.0,0.0,0.0,0.0,7.0,2076.0,0.0,0.0,0.0,0.0,0.0,0.0,0.0,14.0,0.0,0.0,0.0,0.0,0.0,0.0,0.0,2090.0,nan,nan,nan,,nan,nan,nan,nan,nan,nan,nan,,,,nan,nan,nan,nan,nan,nan,nan,nan,nan,nan,nan,nan,,nan,nan,,,nan,nan,nan,nan,nan,nan,nan,nan,nan,nan,nan,nan,nan,nan,nan,nan,nan,nan,nan,nan,nan,nan,nan,nan,,nan,nan,nan,,nan,,,,
0.0,0.0,0.0,0.0,0.0,0.0,0.0,0.0,5.0,0.0,0.0,0.0,0.0,0.0,0.0,0.0,5.0,2134.0,0.0,0.0,0.0,0.0,0.0,0.0,0.0,14.0,0.0,0.0,0.0,0.0,0.0,0.0,0.0,2148.0,nan,nan,nan,,nan,nan,nan,nan,nan,nan,nan,,,,nan,nan,nan,nan,nan,nan,nan,nan,nan,nan,nan,nan,,nan,nan,,,nan,nan,nan,nan,nan,nan,nan,nan,nan,nan,nan,nan,nan,nan,nan,nan,nan,nan,nan,nan,nan,nan,nan,nan,,nan,nan,nan,,nan,,,,
0.0,0.0,0.0,0.0,0.0,0.0,0.0,0.0,7.0,0.0,0.0,0.0,0.0,0.0,0.0,0.0,7.0,2237.0,0.0,0.0,0.0,0.0,0.0,0.0,0.0,6.0,0.0,0.0,0.0,0.0,0.0,0.0,0.0,2243.0,nan,nan,nan,,nan,nan,nan,nan,nan,nan,nan,,,,nan,nan,nan,nan,nan,nan,nan,nan,nan,nan,nan,nan,,nan,nan,,,nan,nan,nan,nan,nan,nan,nan,nan,nan,nan,nan,nan,nan,nan,nan,nan,nan,nan,nan,nan,nan,nan,nan,nan,,nan,nan,nan,,nan,,,,
0.0,0.0,0.0,0.0,0.0,0.0,0.0,0.0,6.0,0.0,0.0,0.0,0.0,0.0,0.0,0.0,6.0,2180.0,0.0,0.0,0.0,0.0,0.0,0.0,0.0,10.0,0.0,0.0,0.0,0.0,0.0,0.0,0.0,2190.0,nan,nan,nan,,nan,nan,nan,nan,nan,nan,nan,,,,nan,nan,nan,nan,nan,nan,nan,nan,nan,nan,nan,nan,,nan,nan,,,nan,nan,nan,nan,nan,nan,nan,nan,nan,nan,nan,nan,nan,nan,nan,nan,nan,nan,nan,nan,nan,nan,nan,nan,,nan,nan,nan,,nan,,,,
0.0,0.0,0.0,0.0,0.0,0.0,0.0,0.0,3.0,0.0,0.0,0.0,0.0,0.0,0.0,0.0,3.0,2111.0,0.0,0.0,0.0,0.0,0.0,0.0,0.0,9.0,0.0,0.0,0.0,0.0,0.0,0.0,0.0,2120.0,nan,nan,nan,,nan,nan,nan,nan,nan,nan,nan,,,,nan,nan,nan,nan,nan,nan,nan,nan,nan,nan,nan,nan,,nan,nan,,,nan,nan,nan,nan,nan,nan,nan,nan,nan,nan,nan,nan,nan,nan,nan,nan,nan,nan,nan,nan,nan,nan,nan,nan,,nan,nan,nan,,nan,,,,
0.0,0.0,0.0,0.0,0.0,0.0,0.0,0.0,6.0,0.0,0.0,0.0,0.0,0.0,0.0,0.0,6.0,2099.0,0.0,0.0,0.0,0.0,0.0,0.0,0.0,12.0,0.0,0.0,0.0,0.0,0.0,0.0,0.0,2111.0,nan,nan,nan,,nan,nan,nan,nan,nan,nan,nan,,,,nan,nan,nan,nan,nan,nan,nan,nan,nan,nan,nan,nan,,nan,nan,,,nan,nan,nan,nan,nan,nan,nan,nan,nan,nan,nan,nan,nan,nan,nan,nan,nan,nan,nan,nan,nan,nan,nan,nan,,nan,nan,nan,,nan,,,,
0.0,0.0,0.0,0.0,0.0,0.0,0.0,0.0,5.0,0.0,0.0,0.0,0.0,0.0,0.0,0.0,5.0,2071.0,0.0,0.0,0.0,0.0,0.0,0.0,0.0,10.0,0.0,0.0,0.0,0.0,0.0,0.0,0.0,2081.0,nan,nan,nan,,nan,nan,nan,nan,nan,nan,nan,,,,nan,nan,nan,nan,nan,nan,nan,nan,nan,nan,nan,nan,,nan,nan,,,nan,nan,nan,nan,nan,nan,nan,nan,nan,nan,nan,nan,nan,nan,nan,nan,nan,nan,nan,nan,nan,nan,nan,nan,,nan,nan,nan,,nan,,,,
0.0,0.0,0.0,0.0,0.0,0.0,0.0,0.0,6.0,0.0,0.0,0.0,0.0,0.0,0.0,0.0,6.0,2243.0,0.0,0.0,0.0,0.0,0.0,0.0,0.0,11.0,0.0,0.0,0.0,0.0,0.0,0.0,0.0,2254.0,nan,nan,nan,,nan,nan,nan,nan,nan,nan,nan,,,,nan,nan,nan,nan,nan,nan,nan,nan,nan,nan,nan,nan,,nan,nan,,,nan,nan,nan,nan,nan,nan,nan,nan,nan,nan,nan,nan,nan,nan,nan,nan,nan,nan,nan,nan,nan,nan,nan,nan,,nan,nan,nan,,nan,,,,
0.0,0.0,0.0,0.0,0.0,0.0,0.0,0.0,4.0,0.0,0.0,0.0,0.0,0.0,0.0,0.0,4.0,2142.0,0.0,0.0,0.0,0.0,0.0,0.0,0.0,11.0,0.0,0.0,0.0,0.0,0.0,0.0,0.0,2153.0,nan,nan,nan,,nan,nan,nan,nan,nan,nan,nan,,,,nan,nan,nan,nan,nan,nan,nan,nan,nan,nan,nan,nan,,nan,nan,,,nan,nan,nan,nan,nan,nan,nan,nan,nan,nan,nan,nan,nan,nan,nan,nan,nan,nan,nan,nan,nan,nan,nan,nan,,nan,nan,nan,,nan,,,,
0.0,0.0,0.0,0.0,0.0,0.0,0.0,0.0,4.0,0.0,0.0,0.0,0.0,0.0,0.0,0.0,4.0,2041.0,0.0,0.0,0.0,0.0,0.0,0.0,0.0,9.0,0.0,0.0,0.0,0.0,0.0,0.0,0.0,2050.0,nan,nan,nan,,nan,nan,nan,nan,nan,nan,nan,,,,nan,nan,nan,nan,nan,nan,nan,nan,nan,nan,nan,nan,,nan,nan,,,nan,nan,nan,nan,nan,nan,nan,nan,nan,nan,nan,nan,nan,nan,nan,nan,nan,nan,nan,nan,nan,nan,nan,nan,,nan,nan,nan,,nan,,,,
0.0,0.0,0.0,0.0,0.0,0.0,0.0,0.0,6.0,0.0,0.0,0.0,0.0,0.0,0.0,0.0,6.0,2125.0,0.0,0.0,0.0,0.0,0.0,0.0,0.0,14.0,0.0,0.0,0.0,0.0,0.0,0.0,0.0,2139.0,nan,nan,nan,,nan,nan,nan,nan,nan,nan,nan,,,,nan,nan,nan,nan,nan,nan,nan,nan,nan,nan,nan,nan,,nan,nan,,,nan,nan,nan,nan,nan,nan,nan,nan,nan,nan,nan,nan,nan,nan,nan,nan,nan,nan,nan,nan,nan,nan,nan,nan,,nan,nan,nan,,nan,,,,
0.0,0.0,0.0,0.0,0.0,0.0,0.0,0.0,5.0,0.0,0.0,0.0,0.0,0.0,0.0,0.0,5.0,2132.0,0.0,0.0,0.0,0.0,0.0,0.0,0.0,14.0,0.0,0.0,0.0,0.0,0.0,0.0,0.0,2146.0,nan,nan,nan,,nan,nan,nan,nan,nan,nan,nan,,,,nan,nan,nan,nan,nan,nan,nan,nan,nan,nan,nan,nan,,nan,nan,,,nan,nan,nan,nan,nan,nan,nan,nan,nan,nan,nan,nan,nan,nan,nan,nan,nan,nan,nan,nan,nan,nan,nan,nan,,nan,nan,nan,,nan,,,,
0.0,0.0,0.0,0.0,0.0,0.0,0.0,0.0,8.0,0.0,0.0,0.0,0.0,0.0,0.0,0.0,8.0,2077.0,0.0,0.0,0.0,0.0,0.0,0.0,0.0,12.0,0.0,0.0,0.0,0.0,0.0,0.0,0.0,2089.0,nan,nan,nan,,nan,nan,nan,nan,nan,nan,nan,,,,nan,nan,nan,nan,nan,nan,nan,nan,nan,nan,nan,nan,,nan,nan,,,nan,nan,nan,nan,nan,nan,nan,nan,nan,nan,nan,nan,nan,nan,nan,nan,nan,nan,nan,nan,nan,nan,nan,nan,,nan,nan,nan,,nan,,,,
0.0,0.0,0.0,0.0,0.0,0.0,0.0,0.0,1.0,0.0,0.0,0.0,0.0,0.0,0.0,0.0,1.0,2117.0,0.0,0.0,0.0,0.0,0.0,0.0,0.0,15.0,0.0,0.0,0.0,0.0,0.0,0.0,0.0,2132.0,nan,nan,nan,,nan,nan,nan,nan,nan,nan,nan,,,,nan,nan,nan,nan,nan,nan,nan,nan,nan,nan,nan,nan,,nan,nan,,,nan,nan,nan,nan,nan,nan,nan,nan,nan,nan,nan,nan,nan,nan,nan,nan,nan,nan,nan,nan,nan,nan,nan,nan,,nan,nan,nan,,nan,,,,
0.0,0.0,0.0,0.0,0.0,0.0,0.0,0.0,7.0,0.0,0.0,0.0,0.0,0.0,0.0,0.0,7.0,2178.0,0.0,0.0,0.0,0.0,0.0,0.0,0.0,12.0,0.0,0.0,0.0,0.0,0.0,0.0,0.0,2190.0,nan,nan,nan,,nan,nan,nan,nan,nan,nan,nan,,,,nan,nan,nan,nan,nan,nan,nan,nan,nan,nan,nan,nan,,nan,nan,,,nan,nan,nan,nan,nan,nan,nan,nan,nan,nan,nan,nan,nan,nan,nan,nan,nan,nan,nan,nan,nan,nan,nan,nan,,nan,nan,nan,,nan,,,,
0.0,0.0,0.0,0.0,0.0,0.0,0.0,0.0,5.0,0.0,0.0,0.0,0.0,0.0,0.0,0.0,5.0,2112.0,0.0,0.0,0.0,0.0,0.0,0.0,0.0,12.0,0.0,0.0,0.0,0.0,0.0,0.0,0.0,2124.0,nan,nan,nan,,nan,nan,nan,nan,nan,nan,nan,,,,nan,nan,nan,nan,nan,nan,nan,nan,nan,nan,nan,nan,,nan,nan,,,nan,nan,nan,nan,nan,nan,nan,nan,nan,nan,nan,nan,nan,nan,nan,nan,nan,nan,nan,nan,nan,nan,nan,nan,,nan,nan,nan,,nan,,,,
0.0,0.0,0.0,0.0,0.0,0.0,0.0,0.0,4.0,0.0,0.0,0.0,0.0,0.0,0.0,0.0,4.0,2174.0,0.0,0.0,0.0,0.0,0.0,0.0,0.0,13.0,0.0,0.0,0.0,0.0,0.0,0.0,0.0,2187.0,nan,nan,nan,,nan,nan,nan,nan,nan,nan,nan,,,,nan,nan,nan,nan,nan,nan,nan,nan,nan,nan,nan,nan,,nan,nan,,,nan,nan,nan,nan,nan,nan,nan,nan,nan,nan,nan,nan,nan,nan,nan,nan,nan,nan,nan,nan,nan,nan,nan,nan,,nan,nan,nan,,nan,,,,
0.0,0.0,0.0,0.0,0.0,0.0,0.0,0.0,2.0,0.0,0.0,0.0,0.0,0.0,0.0,0.0,2.0,2170.0,0.0,0.0,0.0,0.0,0.0,0.0,0.0,11.0,0.0,0.0,0.0,0.0,0.0,0.0,0.0,2181.0,nan,nan,nan,,nan,nan,nan,nan,nan,nan,nan,,,,nan,nan,nan,nan,nan,nan,nan,nan,nan,nan,nan,nan,,nan,nan,,,nan,nan,nan,nan,nan,nan,nan,nan,nan,nan,nan,nan,nan,nan,nan,nan,nan,nan,nan,nan,nan,nan,nan,nan,,nan,nan,nan,,nan,,,,
0.0,0.0,0.0,0.0,0.0,0.0,0.0,0.0,4.0,0.0,0.0,0.0,0.0,0.0,0.0,0.0,4.0,2174.0,0.0,0.0,0.0,0.0,0.0,0.0,0.0,15.0,0.0,0.0,0.0,0.0,0.0,0.0,0.0,2189.0,nan,nan,nan,,nan,nan,nan,nan,nan,nan,nan,,,,nan,nan,nan,nan,nan,nan,nan,nan,nan,nan,nan,nan,,nan,nan,,,nan,nan,nan,nan,nan,nan,nan,nan,nan,nan,nan,nan,nan,nan,nan,nan,nan,nan,nan,nan,nan,nan,nan,nan,,nan,nan,nan,,nan,,,,
0.0,0.0,0.0,0.0,0.0,0.0,0.0,0.0,3.0,0.0,0.0,0.0,0.0,0.0,0.0,0.0,3.0,2198.0,0.0,0.0,0.0,0.0,0.0,0.0,0.0,13.0,0.0,0.0,0.0,0.0,0.0,0.0,0.0,2211.0,nan,nan,nan,,nan,nan,nan,nan,nan,nan,nan,,,,nan,nan,nan,nan,nan,nan,nan,nan,nan,nan,nan,nan,,nan,nan,,,nan,nan,nan,nan,nan,nan,nan,nan,nan,nan,nan,nan,nan,nan,nan,nan,nan,nan,nan,nan,nan,nan,nan,nan,,nan,nan,nan,,nan,,,,
0.0,0.0,0.0,0.0,0.0,0.0,0.0,0.0,2.0,0.0,0.0,0.0,0.0,0.0,0.0,0.0,2.0,2153.0,0.0,0.0,0.0,0.0,0.0,0.0,0.0,15.0,0.0,0.0,0.0,0.0,0.0,0.0,0.0,2168.0,nan,nan,nan,,nan,nan,nan,nan,nan,nan,nan,,,,nan,nan,nan,nan,nan,nan,nan,nan,nan,nan,nan,nan,,nan,nan,,,nan,nan,nan,nan,nan,nan,nan,nan,nan,nan,nan,nan,nan,nan,nan,nan,nan,nan,nan,nan,nan,nan,nan,nan,,nan,nan,nan,,nan,,,,
0.0,0.0,0.0,0.0,0.0,0.0,0.0,0.0,4.0,0.0,0.0,0.0,0.0,0.0,0.0,0.0,4.0,2192.0,0.0,0.0,0.0,0.0,0.0,0.0,0.0,16.0,0.0,0.0,0.0,0.0,0.0,0.0,0.0,2208.0,nan,nan,nan,,nan,nan,nan,nan,nan,nan,nan,,,,nan,nan,nan,nan,nan,nan,nan,nan,nan,nan,nan,nan,,nan,nan,,,nan,nan,nan,nan,nan,nan,nan,nan,nan,nan,nan,nan,nan,nan,nan,nan,nan,nan,nan,nan,nan,nan,nan,nan,,nan,nan,nan,,nan,,,,
0.0,0.0,0.0,0.0,0.0,0.0,0.0,0.0,3.0,0.0,0.0,0.0,0.0,0.0,0.0,0.0,3.0,2178.0,0.0,0.0,0.0,0.0,0.0,0.0,0.0,4.0,0.0,0.0,0.0,0.0,0.0,0.0,0.0,2182.0,nan,nan,nan,,nan,nan,nan,nan,nan,nan,nan,,,,nan,nan,nan,nan,nan,nan,nan,nan,nan,nan,nan,nan,,nan,nan,,,nan,nan,nan,nan,nan,nan,nan,nan,nan,nan,nan,nan,nan,nan,nan,nan,nan,nan,nan,nan,nan,nan,nan,nan,,nan,nan,nan,,nan,,,,
0.0,0.0,0.0,0.0,0.0,0.0,0.0,0.0,3.0,0.0,0.0,0.0,0.0,0.0,0.0,0.0,3.0,2134.0,0.0,0.0,0.0,0.0,0.0,0.0,0.0,13.0,0.0,0.0,0.0,0.0,0.0,0.0,0.0,2147.0,nan,nan,nan,,nan,nan,nan,nan,nan,nan,nan,,,,nan,nan,nan,nan,nan,nan,nan,nan,nan,nan,nan,nan,,nan,nan,,,nan,nan,nan,nan,nan,nan,nan,nan,nan,nan,nan,nan,nan,nan,nan,nan,nan,nan,nan,nan,nan,nan,nan,nan,,nan,nan,nan,,nan,,,,
0.0,0.0,0.0,0.0,0.0,0.0,0.0,0.0,4.0,0.0,0.0,0.0,0.0,0.0,0.0,0.0,4.0,2184.0,0.0,0.0,0.0,0.0,0.0,0.0,0.0,12.0,0.0,0.0,0.0,0.0,0.0,0.0,0.0,2196.0,nan,nan,nan,,nan,nan,nan,nan,nan,nan,nan,,,,nan,nan,nan,nan,nan,nan,nan,nan,nan,nan,nan,nan,,nan,nan,,,nan,nan,nan,nan,nan,nan,nan,nan,nan,nan,nan,nan,nan,nan,nan,nan,nan,nan,nan,nan,nan,nan,nan,nan,,nan,nan,nan,,nan,,,,
0.0,0.0,0.0,0.0,0.0,0.0,0.0,0.0,3.0,0.0,0.0,0.0,0.0,0.0,0.0,0.0,3.0,2151.0,0.0,0.0,0.0,0.0,0.0,0.0,0.0,8.0,0.0,0.0,0.0,0.0,0.0,0.0,0.0,2159.0,nan,nan,nan,,nan,nan,nan,nan,nan,nan,nan,,,,nan,nan,nan,nan,nan,nan,nan,nan,nan,nan,nan,nan,,nan,nan,,,nan,nan,nan,nan,nan,nan,nan,nan,nan,nan,nan,nan,nan,nan,nan,nan,nan,nan,nan,nan,nan,nan,nan,nan,,nan,nan,nan,,nan,,,,
0.0,0.0,0.0,0.0,0.0,0.0,0.0,0.0,5.0,0.0,0.0,0.0,0.0,0.0,0.0,0.0,5.0,2172.0,0.0,0.0,0.0,0.0,0.0,0.0,0.0,11.0,0.0,0.0,0.0,0.0,0.0,0.0,0.0,2183.0,nan,nan,nan,,nan,nan,nan,nan,nan,nan,nan,,,,nan,nan,nan,nan,nan,nan,nan,nan,nan,nan,nan,nan,,nan,nan,,,nan,nan,nan,nan,nan,nan,nan,nan,nan,nan,nan,nan,nan,nan,nan,nan,nan,nan,nan,nan,nan,nan,nan,nan,,nan,nan,nan,,nan,,,,
0.0,0.0,0.0,0.0,0.0,0.0,0.0,0.0,3.0,0.0,0.0,0.0,0.0,0.0,0.0,0.0,3.0,2148.0,0.0,0.0,0.0,0.0,0.0,0.0,0.0,4.0,0.0,0.0,0.0,0.0,0.0,0.0,0.0,2152.0,nan,nan,nan,,nan,nan,nan,nan,nan,nan,nan,,,,nan,nan,nan,nan,nan,nan,nan,nan,nan,nan,nan,nan,,nan,nan,,,nan,nan,nan,nan,nan,nan,nan,nan,nan,nan,nan,nan,nan,nan,nan,nan,nan,nan,nan,nan,nan,nan,nan,nan,,nan,nan,nan,,nan,,,,
0.0,0.0,0.0,0.0,0.0,0.0,0.0,0.0,4.0,0.0,0.0,0.0,0.0,0.0,0.0,0.0,4.0,2162.0,0.0,0.0,0.0,0.0,0.0,0.0,0.0,11.0,0.0,0.0,0.0,0.0,0.0,0.0,0.0,2173.0,nan,nan,nan,,nan,nan,nan,nan,nan,nan,nan,,,,nan,nan,nan,nan,nan,nan,nan,nan,nan,nan,nan,nan,,nan,nan,,,nan,nan,nan,nan,nan,nan,nan,nan,nan,nan,nan,nan,nan,nan,nan,nan,nan,nan,nan,nan,nan,nan,nan,nan,,nan,nan,nan,,nan,,,,
0.0,0.0,0.0,0.0,0.0,0.0,0.0,0.0,5.0,0.0,0.0,0.0,0.0,0.0,0.0,0.0,5.0,2181.0,0.0,0.0,0.0,0.0,0.0,0.0,0.0,10.0,0.0,0.0,0.0,0.0,0.0,0.0,0.0,2191.0,nan,nan,nan,,nan,nan,nan,nan,nan,nan,nan,,,,nan,nan,nan,nan,nan,nan,nan,nan,nan,nan,nan,nan,,nan,nan,,,nan,nan,nan,nan,nan,nan,nan,nan,nan,nan,nan,nan,nan,nan,nan,nan,nan,nan,nan,nan,nan,nan,nan,nan,,nan,nan,nan,,nan,,,,
0.0,0.0,0.0,0.0,0.0,0.0,0.0,0.0,7.0,0.0,0.0,0.0,0.0,0.0,0.0,0.0,7.0,2173.0,0.0,0.0,0.0,0.0,0.0,0.0,0.0,11.0,0.0,0.0,0.0,0.0,0.0,0.0,0.0,2184.0,nan,nan,nan,,nan,nan,nan,nan,nan,nan,nan,,,,nan,nan,nan,nan,nan,nan,nan,nan,nan,nan,nan,nan,,nan,nan,,,nan,nan,nan,nan,nan,nan,nan,nan,nan,nan,nan,nan,nan,nan,nan,nan,nan,nan,nan,nan,nan,nan,nan,nan,,nan,nan,nan,,nan,,,,
0.0,0.0,0.0,0.0,0.0,0.0,0.0,0.0,8.0,0.0,0.0,0.0,0.0,0.0,0.0,0.0,8.0,2182.0,0.0,0.0,0.0,0.0,0.0,0.0,0.0,13.0,0.0,0.0,0.0,0.0,0.0,0.0,0.0,2195.0,nan,nan,nan,,nan,nan,nan,nan,nan,nan,nan,,,,nan,nan,nan,nan,nan,nan,nan,nan,nan,nan,nan,nan,,nan,nan,,,nan,nan,nan,nan,nan,nan,nan,nan,nan,nan,nan,nan,nan,nan,nan,nan,nan,nan,nan,nan,nan,nan,nan,nan,,nan,nan,nan,,nan,,,,
0.0,0.0,0.0,0.0,0.0,0.0,0.0,0.0,7.0,0.0,0.0,0.0,0.0,0.0,0.0,0.0,7.0,2101.0,0.0,0.0,0.0,0.0,0.0,0.0,0.0,8.0,0.0,0.0,0.0,0.0,0.0,0.0,0.0,2109.0,nan,nan,nan,,nan,nan,nan,nan,nan,nan,nan,,,,nan,nan,nan,nan,nan,nan,nan,nan,nan,nan,nan,nan,,nan,nan,,,nan,nan,nan,nan,nan,nan,nan,nan,nan,nan,nan,nan,nan,nan,nan,nan,nan,nan,nan,nan,nan,nan,nan,nan,,nan,nan,nan,,nan,,,,
0.0,0.0,0.0,0.0,0.0,0.0,0.0,0.0,5.0,0.0,0.0,0.0,0.0,0.0,0.0,0.0,5.0,2154.0,0.0,0.0,0.0,0.0,0.0,0.0,0.0,16.0,0.0,0.0,0.0,0.0,0.0,0.0,0.0,2170.0,nan,nan,nan,,nan,nan,nan,nan,nan,nan,nan,,,,nan,nan,nan,nan,nan,nan,nan,nan,nan,nan,nan,nan,,nan,nan,,,nan,nan,nan,nan,nan,nan,nan,nan,nan,nan,nan,nan,nan,nan,nan,nan,nan,nan,nan,nan,nan,nan,nan,nan,,nan,nan,nan,,nan,,,,
0.0,0.0,0.0,0.0,0.0,0.0,0.0,0.0,1.0,0.0,0.0,0.0,0.0,0.0,0.0,0.0,1.0,2154.0,0.0,0.0,0.0,0.0,0.0,0.0,0.0,12.0,0.0,0.0,0.0,0.0,0.0,0.0,0.0,2166.0,nan,nan,nan,,nan,nan,nan,nan,nan,nan,nan,,,,nan,nan,nan,nan,nan,nan,nan,nan,nan,nan,nan,nan,,nan,nan,,,nan,nan,nan,nan,nan,nan,nan,nan,nan,nan,nan,nan,nan,nan,nan,nan,nan,nan,nan,nan,nan,nan,nan,nan,,nan,nan,nan,,nan,,,,
0.0,0.0,0.0,0.0,0.0,0.0,0.0,0.0,3.0,0.0,0.0,0.0,0.0,0.0,0.0,0.0,3.0,2087.0,0.0,0.0,0.0,0.0,0.0,0.0,0.0,8.0,0.0,0.0,0.0,0.0,0.0,0.0,0.0,2095.0,nan,nan,nan,,nan,nan,nan,nan,nan,nan,nan,,,,nan,nan,nan,nan,nan,nan,nan,nan,nan,nan,nan,nan,,nan,nan,,,nan,nan,nan,nan,nan,nan,nan,nan,nan,nan,nan,nan,nan,nan,nan,nan,nan,nan,nan,nan,nan,nan,nan,nan,,nan,nan,nan,,nan,,,,
0.0,0.0,0.0,0.0,0.0,0.0,0.0,0.0,8.0,0.0,0.0,0.0,0.0,0.0,0.0,0.0,8.0,2129.0,0.0,0.0,0.0,0.0,0.0,0.0,0.0,20.0,0.0,0.0,0.0,0.0,0.0,0.0,0.0,2149.0,nan,nan,nan,,nan,nan,nan,nan,nan,nan,nan,,,,nan,nan,nan,nan,nan,nan,nan,nan,nan,nan,nan,nan,,nan,nan,,,nan,nan,nan,nan,nan,nan,nan,nan,nan,nan,nan,nan,nan,nan,nan,nan,nan,nan,nan,nan,nan,nan,nan,nan,,nan,nan,nan,,nan,,,,
0.0,0.0,0.0,0.0,0.0,0.0,0.0,0.0,9.0,0.0,0.0,0.0,0.0,0.0,0.0,0.0,9.0,2155.0,0.0,0.0,0.0,0.0,0.0,0.0,0.0,7.0,0.0,0.0,0.0,0.0,0.0,0.0,0.0,2162.0,nan,nan,nan,,nan,nan,nan,nan,nan,nan,nan,,,,nan,nan,nan,nan,nan,nan,nan,nan,nan,nan,nan,nan,,nan,nan,,,nan,nan,nan,nan,nan,nan,nan,nan,nan,nan,nan,nan,nan,nan,nan,nan,nan,nan,nan,nan,nan,nan,nan,nan,,nan,nan,nan,,nan,,,,
0.0,0.0,0.0,0.0,0.0,0.0,0.0,0.0,8.0,0.0,0.0,0.0,0.0,0.0,0.0,0.0,8.0,2094.0,0.0,0.0,0.0,0.0,0.0,0.0,0.0,10.0,0.0,0.0,0.0,0.0,0.0,0.0,0.0,2104.0,nan,nan,nan,,nan,nan,nan,nan,nan,nan,nan,,,,nan,nan,nan,nan,nan,nan,nan,nan,nan,nan,nan,nan,,nan,nan,,,nan,nan,nan,nan,nan,nan,nan,nan,nan,nan,nan,nan,nan,nan,nan,nan,nan,nan,nan,nan,nan,nan,nan,nan,,nan,nan,nan,,nan,,,,
0.0,0.0,0.0,0.0,0.0,0.0,0.0,0.0,4.0,0.0,0.0,0.0,0.0,0.0,0.0,0.0,4.0,2144.0,0.0,0.0,0.0,0.0,0.0,0.0,0.0,16.0,0.0,0.0,0.0,0.0,0.0,0.0,0.0,2160.0,nan,nan,nan,,nan,nan,nan,nan,nan,nan,nan,,,,nan,nan,nan,nan,nan,nan,nan,nan,nan,nan,nan,nan,,nan,nan,,,nan,nan,nan,nan,nan,nan,nan,nan,nan,nan,nan,nan,nan,nan,nan,nan,nan,nan,nan,nan,nan,nan,nan,nan,,nan,nan,nan,,nan,,,,
0.0,0.0,0.0,0.0,0.0,0.0,0.0,0.0,10.0,0.0,0.0,0.0,0.0,0.0,0.0,0.0,10.0,2225.0,0.0,0.0,0.0,0.0,0.0,0.0,0.0,17.0,0.0,0.0,0.0,0.0,0.0,0.0,0.0,2242.0,nan,nan,nan,,nan,nan,nan,nan,nan,nan,nan,,,,nan,nan,nan,nan,nan,nan,nan,nan,nan,nan,nan,nan,,nan,nan,,,nan,nan,nan,nan,nan,nan,nan,nan,nan,nan,nan,nan,nan,nan,nan,nan,nan,nan,nan,nan,nan,nan,nan,nan,,nan,nan,nan,,nan,,,,
0.0,0.0,0.0,0.0,0.0,0.0,0.0,0.0,6.0,0.0,0.0,0.0,0.0,0.0,0.0,0.0,6.0,2051.0,0.0,0.0,0.0,0.0,0.0,0.0,0.0,18.0,0.0,0.0,0.0,0.0,0.0,0.0,0.0,2069.0,nan,nan,nan,,nan,nan,nan,nan,nan,nan,nan,,,,nan,nan,nan,nan,nan,nan,nan,nan,nan,nan,nan,nan,,nan,nan,,,nan,nan,nan,nan,nan,nan,nan,nan,nan,nan,nan,nan,nan,nan,nan,nan,nan,nan,nan,nan,nan,nan,nan,nan,,nan,nan,nan,,nan,,,,
0.0,0.0,0.0,0.0,0.0,0.0,0.0,0.0,6.0,0.0,0.0,0.0,0.0,0.0,0.0,0.0,6.0,2115.0,0.0,0.0,0.0,0.0,0.0,0.0,0.0,10.0,0.0,0.0,0.0,0.0,0.0,0.0,0.0,2125.0,nan,nan,nan,,nan,nan,nan,nan,nan,nan,nan,,,,nan,nan,nan,nan,nan,nan,nan,nan,nan,nan,nan,nan,,nan,nan,,,nan,nan,nan,nan,nan,nan,nan,nan,nan,nan,nan,nan,nan,nan,nan,nan,nan,nan,nan,nan,nan,nan,nan,nan,,nan,nan,nan,,nan,,,,
0.0,0.0,0.0,0.0,0.0,0.0,0.0,0.0,6.0,0.0,0.0,0.0,0.0,0.0,0.0,0.0,6.0,2146.0,0.0,0.0,0.0,0.0,0.0,0.0,0.0,8.0,0.0,0.0,0.0,0.0,0.0,0.0,0.0,2154.0,nan,nan,nan,,nan,nan,nan,nan,nan,nan,nan,,,,nan,nan,nan,nan,nan,nan,nan,nan,nan,nan,nan,nan,,nan,nan,,,nan,nan,nan,nan,nan,nan,nan,nan,nan,nan,nan,nan,nan,nan,nan,nan,nan,nan,nan,nan,nan,nan,nan,nan,,nan,nan,nan,,nan,,,,
0.0,0.0,0.0,0.0,0.0,0.0,0.0,0.0,7.0,0.0,0.0,0.0,0.0,0.0,0.0,0.0,7.0,2169.0,0.0,0.0,0.0,0.0,0.0,0.0,0.0,11.0,0.0,0.0,0.0,0.0,0.0,0.0,0.0,2180.0,nan,nan,nan,,nan,nan,nan,nan,nan,nan,nan,,,,nan,nan,nan,nan,nan,nan,nan,nan,nan,nan,nan,nan,,nan,nan,,,nan,nan,nan,nan,nan,nan,nan,nan,nan,nan,nan,nan,nan,nan,nan,nan,nan,nan,nan,nan,nan,nan,nan,nan,,nan,nan,nan,,nan,,,,
0.0,0.0,0.0,0.0,0.0,0.0,0.0,0.0,5.0,0.0,0.0,0.0,0.0,0.0,0.0,0.0,5.0,2144.0,0.0,0.0,0.0,0.0,0.0,0.0,0.0,15.0,0.0,0.0,0.0,0.0,0.0,0.0,0.0,2159.0,nan,nan,nan,,nan,nan,nan,nan,nan,nan,nan,,,,nan,nan,nan,nan,nan,nan,nan,nan,nan,nan,nan,nan,,nan,nan,,,nan,nan,nan,nan,nan,nan,nan,nan,nan,nan,nan,nan,nan,nan,nan,nan,nan,nan,nan,nan,nan,nan,nan,nan,,nan,nan,nan,,nan,,,,
0.0,0.0,0.0,0.0,0.0,0.0,0.0,0.0,4.0,0.0,0.0,0.0,0.0,0.0,0.0,0.0,4.0,2186.0,0.0,0.0,0.0,0.0,0.0,0.0,0.0,8.0,0.0,0.0,0.0,0.0,0.0,0.0,0.0,2194.0,nan,nan,nan,,nan,nan,nan,nan,nan,nan,nan,,,,nan,nan,nan,nan,nan,nan,nan,nan,nan,nan,nan,nan,,nan,nan,,,nan,nan,nan,nan,nan,nan,nan,nan,nan,nan,nan,nan,nan,nan,nan,nan,nan,nan,nan,nan,nan,nan,nan,nan,,nan,nan,nan,,nan,,,,
0.0,0.0,0.0,0.0,0.0,0.0,0.0,0.0,5.0,0.0,0.0,0.0,0.0,0.0,0.0,0.0,5.0,2163.0,0.0,0.0,0.0,0.0,0.0,0.0,0.0,10.0,0.0,0.0,0.0,0.0,0.0,0.0,0.0,2173.0,nan,nan,nan,,nan,nan,nan,nan,nan,nan,nan,,,,nan,nan,nan,nan,nan,nan,nan,nan,nan,nan,nan,nan,,nan,nan,,,nan,nan,nan,nan,nan,nan,nan,nan,nan,nan,nan,nan,nan,nan,nan,nan,nan,nan,nan,nan,nan,nan,nan,nan,,nan,nan,nan,,nan,,,,
0.0,0.0,0.0,0.0,0.0,0.0,0.0,0.0,5.0,0.0,0.0,0.0,0.0,0.0,0.0,0.0,5.0,2161.0,0.0,0.0,0.0,0.0,0.0,0.0,0.0,7.0,0.0,0.0,0.0,0.0,0.0,0.0,0.0,2168.0,nan,nan,nan,,nan,nan,nan,nan,nan,nan,nan,,,,nan,nan,nan,nan,nan,nan,nan,nan,nan,nan,nan,nan,,nan,nan,,,nan,nan,nan,nan,nan,nan,nan,nan,nan,nan,nan,nan,nan,nan,nan,nan,nan,nan,nan,nan,nan,nan,nan,nan,,nan,nan,nan,,nan,,,,
0.0,0.0,0.0,0.0,0.0,0.0,0.0,0.0,3.0,0.0,0.0,0.0,0.0,0.0,0.0,0.0,3.0,2182.0,0.0,0.0,0.0,0.0,0.0,0.0,0.0,10.0,0.0,0.0,0.0,0.0,0.0,0.0,0.0,2192.0,nan,nan,nan,,nan,nan,nan,nan,nan,nan,nan,,,,nan,nan,nan,nan,nan,nan,nan,nan,nan,nan,nan,nan,,nan,nan,,,nan,nan,nan,nan,nan,nan,nan,nan,nan,nan,nan,nan,nan,nan,nan,nan,nan,nan,nan,nan,nan,nan,nan,nan,,nan,nan,nan,,nan,,,,
0.0,0.0,0.0,0.0,0.0,0.0,0.0,0.0,3.0,0.0,0.0,0.0,0.0,0.0,0.0,0.0,3.0,2075.0,0.0,0.0,0.0,0.0,0.0,0.0,0.0,13.0,0.0,0.0,0.0,0.0,0.0,0.0,0.0,2088.0,nan,nan,nan,,nan,nan,nan,nan,nan,nan,nan,,,,nan,nan,nan,nan,nan,nan,nan,nan,nan,nan,nan,nan,,nan,nan,,,nan,nan,nan,nan,nan,nan,nan,nan,nan,nan,nan,nan,nan,nan,nan,nan,nan,nan,nan,nan,nan,nan,nan,nan,,nan,nan,nan,,nan,,,,
0.0,0.0,0.0,0.0,0.0,0.0,0.0,0.0,1.0,0.0,0.0,0.0,0.0,0.0,0.0,0.0,1.0,2062.0,0.0,0.0,0.0,0.0,0.0,0.0,0.0,13.0,0.0,0.0,0.0,0.0,0.0,0.0,0.0,2075.0,nan,nan,nan,,nan,nan,nan,nan,nan,nan,nan,,,,nan,nan,nan,nan,nan,nan,nan,nan,nan,nan,nan,nan,,nan,nan,,,nan,nan,nan,nan,nan,nan,nan,nan,nan,nan,nan,nan,nan,nan,nan,nan,nan,nan,nan,nan,nan,nan,nan,nan,,nan,nan,nan,,nan,,,,
0.0,0.0,0.0,0.0,0.0,0.0,0.0,0.0,7.0,0.0,0.0,0.0,0.0,0.0,0.0,0.0,7.0,2111.0,0.0,0.0,0.0,0.0,0.0,0.0,0.0,10.0,0.0,0.0,0.0,0.0,0.0,0.0,0.0,2121.0,nan,nan,nan,,nan,nan,nan,nan,nan,nan,nan,,,,nan,nan,nan,nan,nan,nan,nan,nan,nan,nan,nan,nan,,nan,nan,,,nan,nan,nan,nan,nan,nan,nan,nan,nan,nan,nan,nan,nan,nan,nan,nan,nan,nan,nan,nan,nan,nan,nan,nan,,nan,nan,nan,,nan,,,,
0.0,0.0,0.0,0.0,0.0,0.0,0.0,0.0,3.0,0.0,0.0,0.0,0.0,0.0,0.0,0.0,3.0,2089.0,0.0,0.0,0.0,0.0,0.0,0.0,0.0,18.0,0.0,0.0,0.0,0.0,0.0,0.0,0.0,2107.0,nan,nan,nan,,nan,nan,nan,nan,nan,nan,nan,,,,nan,nan,nan,nan,nan,nan,nan,nan,nan,nan,nan,nan,,nan,nan,,,nan,nan,nan,nan,nan,nan,nan,nan,nan,nan,nan,nan,nan,nan,nan,nan,nan,nan,nan,nan,nan,nan,nan,nan,,nan,nan,nan,,nan,,,,
0.0,0.0,0.0,0.0,0.0,0.0,0.0,0.0,2.0,0.0,0.0,0.0,0.0,0.0,0.0,0.0,2.0,2117.0,0.0,0.0,0.0,0.0,0.0,0.0,0.0,9.0,0.0,0.0,0.0,0.0,0.0,0.0,0.0,2126.0,nan,nan,nan,,nan,nan,nan,nan,nan,nan,nan,,,,nan,nan,nan,nan,nan,nan,nan,nan,nan,nan,nan,nan,,nan,nan,,,nan,nan,nan,nan,nan,nan,nan,nan,nan,nan,nan,nan,nan,nan,nan,nan,nan,nan,nan,nan,nan,nan,nan,nan,,nan,nan,nan,,nan,,,,
0.0,0.0,0.0,0.0,0.0,0.0,0.0,0.0,6.0,0.0,0.0,0.0,0.0,0.0,0.0,0.0,6.0,2182.0,0.0,0.0,0.0,0.0,0.0,0.0,0.0,5.0,0.0,0.0,0.0,0.0,0.0,0.0,0.0,2187.0,nan,nan,nan,,nan,nan,nan,nan,nan,nan,nan,,,,nan,nan,nan,nan,nan,nan,nan,nan,nan,nan,nan,nan,,nan,nan,,,nan,nan,nan,nan,nan,nan,nan,nan,nan,nan,nan,nan,nan,nan,nan,nan,nan,nan,nan,nan,nan,nan,nan,nan,,nan,nan,nan,,nan,,,,
0.0,0.0,0.0,0.0,0.0,0.0,0.0,0.0,10.0,0.0,0.0,0.0,0.0,0.0,0.0,0.0,10.0,2126.0,0.0,0.0,0.0,0.0,0.0,0.0,0.0,15.0,0.0,0.0,0.0,0.0,0.0,0.0,0.0,2141.0,nan,nan,nan,,nan,nan,nan,nan,nan,nan,nan,,,,nan,nan,nan,nan,nan,nan,nan,nan,nan,nan,nan,nan,,nan,nan,,,nan,nan,nan,nan,nan,nan,nan,nan,nan,nan,nan,nan,nan,nan,nan,nan,nan,nan,nan,nan,nan,nan,nan,nan,,nan,nan,nan,,nan,,,,
0.0,0.0,0.0,0.0,0.0,0.0,0.0,0.0,8.0,0.0,0.0,0.0,0.0,0.0,0.0,0.0,8.0,2243.0,0.0,0.0,0.0,0.0,0.0,0.0,0.0,9.0,0.0,0.0,0.0,0.0,0.0,0.0,0.0,2252.0,nan,nan,nan,,nan,nan,nan,nan,nan,nan,nan,,,,nan,nan,nan,nan,nan,nan,nan,nan,nan,nan,nan,nan,,nan,nan,,,nan,nan,nan,nan,nan,nan,nan,nan,nan,nan,nan,nan,nan,nan,nan,nan,nan,nan,nan,nan,nan,nan,nan,nan,,nan,nan,nan,,nan,,,,
0.0,0.0,0.0,0.0,0.0,0.0,0.0,0.0,5.0,0.0,0.0,0.0,0.0,0.0,0.0,0.0,5.0,2116.0,0.0,0.0,0.0,0.0,0.0,0.0,0.0,18.0,0.0,0.0,0.0,0.0,0.0,0.0,0.0,2134.0,nan,nan,nan,,nan,nan,nan,nan,nan,nan,nan,,,,nan,nan,nan,nan,nan,nan,nan,nan,nan,nan,nan,nan,,nan,nan,,,nan,nan,nan,nan,nan,nan,nan,nan,nan,nan,nan,nan,nan,nan,nan,nan,nan,nan,nan,nan,nan,nan,nan,nan,,nan,nan,nan,,nan,,,,
0.0,0.0,0.0,0.0,0.0,0.0,0.0,0.0,6.0,0.0,0.0,0.0,0.0,0.0,0.0,0.0,6.0,2104.0,0.0,0.0,0.0,0.0,0.0,0.0,0.0,12.0,0.0,0.0,0.0,0.0,0.0,0.0,0.0,2116.0,nan,nan,nan,,nan,nan,nan,nan,nan,nan,nan,,,,nan,nan,nan,nan,nan,nan,nan,nan,nan,nan,nan,nan,,nan,nan,,,nan,nan,nan,nan,nan,nan,nan,nan,nan,nan,nan,nan,nan,nan,nan,nan,nan,nan,nan,nan,nan,nan,nan,nan,,nan,nan,nan,,nan,,,,
0.0,0.0,0.0,0.0,0.0,0.0,0.0,0.0,4.0,0.0,0.0,0.0,0.0,0.0,0.0,0.0,4.0,2159.0,0.0,0.0,0.0,0.0,0.0,0.0,0.0,10.0,0.0,0.0,0.0,0.0,0.0,0.0,0.0,2169.0,nan,nan,nan,,nan,nan,nan,nan,nan,nan,nan,,,,nan,nan,nan,nan,nan,nan,nan,nan,nan,nan,nan,nan,,nan,nan,,,nan,nan,nan,nan,nan,nan,nan,nan,nan,nan,nan,nan,nan,nan,nan,nan,nan,nan,nan,nan,nan,nan,nan,nan,,nan,nan,nan,,nan,,,,
0.0,0.0,0.0,0.0,0.0,0.0,0.0,0.0,5.0,0.0,0.0,0.0,0.0,0.0,0.0,0.0,5.0,2108.0,0.0,0.0,0.0,0.0,0.0,0.0,0.0,11.0,0.0,0.0,0.0,0.0,0.0,0.0,0.0,2119.0,nan,nan,nan,,nan,nan,nan,nan,nan,nan,nan,,,,nan,nan,nan,nan,nan,nan,nan,nan,nan,nan,nan,nan,,nan,nan,,,nan,nan,nan,nan,nan,nan,nan,nan,nan,nan,nan,nan,nan,nan,nan,nan,nan,nan,nan,nan,nan,nan,nan,nan,,nan,nan,nan,,nan,,,,
0.0,0.0,0.0,0.0,0.0,0.0,0.0,0.0,8.0,0.0,0.0,0.0,0.0,0.0,0.0,0.0,8.0,2210.0,0.0,0.0,0.0,0.0,0.0,0.0,0.0,14.0,0.0,0.0,0.0,0.0,0.0,0.0,0.0,2224.0,nan,nan,nan,,nan,nan,nan,nan,nan,nan,nan,,,,nan,nan,nan,nan,nan,nan,nan,nan,nan,nan,nan,nan,,nan,nan,,,nan,nan,nan,nan,nan,nan,nan,nan,nan,nan,nan,nan,nan,nan,nan,nan,nan,nan,nan,nan,nan,nan,nan,nan,,nan,nan,nan,,nan,,,,
0.0,0.0,0.0,0.0,0.0,0.0,0.0,0.0,4.0,0.0,0.0,0.0,0.0,0.0,0.0,0.0,4.0,2165.0,0.0,0.0,0.0,0.0,0.0,0.0,0.0,14.0,0.0,0.0,0.0,0.0,0.0,0.0,0.0,2179.0,nan,nan,nan,,nan,nan,nan,nan,nan,nan,nan,,,,nan,nan,nan,nan,nan,nan,nan,nan,nan,nan,nan,nan,,nan,nan,,,nan,nan,nan,nan,nan,nan,nan,nan,nan,nan,nan,nan,nan,nan,nan,nan,nan,nan,nan,nan,nan,nan,nan,nan,,nan,nan,nan,,nan,,,,
0.0,0.0,0.0,0.0,0.0,0.0,0.0,0.0,3.0,0.0,0.0,0.0,0.0,0.0,0.0,0.0,3.0,2191.0,0.0,0.0,0.0,0.0,0.0,0.0,0.0,13.0,0.0,0.0,0.0,0.0,0.0,0.0,0.0,2204.0,nan,nan,nan,,nan,nan,nan,nan,nan,nan,nan,,,,nan,nan,nan,nan,nan,nan,nan,nan,nan,nan,nan,nan,,nan,nan,,,nan,nan,nan,nan,nan,nan,nan,nan,nan,nan,nan,nan,nan,nan,nan,nan,nan,nan,nan,nan,nan,nan,nan,nan,,nan,nan,nan,,nan,,,,
0.0,0.0,0.0,0.0,0.0,0.0,0.0,0.0,6.0,0.0,0.0,0.0,0.0,0.0,0.0,0.0,6.0,2156.0,0.0,0.0,0.0,0.0,0.0,0.0,0.0,13.0,0.0,0.0,0.0,0.0,0.0,0.0,0.0,2169.0,nan,nan,nan,,nan,nan,nan,nan,nan,nan,nan,,,,nan,nan,nan,nan,nan,nan,nan,nan,nan,nan,nan,nan,,nan,nan,,,nan,nan,nan,nan,nan,nan,nan,nan,nan,nan,nan,nan,nan,nan,nan,nan,nan,nan,nan,nan,nan,nan,nan,nan,,nan,nan,nan,,nan,,,,
0.0,0.0,0.0,0.0,0.0,0.0,0.0,0.0,0.0,0.0,0.0,0.0,0.0,0.0,0.0,0.0,0.0,2150.0,0.0,0.0,0.0,0.0,0.0,0.0,0.0,10.0,0.0,0.0,0.0,0.0,0.0,0.0,0.0,2160.0,nan,nan,nan,,nan,nan,nan,nan,nan,nan,nan,,,,nan,nan,nan,nan,nan,nan,nan,nan,nan,nan,nan,nan,,nan,nan,,,nan,nan,nan,nan,nan,nan,nan,nan,nan,nan,nan,nan,nan,nan,nan,nan,nan,nan,nan,nan,nan,nan,nan,nan,,nan,nan,nan,,nan,,,,
0.0,0.0,0.0,0.0,0.0,0.0,0.0,0.0,5.0,0.0,0.0,0.0,0.0,0.0,0.0,0.0,5.0,2133.0,0.0,0.0,0.0,0.0,0.0,0.0,0.0,15.0,0.0,0.0,0.0,0.0,0.0,0.0,0.0,2148.0,nan,nan,nan,,nan,nan,nan,nan,nan,nan,nan,,,,nan,nan,nan,nan,nan,nan,nan,nan,nan,nan,nan,nan,,nan,nan,,,nan,nan,nan,nan,nan,nan,nan,nan,nan,nan,nan,nan,nan,nan,nan,nan,nan,nan,nan,nan,nan,nan,nan,nan,,nan,nan,nan,,nan,,,,
0.0,0.0,0.0,0.0,0.0,0.0,0.0,0.0,2.0,0.0,0.0,0.0,0.0,0.0,0.0,0.0,2.0,2148.0,0.0,0.0,0.0,0.0,0.0,0.0,0.0,11.0,0.0,0.0,0.0,0.0,0.0,0.0,0.0,2159.0,nan,nan,nan,,nan,nan,nan,nan,nan,nan,nan,,,,nan,nan,nan,nan,nan,nan,nan,nan,nan,nan,nan,nan,,nan,nan,,,nan,nan,nan,nan,nan,nan,nan,nan,nan,nan,nan,nan,nan,nan,nan,nan,nan,nan,nan,nan,nan,nan,nan,nan,,nan,nan,nan,,nan,,,,
0.0,0.0,0.0,0.0,0.0,0.0,0.0,0.0,3.0,0.0,0.0,0.0,0.0,0.0,0.0,0.0,3.0,2167.0,0.0,0.0,0.0,0.0,0.0,0.0,0.0,11.0,0.0,0.0,0.0,0.0,0.0,0.0,0.0,2178.0,nan,nan,nan,,nan,nan,nan,nan,nan,nan,nan,,,,nan,nan,nan,nan,nan,nan,nan,nan,nan,nan,nan,nan,,nan,nan,,,nan,nan,nan,nan,nan,nan,nan,nan,nan,nan,nan,nan,nan,nan,nan,nan,nan,nan,nan,nan,nan,nan,nan,nan,,nan,nan,nan,,nan,,,,
0.0,0.0,0.0,0.0,0.0,0.0,0.0,0.0,3.0,0.0,0.0,0.0,0.0,0.0,0.0,0.0,3.0,2046.0,0.0,0.0,0.0,0.0,0.0,0.0,0.0,7.0,0.0,0.0,0.0,0.0,0.0,0.0,0.0,2053.0,nan,nan,nan,,nan,nan,nan,nan,nan,nan,nan,,,,nan,nan,nan,nan,nan,nan,nan,nan,nan,nan,nan,nan,,nan,nan,,,nan,nan,nan,nan,nan,nan,nan,nan,nan,nan,nan,nan,nan,nan,nan,nan,nan,nan,nan,nan,nan,nan,nan,nan,,nan,nan,nan,,nan,,,,
0.0,0.0,0.0,0.0,0.0,0.0,0.0,0.0,3.0,0.0,0.0,0.0,0.0,0.0,0.0,0.0,3.0,2185.0,0.0,0.0,0.0,0.0,0.0,0.0,0.0,8.0,0.0,0.0,0.0,0.0,0.0,0.0,0.0,2193.0,nan,nan,nan,,nan,nan,nan,nan,nan,nan,nan,,,,nan,nan,nan,nan,nan,nan,nan,nan,nan,nan,nan,nan,,nan,nan,,,nan,nan,nan,nan,nan,nan,nan,nan,nan,nan,nan,nan,nan,nan,nan,nan,nan,nan,nan,nan,nan,nan,nan,nan,,nan,nan,nan,,nan,,,,
0.0,0.0,0.0,0.0,0.0,0.0,0.0,0.0,5.0,0.0,0.0,0.0,0.0,0.0,0.0,0.0,5.0,2163.0,0.0,0.0,0.0,0.0,0.0,0.0,0.0,9.0,0.0,0.0,0.0,0.0,0.0,0.0,0.0,2172.0,nan,nan,nan,,nan,nan,nan,nan,nan,nan,nan,,,,nan,nan,nan,nan,nan,nan,nan,nan,nan,nan,nan,nan,,nan,nan,,,nan,nan,nan,nan,nan,nan,nan,nan,nan,nan,nan,nan,nan,nan,nan,nan,nan,nan,nan,nan,nan,nan,nan,nan,,nan,nan,nan,,nan,,,,
0.0,0.0,0.0,0.0,0.0,0.0,0.0,0.0,3.0,0.0,0.0,0.0,0.0,0.0,0.0,0.0,3.0,2186.0,0.0,0.0,0.0,0.0,0.0,0.0,0.0,13.0,0.0,0.0,0.0,0.0,0.0,0.0,0.0,2199.0,nan,nan,nan,,nan,nan,nan,nan,nan,nan,nan,,,,nan,nan,nan,nan,nan,nan,nan,nan,nan,nan,nan,nan,,nan,nan,,,nan,nan,nan,nan,nan,nan,nan,nan,nan,nan,nan,nan,nan,nan,nan,nan,nan,nan,nan,nan,nan,nan,nan,nan,,nan,nan,nan,,nan,,,,
0.0,0.0,0.0,0.0,0.0,0.0,0.0,0.0,4.0,0.0,0.0,0.0,0.0,0.0,0.0,0.0,4.0,2122.0,0.0,0.0,0.0,0.0,0.0,0.0,0.0,12.0,0.0,0.0,0.0,0.0,0.0,0.0,0.0,2134.0,nan,nan,nan,,nan,nan,nan,nan,nan,nan,nan,,,,nan,nan,nan,nan,nan,nan,nan,nan,nan,nan,nan,nan,,nan,nan,,,nan,nan,nan,nan,nan,nan,nan,nan,nan,nan,nan,nan,nan,nan,nan,nan,nan,nan,nan,nan,nan,nan,nan,nan,,nan,nan,nan,,nan,,,,
0.0,0.0,0.0,0.0,0.0,0.0,0.0,0.0,5.0,0.0,0.0,0.0,0.0,0.0,0.0,0.0,5.0,2105.0,0.0,0.0,0.0,0.0,0.0,0.0,0.0,15.0,0.0,0.0,0.0,0.0,0.0,0.0,0.0,2120.0,nan,nan,nan,,nan,nan,nan,nan,nan,nan,nan,,,,nan,nan,nan,nan,nan,nan,nan,nan,nan,nan,nan,nan,,nan,nan,,,nan,nan,nan,nan,nan,nan,nan,nan,nan,nan,nan,nan,nan,nan,nan,nan,nan,nan,nan,nan,nan,nan,nan,nan,,nan,nan,nan,,nan,,,,
0.0,0.0,0.0,0.0,0.0,0.0,0.0,0.0,2.0,0.0,0.0,0.0,0.0,0.0,0.0,0.0,2.0,2166.0,0.0,0.0,0.0,0.0,0.0,0.0,0.0,17.0,0.0,0.0,0.0,0.0,0.0,0.0,0.0,2183.0,nan,nan,nan,,nan,nan,nan,nan,nan,nan,nan,,,,nan,nan,nan,nan,nan,nan,nan,nan,nan,nan,nan,nan,,nan,nan,,,nan,nan,nan,nan,nan,nan,nan,nan,nan,nan,nan,nan,nan,nan,nan,nan,nan,nan,nan,nan,nan,nan,nan,nan,,nan,nan,nan,,nan,,,,
0.0,0.0,0.0,0.0,0.0,0.0,0.0,0.0,7.0,0.0,0.0,0.0,0.0,0.0,0.0,0.0,7.0,2080.0,0.0,0.0,0.0,0.0,0.0,0.0,0.0,13.0,0.0,0.0,0.0,0.0,0.0,0.0,0.0,2093.0,nan,nan,nan,,nan,nan,nan,nan,nan,nan,nan,,,,nan,nan,nan,nan,nan,nan,nan,nan,nan,nan,nan,nan,,nan,nan,,,nan,nan,nan,nan,nan,nan,nan,nan,nan,nan,nan,nan,nan,nan,nan,nan,nan,nan,nan,nan,nan,nan,nan,nan,,nan,nan,nan,,nan,,,,
0.0,0.0,0.0,0.0,0.0,0.0,0.0,0.0,5.0,0.0,0.0,0.0,0.0,0.0,0.0,0.0,5.0,2228.0,0.0,0.0,0.0,0.0,0.0,0.0,0.0,13.0,0.0,0.0,0.0,0.0,0.0,0.0,0.0,2241.0,nan,nan,nan,,nan,nan,nan,nan,nan,nan,nan,,,,nan,nan,nan,nan,nan,nan,nan,nan,nan,nan,nan,nan,,nan,nan,,,nan,nan,nan,nan,nan,nan,nan,nan,nan,nan,nan,nan,nan,nan,nan,nan,nan,nan,nan,nan,nan,nan,nan,nan,,nan,nan,nan,,nan,,,,
0.0,0.0,0.0,0.0,0.0,0.0,0.0,0.0,4.0,0.0,0.0,0.0,0.0,0.0,0.0,0.0,4.0,2098.0,0.0,0.0,0.0,0.0,0.0,0.0,0.0,22.0,0.0,0.0,0.0,0.0,0.0,0.0,0.0,2120.0,nan,nan,nan,,nan,nan,nan,nan,nan,nan,nan,,,,nan,nan,nan,nan,nan,nan,nan,nan,nan,nan,nan,nan,,nan,nan,,,nan,nan,nan,nan,nan,nan,nan,nan,nan,nan,nan,nan,nan,nan,nan,nan,nan,nan,nan,nan,nan,nan,nan,nan,,nan,nan,nan,,nan,,,,
0.0,0.0,0.0,0.0,0.0,0.0,0.0,0.0,5.0,0.0,0.0,0.0,0.0,0.0,0.0,0.0,5.0,2104.0,0.0,0.0,0.0,0.0,0.0,0.0,0.0,11.0,0.0,0.0,0.0,0.0,0.0,0.0,0.0,2115.0,nan,nan,nan,,nan,nan,nan,nan,nan,nan,nan,,,,nan,nan,nan,nan,nan,nan,nan,nan,nan,nan,nan,nan,,nan,nan,,,nan,nan,nan,nan,nan,nan,nan,nan,nan,nan,nan,nan,nan,nan,nan,nan,nan,nan,nan,nan,nan,nan,nan,nan,,nan,nan,nan,,nan,,,,
0.0,0.0,0.0,0.0,0.0,0.0,0.0,0.0,5.0,0.0,0.0,0.0,0.0,0.0,0.0,0.0,5.0,2129.0,0.0,0.0,0.0,0.0,0.0,0.0,0.0,13.0,0.0,0.0,0.0,0.0,0.0,0.0,0.0,2142.0,nan,nan,nan,,nan,nan,nan,nan,nan,nan,nan,,,,nan,nan,nan,nan,nan,nan,nan,nan,nan,nan,nan,nan,,nan,nan,,,nan,nan,nan,nan,nan,nan,nan,nan,nan,nan,nan,nan,nan,nan,nan,nan,nan,nan,nan,nan,nan,nan,nan,nan,,nan,nan,nan,,nan,,,,
0.0,0.0,0.0,0.0,0.0,0.0,0.0,0.0,7.0,0.0,0.0,0.0,0.0,0.0,0.0,0.0,7.0,2111.0,0.0,0.0,0.0,0.0,0.0,0.0,0.0,12.0,0.0,0.0,0.0,0.0,0.0,0.0,0.0,2123.0,nan,nan,nan,,nan,nan,nan,nan,nan,nan,nan,,,,nan,nan,nan,nan,nan,nan,nan,nan,nan,nan,nan,nan,,nan,nan,,,nan,nan,nan,nan,nan,nan,nan,nan,nan,nan,nan,nan,nan,nan,nan,nan,nan,nan,nan,nan,nan,nan,nan,nan,,nan,nan,nan,,nan,,,,
0.0,0.0,0.0,0.0,0.0,0.0,0.0,0.0,1.0,0.0,0.0,0.0,0.0,0.0,0.0,0.0,1.0,2105.0,0.0,0.0,0.0,0.0,0.0,0.0,0.0,14.0,0.0,0.0,0.0,0.0,0.0,0.0,0.0,2119.0,nan,nan,nan,,nan,nan,nan,nan,nan,nan,nan,,,,nan,nan,nan,nan,nan,nan,nan,nan,nan,nan,nan,nan,,nan,nan,,,nan,nan,nan,nan,nan,nan,nan,nan,nan,nan,nan,nan,nan,nan,nan,nan,nan,nan,nan,nan,nan,nan,nan,nan,,nan,nan,nan,,nan,,,,
0.0,0.0,0.0,0.0,0.0,0.0,0.0,0.0,2.0,0.0,0.0,0.0,0.0,0.0,0.0,0.0,2.0,2209.0,0.0,0.0,0.0,0.0,0.0,0.0,0.0,13.0,0.0,0.0,0.0,0.0,0.0,0.0,0.0,2222.0,nan,nan,nan,,nan,nan,nan,nan,nan,nan,nan,,,,nan,nan,nan,nan,nan,nan,nan,nan,nan,nan,nan,nan,,nan,nan,,,nan,nan,nan,nan,nan,nan,nan,nan,nan,nan,nan,nan,nan,nan,nan,nan,nan,nan,nan,nan,nan,nan,nan,nan,,nan,nan,nan,,nan,,,,
0.0,0.0,0.0,0.0,0.0,0.0,0.0,0.0,5.0,0.0,0.0,0.0,0.0,0.0,0.0,0.0,5.0,2183.0,0.0,0.0,0.0,0.0,0.0,0.0,0.0,11.0,0.0,0.0,0.0,0.0,0.0,0.0,0.0,2194.0,nan,nan,nan,,nan,nan,nan,nan,nan,nan,nan,,,,nan,nan,nan,nan,nan,nan,nan,nan,nan,nan,nan,nan,,nan,nan,,,nan,nan,nan,nan,nan,nan,nan,nan,nan,nan,nan,nan,nan,nan,nan,nan,nan,nan,nan,nan,nan,nan,nan,nan,,nan,nan,nan,,nan,,,,
0.0,0.0,0.0,0.0,0.0,0.0,0.0,0.0,5.0,0.0,0.0,0.0,0.0,0.0,0.0,0.0,5.0,2228.0,0.0,0.0,0.0,0.0,0.0,0.0,0.0,14.0,0.0,0.0,0.0,0.0,0.0,0.0,0.0,2242.0,nan,nan,nan,,nan,nan,nan,nan,nan,nan,nan,,,,nan,nan,nan,nan,nan,nan,nan,nan,nan,nan,nan,nan,,nan,nan,,,nan,nan,nan,nan,nan,nan,nan,nan,nan,nan,nan,nan,nan,nan,nan,nan,nan,nan,nan,nan,nan,nan,nan,nan,,nan,nan,nan,,nan,,,,
0.0,0.0,0.0,0.0,0.0,0.0,0.0,0.0,7.0,0.0,0.0,0.0,0.0,0.0,0.0,0.0,7.0,2084.0,0.0,0.0,0.0,0.0,0.0,0.0,0.0,9.0,0.0,0.0,0.0,0.0,0.0,0.0,0.0,2093.0,nan,nan,nan,,nan,nan,nan,nan,nan,nan,nan,,,,nan,nan,nan,nan,nan,nan,nan,nan,nan,nan,nan,nan,,nan,nan,,,nan,nan,nan,nan,nan,nan,nan,nan,nan,nan,nan,nan,nan,nan,nan,nan,nan,nan,nan,nan,nan,nan,nan,nan,,nan,nan,nan,,nan,,,,
0.0,0.0,0.0,0.0,0.0,0.0,0.0,0.0,6.0,0.0,0.0,0.0,0.0,0.0,0.0,0.0,6.0,2101.0,0.0,0.0,0.0,0.0,0.0,0.0,0.0,14.0,0.0,0.0,0.0,0.0,0.0,0.0,0.0,2115.0,nan,nan,nan,,nan,nan,nan,nan,nan,nan,nan,,,,nan,nan,nan,nan,nan,nan,nan,nan,nan,nan,nan,nan,,nan,nan,,,nan,nan,nan,nan,nan,nan,nan,nan,nan,nan,nan,nan,nan,nan,nan,nan,nan,nan,nan,nan,nan,nan,nan,nan,,nan,nan,nan,,nan,,,,
0.0,0.0,0.0,0.0,0.0,0.0,0.0,0.0,4.0,0.0,0.0,0.0,0.0,0.0,0.0,0.0,4.0,2194.0,0.0,0.0,0.0,0.0,0.0,0.0,0.0,12.0,0.0,0.0,0.0,0.0,0.0,0.0,0.0,2206.0,nan,nan,nan,,nan,nan,nan,nan,nan,nan,nan,,,,nan,nan,nan,nan,nan,nan,nan,nan,nan,nan,nan,nan,,nan,nan,,,nan,nan,nan,nan,nan,nan,nan,nan,nan,nan,nan,nan,nan,nan,nan,nan,nan,nan,nan,nan,nan,nan,nan,nan,,nan,nan,nan,,nan,,,,
0.0,0.0,0.0,0.0,0.0,0.0,0.0,0.0,1.0,0.0,0.0,0.0,0.0,0.0,0.0,0.0,1.0,2141.0,0.0,0.0,0.0,0.0,0.0,0.0,0.0,10.0,0.0,0.0,0.0,0.0,0.0,0.0,0.0,2151.0,nan,nan,nan,,nan,nan,nan,nan,nan,nan,nan,,,,nan,nan,nan,nan,nan,nan,nan,nan,nan,nan,nan,nan,,nan,nan,,,nan,nan,nan,nan,nan,nan,nan,nan,nan,nan,nan,nan,nan,nan,nan,nan,nan,nan,nan,nan,nan,nan,nan,nan,,nan,nan,nan,,nan,,,,
0.0,0.0,0.0,0.0,0.0,0.0,0.0,0.0,6.0,0.0,0.0,0.0,0.0,0.0,0.0,0.0,6.0,2149.0,0.0,0.0,0.0,0.0,0.0,0.0,0.0,11.0,0.0,0.0,0.0,0.0,0.0,0.0,0.0,2160.0,nan,nan,nan,,nan,nan,nan,nan,nan,nan,nan,,,,nan,nan,nan,nan,nan,nan,nan,nan,nan,nan,nan,nan,,nan,nan,,,nan,nan,nan,nan,nan,nan,nan,nan,nan,nan,nan,nan,nan,nan,nan,nan,nan,nan,nan,nan,nan,nan,nan,nan,,nan,nan,nan,,nan,,,,
0.0,0.0,0.0,0.0,0.0,0.0,0.0,0.0,4.0,0.0,0.0,0.0,0.0,0.0,0.0,0.0,4.0,2160.0,0.0,0.0,0.0,0.0,0.0,0.0,0.0,9.0,0.0,0.0,0.0,0.0,0.0,0.0,0.0,2169.0,nan,nan,nan,,nan,nan,nan,nan,nan,nan,nan,,,,nan,nan,nan,nan,nan,nan,nan,nan,nan,nan,nan,nan,,nan,nan,,,nan,nan,nan,nan,nan,nan,nan,nan,nan,nan,nan,nan,nan,nan,nan,nan,nan,nan,nan,nan,nan,nan,nan,nan,,nan,nan,nan,,nan,,,,
0.0,0.0,0.0,0.0,0.0,0.0,0.0,0.0,3.0,0.0,0.0,0.0,0.0,0.0,0.0,0.0,3.0,2154.0,0.0,0.0,0.0,0.0,0.0,0.0,0.0,10.0,0.0,0.0,0.0,0.0,0.0,0.0,0.0,2164.0,nan,nan,nan,,nan,nan,nan,nan,nan,nan,nan,,,,nan,nan,nan,nan,nan,nan,nan,nan,nan,nan,nan,nan,,nan,nan,,,nan,nan,nan,nan,nan,nan,nan,nan,nan,nan,nan,nan,nan,nan,nan,nan,nan,nan,nan,nan,nan,nan,nan,nan,,nan,nan,nan,,nan,,,,
0.0,0.0,0.0,0.0,0.0,0.0,0.0,0.0,6.0,0.0,0.0,0.0,0.0,0.0,0.0,0.0,6.0,2101.0,0.0,0.0,0.0,0.0,0.0,0.0,0.0,9.0,0.0,0.0,0.0,0.0,0.0,0.0,0.0,2110.0,nan,nan,nan,,nan,nan,nan,nan,nan,nan,nan,,,,nan,nan,nan,nan,nan,nan,nan,nan,nan,nan,nan,nan,,nan,nan,,,nan,nan,nan,nan,nan,nan,nan,nan,nan,nan,nan,nan,nan,nan,nan,nan,nan,nan,nan,nan,nan,nan,nan,nan,,nan,nan,nan,,nan,,,,
0.0,0.0,0.0,0.0,0.0,0.0,0.0,0.0,1.0,0.0,0.0,0.0,0.0,0.0,0.0,0.0,1.0,2113.0,0.0,0.0,0.0,0.0,0.0,0.0,0.0,11.0,0.0,0.0,0.0,0.0,0.0,0.0,0.0,2124.0,nan,nan,nan,,nan,nan,nan,nan,nan,nan,nan,,,,nan,nan,nan,nan,nan,nan,nan,nan,nan,nan,nan,nan,,nan,nan,,,nan,nan,nan,nan,nan,nan,nan,nan,nan,nan,nan,nan,nan,nan,nan,nan,nan,nan,nan,nan,nan,nan,nan,nan,,nan,nan,nan,,nan,,,,
0.0,0.0,0.0,0.0,0.0,0.0,0.0,0.0,1.0,0.0,0.0,0.0,0.0,0.0,0.0,0.0,1.0,2092.0,0.0,0.0,0.0,0.0,0.0,0.0,0.0,17.0,0.0,0.0,0.0,0.0,0.0,0.0,0.0,2109.0,nan,nan,nan,,nan,nan,nan,nan,nan,nan,nan,,,,nan,nan,nan,nan,nan,nan,nan,nan,nan,nan,nan,nan,,nan,nan,,,nan,nan,nan,nan,nan,nan,nan,nan,nan,nan,nan,nan,nan,nan,nan,nan,nan,nan,nan,nan,nan,nan,nan,nan,,nan,nan,nan,,nan,,,,
0.0,0.0,0.0,0.0,0.0,0.0,0.0,0.0,3.0,0.0,0.0,0.0,0.0,0.0,0.0,0.0,3.0,2126.0,0.0,0.0,0.0,0.0,0.0,0.0,0.0,8.0,0.0,0.0,0.0,0.0,0.0,0.0,0.0,2134.0,nan,nan,nan,,nan,nan,nan,nan,nan,nan,nan,,,,nan,nan,nan,nan,nan,nan,nan,nan,nan,nan,nan,nan,,nan,nan,,,nan,nan,nan,nan,nan,nan,nan,nan,nan,nan,nan,nan,nan,nan,nan,nan,nan,nan,nan,nan,nan,nan,nan,nan,,nan,nan,nan,,nan,,,,
0.0,0.0,0.0,0.0,0.0,0.0,0.0,0.0,4.0,0.0,0.0,0.0,0.0,0.0,0.0,0.0,4.0,2112.0,0.0,0.0,0.0,0.0,0.0,0.0,0.0,8.0,0.0,0.0,0.0,0.0,0.0,0.0,0.0,2120.0,nan,nan,nan,,nan,nan,nan,nan,nan,nan,nan,,,,nan,nan,nan,nan,nan,nan,nan,nan,nan,nan,nan,nan,,nan,nan,,,nan,nan,nan,nan,nan,nan,nan,nan,nan,nan,nan,nan,nan,nan,nan,nan,nan,nan,nan,nan,nan,nan,nan,nan,,nan,nan,nan,,nan,,,,
0.0,0.0,0.0,0.0,0.0,0.0,0.0,0.0,8.0,0.0,0.0,0.0,0.0,0.0,0.0,0.0,8.0,2099.0,0.0,0.0,0.0,0.0,0.0,0.0,0.0,7.0,0.0,0.0,0.0,0.0,0.0,0.0,0.0,2106.0,nan,nan,nan,,nan,nan,nan,nan,nan,nan,nan,,,,nan,nan,nan,nan,nan,nan,nan,nan,nan,nan,nan,nan,,nan,nan,,,nan,nan,nan,nan,nan,nan,nan,nan,nan,nan,nan,nan,nan,nan,nan,nan,nan,nan,nan,nan,nan,nan,nan,nan,,nan,nan,nan,,nan,,,,
0.0,0.0,0.0,0.0,0.0,0.0,0.0,0.0,6.0,0.0,0.0,0.0,0.0,0.0,0.0,0.0,6.0,2102.0,0.0,0.0,0.0,0.0,0.0,0.0,0.0,14.0,0.0,0.0,0.0,0.0,0.0,0.0,0.0,2116.0,nan,nan,nan,,nan,nan,nan,nan,nan,nan,nan,,,,nan,nan,nan,nan,nan,nan,nan,nan,nan,nan,nan,nan,,nan,nan,,,nan,nan,nan,nan,nan,nan,nan,nan,nan,nan,nan,nan,nan,nan,nan,nan,nan,nan,nan,nan,nan,nan,nan,nan,,nan,nan,nan,,nan,,,,
0.0,0.0,0.0,0.0,0.0,0.0,0.0,0.0,5.0,0.0,0.0,0.0,0.0,0.0,0.0,0.0,5.0,2123.0,0.0,0.0,0.0,0.0,0.0,0.0,0.0,13.0,0.0,0.0,0.0,0.0,0.0,0.0,0.0,2136.0,nan,nan,nan,,nan,nan,nan,nan,nan,nan,nan,,,,nan,nan,nan,nan,nan,nan,nan,nan,nan,nan,nan,nan,,nan,nan,,,nan,nan,nan,nan,nan,nan,nan,nan,nan,nan,nan,nan,nan,nan,nan,nan,nan,nan,nan,nan,nan,nan,nan,nan,,nan,nan,nan,,nan,,,,
0.0,0.0,0.0,0.0,0.0,0.0,0.0,0.0,3.0,0.0,0.0,0.0,0.0,0.0,0.0,0.0,3.0,2195.0,0.0,0.0,0.0,0.0,0.0,0.0,0.0,12.0,0.0,0.0,0.0,0.0,0.0,0.0,0.0,2207.0,nan,nan,nan,,nan,nan,nan,nan,nan,nan,nan,,,,nan,nan,nan,nan,nan,nan,nan,nan,nan,nan,nan,nan,,nan,nan,,,nan,nan,nan,nan,nan,nan,nan,nan,nan,nan,nan,nan,nan,nan,nan,nan,nan,nan,nan,nan,nan,nan,nan,nan,,nan,nan,nan,,nan,,,,
0.0,0.0,0.0,0.0,0.0,0.0,0.0,0.0,4.0,0.0,0.0,0.0,0.0,0.0,0.0,0.0,4.0,2146.0,0.0,0.0,0.0,0.0,0.0,0.0,0.0,10.0,0.0,0.0,0.0,0.0,0.0,0.0,0.0,2156.0,nan,nan,nan,,nan,nan,nan,nan,nan,nan,nan,,,,nan,nan,nan,nan,nan,nan,nan,nan,nan,nan,nan,nan,,nan,nan,,,nan,nan,nan,nan,nan,nan,nan,nan,nan,nan,nan,nan,nan,nan,nan,nan,nan,nan,nan,nan,nan,nan,nan,nan,,nan,nan,nan,,nan,,,,
0.0,0.0,0.0,0.0,0.0,0.0,0.0,0.0,4.0,0.0,0.0,0.0,0.0,0.0,0.0,0.0,4.0,2103.0,0.0,0.0,0.0,0.0,0.0,0.0,0.0,18.0,0.0,0.0,0.0,0.0,0.0,0.0,0.0,2121.0,nan,nan,nan,,nan,nan,nan,nan,nan,nan,nan,,,,nan,nan,nan,nan,nan,nan,nan,nan,nan,nan,nan,nan,,nan,nan,,,nan,nan,nan,nan,nan,nan,nan,nan,nan,nan,nan,nan,nan,nan,nan,nan,nan,nan,nan,nan,nan,nan,nan,nan,,nan,nan,nan,,nan,,,,
0.0,0.0,0.0,0.0,0.0,0.0,0.0,0.0,0.0,0.0,0.0,0.0,0.0,0.0,0.0,0.0,0.0,2212.0,0.0,0.0,0.0,0.0,0.0,0.0,0.0,12.0,0.0,0.0,0.0,0.0,0.0,0.0,0.0,2224.0,nan,nan,nan,,nan,nan,nan,nan,nan,nan,nan,,,,nan,nan,nan,nan,nan,nan,nan,nan,nan,nan,nan,nan,,nan,nan,,,nan,nan,nan,nan,nan,nan,nan,nan,nan,nan,nan,nan,nan,nan,nan,nan,nan,nan,nan,nan,nan,nan,nan,nan,,nan,nan,nan,,nan,,,,
0.0,0.0,0.0,0.0,0.0,0.0,0.0,0.0,8.0,0.0,0.0,0.0,0.0,0.0,0.0,0.0,8.0,2149.0,0.0,0.0,0.0,0.0,0.0,0.0,0.0,6.0,0.0,0.0,0.0,0.0,0.0,0.0,0.0,2155.0,nan,nan,nan,,nan,nan,nan,nan,nan,nan,nan,,,,nan,nan,nan,nan,nan,nan,nan,nan,nan,nan,nan,nan,,nan,nan,,,nan,nan,nan,nan,nan,nan,nan,nan,nan,nan,nan,nan,nan,nan,nan,nan,nan,nan,nan,nan,nan,nan,nan,nan,,nan,nan,nan,,nan,,,,
0.0,0.0,0.0,0.0,0.0,0.0,0.0,0.0,2.0,0.0,0.0,0.0,0.0,0.0,0.0,0.0,2.0,2163.0,0.0,0.0,0.0,0.0,0.0,0.0,0.0,14.0,0.0,0.0,0.0,0.0,0.0,0.0,0.0,2177.0,nan,nan,nan,,nan,nan,nan,nan,nan,nan,nan,,,,nan,nan,nan,nan,nan,nan,nan,nan,nan,nan,nan,nan,,nan,nan,,,nan,nan,nan,nan,nan,nan,nan,nan,nan,nan,nan,nan,nan,nan,nan,nan,nan,nan,nan,nan,nan,nan,nan,nan,,nan,nan,nan,,nan,,,,
0.0,0.0,0.0,0.0,0.0,0.0,0.0,0.0,3.0,0.0,0.0,0.0,0.0,0.0,0.0,0.0,3.0,2207.0,0.0,0.0,0.0,0.0,0.0,0.0,0.0,10.0,0.0,0.0,0.0,0.0,0.0,0.0,0.0,2217.0,nan,nan,nan,,nan,nan,nan,nan,nan,nan,nan,,,,nan,nan,nan,nan,nan,nan,nan,nan,nan,nan,nan,nan,,nan,nan,,,nan,nan,nan,nan,nan,nan,nan,nan,nan,nan,nan,nan,nan,nan,nan,nan,nan,nan,nan,nan,nan,nan,nan,nan,,nan,nan,nan,,nan,,,,
0.0,0.0,0.0,0.0,0.0,0.0,0.0,0.0,2.0,0.0,0.0,0.0,0.0,0.0,0.0,0.0,2.0,2139.0,0.0,0.0,0.0,0.0,0.0,0.0,0.0,9.0,0.0,0.0,0.0,0.0,0.0,0.0,0.0,2148.0,nan,nan,nan,,nan,nan,nan,nan,nan,nan,nan,,,,nan,nan,nan,nan,nan,nan,nan,nan,nan,nan,nan,nan,,nan,nan,,,nan,nan,nan,nan,nan,nan,nan,nan,nan,nan,nan,nan,nan,nan,nan,nan,nan,nan,nan,nan,nan,nan,nan,nan,,nan,nan,nan,,nan,,,,
0.0,0.0,0.0,0.0,0.0,0.0,0.0,0.0,2.0,0.0,0.0,0.0,0.0,0.0,0.0,0.0,2.0,2191.0,0.0,0.0,0.0,0.0,0.0,0.0,0.0,12.0,0.0,0.0,0.0,0.0,0.0,0.0,0.0,2203.0,nan,nan,nan,,nan,nan,nan,nan,nan,nan,nan,,,,nan,nan,nan,nan,nan,nan,nan,nan,nan,nan,nan,nan,,nan,nan,,,nan,nan,nan,nan,nan,nan,nan,nan,nan,nan,nan,nan,nan,nan,nan,nan,nan,nan,nan,nan,nan,nan,nan,nan,,nan,nan,nan,,nan,,,,
0.0,0.0,0.0,0.0,0.0,0.0,0.0,0.0,5.0,0.0,0.0,0.0,0.0,0.0,0.0,0.0,5.0,2029.0,0.0,0.0,0.0,0.0,0.0,0.0,0.0,12.0,0.0,0.0,0.0,0.0,0.0,0.0,0.0,2041.0,nan,nan,nan,,nan,nan,nan,nan,nan,nan,nan,,,,nan,nan,nan,nan,nan,nan,nan,nan,nan,nan,nan,nan,,nan,nan,,,nan,nan,nan,nan,nan,nan,nan,nan,nan,nan,nan,nan,nan,nan,nan,nan,nan,nan,nan,nan,nan,nan,nan,nan,,nan,nan,nan,,nan,,,,
0.0,0.0,0.0,0.0,0.0,0.0,0.0,0.0,3.0,0.0,0.0,0.0,0.0,0.0,0.0,0.0,3.0,2139.0,0.0,0.0,0.0,0.0,0.0,0.0,0.0,15.0,0.0,0.0,0.0,0.0,0.0,0.0,0.0,2154.0,nan,nan,nan,,nan,nan,nan,nan,nan,nan,nan,,,,nan,nan,nan,nan,nan,nan,nan,nan,nan,nan,nan,nan,,nan,nan,,,nan,nan,nan,nan,nan,nan,nan,nan,nan,nan,nan,nan,nan,nan,nan,nan,nan,nan,nan,nan,nan,nan,nan,nan,,nan,nan,nan,,nan,,,,
0.0,0.0,0.0,0.0,0.0,0.0,0.0,0.0,2.0,0.0,0.0,0.0,0.0,0.0,0.0,0.0,2.0,2095.0,0.0,0.0,0.0,0.0,0.0,0.0,0.0,12.0,0.0,0.0,0.0,0.0,0.0,0.0,0.0,2107.0,nan,nan,nan,,nan,nan,nan,nan,nan,nan,nan,,,,nan,nan,nan,nan,nan,nan,nan,nan,nan,nan,nan,nan,,nan,nan,,,nan,nan,nan,nan,nan,nan,nan,nan,nan,nan,nan,nan,nan,nan,nan,nan,nan,nan,nan,nan,nan,nan,nan,nan,,nan,nan,nan,,nan,,,,
0.0,0.0,0.0,0.0,0.0,0.0,0.0,0.0,7.0,0.0,0.0,0.0,0.0,0.0,0.0,0.0,7.0,2082.0,0.0,0.0,0.0,0.0,0.0,0.0,0.0,10.0,0.0,0.0,0.0,0.0,0.0,0.0,0.0,2092.0,nan,nan,nan,,nan,nan,nan,nan,nan,nan,nan,,,,nan,nan,nan,nan,nan,nan,nan,nan,nan,nan,nan,nan,,nan,nan,,,nan,nan,nan,nan,nan,nan,nan,nan,nan,nan,nan,nan,nan,nan,nan,nan,nan,nan,nan,nan,nan,nan,nan,nan,,nan,nan,nan,,nan,,,,
0.0,0.0,0.0,0.0,0.0,0.0,0.0,0.0,3.0,0.0,0.0,0.0,0.0,0.0,0.0,0.0,3.0,2154.0,0.0,0.0,0.0,0.0,0.0,0.0,0.0,7.0,0.0,0.0,0.0,0.0,0.0,0.0,0.0,2161.0,nan,nan,nan,,nan,nan,nan,nan,nan,nan,nan,,,,nan,nan,nan,nan,nan,nan,nan,nan,nan,nan,nan,nan,,nan,nan,,,nan,nan,nan,nan,nan,nan,nan,nan,nan,nan,nan,nan,nan,nan,nan,nan,nan,nan,nan,nan,nan,nan,nan,nan,,nan,nan,nan,,nan,,,,
0.0,0.0,0.0,0.0,0.0,0.0,0.0,0.0,4.0,0.0,0.0,0.0,0.0,0.0,0.0,0.0,4.0,2111.0,0.0,0.0,0.0,0.0,0.0,0.0,0.0,10.0,0.0,0.0,0.0,0.0,0.0,0.0,0.0,2121.0,nan,nan,nan,,nan,nan,nan,nan,nan,nan,nan,,,,nan,nan,nan,nan,nan,nan,nan,nan,nan,nan,nan,nan,,nan,nan,,,nan,nan,nan,nan,nan,nan,nan,nan,nan,nan,nan,nan,nan,nan,nan,nan,nan,nan,nan,nan,nan,nan,nan,nan,,nan,nan,nan,,nan,,,,
0.0,0.0,0.0,0.0,0.0,0.0,0.0,0.0,3.0,0.0,0.0,0.0,0.0,0.0,0.0,0.0,3.0,2027.0,0.0,0.0,0.0,0.0,0.0,0.0,0.0,10.0,0.0,0.0,0.0,0.0,0.0,0.0,0.0,2037.0,nan,nan,nan,,nan,nan,nan,nan,nan,nan,nan,,,,nan,nan,nan,nan,nan,nan,nan,nan,nan,nan,nan,nan,,nan,nan,,,nan,nan,nan,nan,nan,nan,nan,nan,nan,nan,nan,nan,nan,nan,nan,nan,nan,nan,nan,nan,nan,nan,nan,nan,,nan,nan,nan,,nan,,,,
0.0,0.0,0.0,0.0,0.0,0.0,0.0,0.0,3.0,0.0,0.0,0.0,0.0,0.0,0.0,0.0,3.0,2206.0,0.0,0.0,0.0,0.0,0.0,0.0,0.0,14.0,0.0,0.0,0.0,0.0,0.0,0.0,0.0,2220.0,nan,nan,nan,,nan,nan,nan,nan,nan,nan,nan,,,,nan,nan,nan,nan,nan,nan,nan,nan,nan,nan,nan,nan,,nan,nan,,,nan,nan,nan,nan,nan,nan,nan,nan,nan,nan,nan,nan,nan,nan,nan,nan,nan,nan,nan,nan,nan,nan,nan,nan,,nan,nan,nan,,nan,,,,
0.0,0.0,0.0,0.0,0.0,0.0,0.0,0.0,5.0,0.0,0.0,0.0,0.0,0.0,0.0,0.0,5.0,2211.0,0.0,0.0,0.0,0.0,0.0,0.0,0.0,16.0,0.0,0.0,0.0,0.0,0.0,0.0,0.0,2227.0,nan,nan,nan,,nan,nan,nan,nan,nan,nan,nan,,,,nan,nan,nan,nan,nan,nan,nan,nan,nan,nan,nan,nan,,nan,nan,,,nan,nan,nan,nan,nan,nan,nan,nan,nan,nan,nan,nan,nan,nan,nan,nan,nan,nan,nan,nan,nan,nan,nan,nan,,nan,nan,nan,,nan,,,,
0.0,0.0,0.0,0.0,0.0,0.0,0.0,0.0,5.0,0.0,0.0,0.0,0.0,0.0,0.0,0.0,5.0,2137.0,0.0,0.0,0.0,0.0,0.0,0.0,0.0,12.0,0.0,0.0,0.0,0.0,0.0,0.0,0.0,2149.0,nan,nan,nan,,nan,nan,nan,nan,nan,nan,nan,,,,nan,nan,nan,nan,nan,nan,nan,nan,nan,nan,nan,nan,,nan,nan,,,nan,nan,nan,nan,nan,nan,nan,nan,nan,nan,nan,nan,nan,nan,nan,nan,nan,nan,nan,nan,nan,nan,nan,nan,,nan,nan,nan,,nan,,,,
0.0,0.0,0.0,0.0,0.0,0.0,0.0,0.0,5.0,0.0,0.0,0.0,0.0,0.0,0.0,0.0,5.0,2176.0,0.0,0.0,0.0,0.0,0.0,0.0,0.0,12.0,0.0,0.0,0.0,0.0,0.0,0.0,0.0,2188.0,nan,nan,nan,,nan,nan,nan,nan,nan,nan,nan,,,,nan,nan,nan,nan,nan,nan,nan,nan,nan,nan,nan,nan,,nan,nan,,,nan,nan,nan,nan,nan,nan,nan,nan,nan,nan,nan,nan,nan,nan,nan,nan,nan,nan,nan,nan,nan,nan,nan,nan,,nan,nan,nan,,nan,,,,
0.0,0.0,0.0,0.0,0.0,0.0,0.0,0.0,1.0,0.0,0.0,0.0,0.0,0.0,0.0,0.0,1.0,2100.0,0.0,0.0,0.0,0.0,0.0,0.0,0.0,12.0,0.0,0.0,0.0,0.0,0.0,0.0,0.0,2112.0,nan,nan,nan,,nan,nan,nan,nan,nan,nan,nan,,,,nan,nan,nan,nan,nan,nan,nan,nan,nan,nan,nan,nan,,nan,nan,,,nan,nan,nan,nan,nan,nan,nan,nan,nan,nan,nan,nan,nan,nan,nan,nan,nan,nan,nan,nan,nan,nan,nan,nan,,nan,nan,nan,,nan,,,,
0.0,0.0,0.0,0.0,0.0,0.0,0.0,0.0,4.0,0.0,0.0,0.0,0.0,0.0,0.0,0.0,4.0,2161.0,0.0,0.0,0.0,0.0,0.0,0.0,0.0,14.0,0.0,0.0,0.0,0.0,0.0,0.0,0.0,2175.0,nan,nan,nan,,nan,nan,nan,nan,nan,nan,nan,,,,nan,nan,nan,nan,nan,nan,nan,nan,nan,nan,nan,nan,,nan,nan,,,nan,nan,nan,nan,nan,nan,nan,nan,nan,nan,nan,nan,nan,nan,nan,nan,nan,nan,nan,nan,nan,nan,nan,nan,,nan,nan,nan,,nan,,,,
0.0,0.0,0.0,0.0,0.0,0.0,0.0,0.0,3.0,0.0,0.0,0.0,0.0,0.0,0.0,0.0,3.0,2216.0,0.0,0.0,0.0,0.0,0.0,0.0,0.0,15.0,0.0,0.0,0.0,0.0,0.0,0.0,0.0,2231.0,nan,nan,nan,,nan,nan,nan,nan,nan,nan,nan,,,,nan,nan,nan,nan,nan,nan,nan,nan,nan,nan,nan,nan,,nan,nan,,,nan,nan,nan,nan,nan,nan,nan,nan,nan,nan,nan,nan,nan,nan,nan,nan,nan,nan,nan,nan,nan,nan,nan,nan,,nan,nan,nan,,nan,,,,
0.0,0.0,0.0,0.0,0.0,0.0,0.0,0.0,3.0,0.0,0.0,0.0,0.0,0.0,0.0,0.0,3.0,2249.0,0.0,0.0,0.0,0.0,0.0,0.0,0.0,9.0,0.0,0.0,0.0,0.0,0.0,0.0,0.0,2258.0,nan,nan,nan,,nan,nan,nan,nan,nan,nan,nan,,,,nan,nan,nan,nan,nan,nan,nan,nan,nan,nan,nan,nan,,nan,nan,,,nan,nan,nan,nan,nan,nan,nan,nan,nan,nan,nan,nan,nan,nan,nan,nan,nan,nan,nan,nan,nan,nan,nan,nan,,nan,nan,nan,,nan,,,,
0.0,0.0,0.0,0.0,0.0,0.0,0.0,0.0,2.0,0.0,0.0,0.0,0.0,0.0,0.0,0.0,2.0,2228.0,0.0,0.0,0.0,0.0,0.0,0.0,0.0,23.0,0.0,0.0,0.0,0.0,0.0,0.0,0.0,2251.0,nan,nan,nan,,nan,nan,nan,nan,nan,nan,nan,,,,nan,nan,nan,nan,nan,nan,nan,nan,nan,nan,nan,nan,,nan,nan,,,nan,nan,nan,nan,nan,nan,nan,nan,nan,nan,nan,nan,nan,nan,nan,nan,nan,nan,nan,nan,nan,nan,nan,nan,,nan,nan,nan,,nan,,,,
0.0,0.0,0.0,0.0,0.0,0.0,0.0,0.0,5.0,0.0,0.0,0.0,0.0,0.0,0.0,0.0,5.0,2097.0,0.0,0.0,0.0,0.0,0.0,0.0,0.0,15.0,0.0,0.0,0.0,0.0,0.0,0.0,0.0,2112.0,nan,nan,nan,,nan,nan,nan,nan,nan,nan,nan,,,,nan,nan,nan,nan,nan,nan,nan,nan,nan,nan,nan,nan,,nan,nan,,,nan,nan,nan,nan,nan,nan,nan,nan,nan,nan,nan,nan,nan,nan,nan,nan,nan,nan,nan,nan,nan,nan,nan,nan,,nan,nan,nan,,nan,,,,
0.0,0.0,0.0,0.0,0.0,0.0,0.0,0.0,2.0,0.0,0.0,0.0,0.0,0.0,0.0,0.0,2.0,2211.0,0.0,0.0,0.0,0.0,0.0,0.0,0.0,12.0,0.0,0.0,0.0,0.0,0.0,0.0,0.0,2223.0,nan,nan,nan,,nan,nan,nan,nan,nan,nan,nan,,,,nan,nan,nan,nan,nan,nan,nan,nan,nan,nan,nan,nan,,nan,nan,,,nan,nan,nan,nan,nan,nan,nan,nan,nan,nan,nan,nan,nan,nan,nan,nan,nan,nan,nan,nan,nan,nan,nan,nan,,nan,nan,nan,,nan,,,,
0.0,0.0,0.0,0.0,0.0,0.0,0.0,0.0,3.0,0.0,0.0,0.0,0.0,0.0,0.0,0.0,3.0,2193.0,0.0,0.0,0.0,0.0,0.0,0.0,0.0,12.0,0.0,0.0,0.0,0.0,0.0,0.0,0.0,2205.0,nan,nan,nan,,nan,nan,nan,nan,nan,nan,nan,,,,nan,nan,nan,nan,nan,nan,nan,nan,nan,nan,nan,nan,,nan,nan,,,nan,nan,nan,nan,nan,nan,nan,nan,nan,nan,nan,nan,nan,nan,nan,nan,nan,nan,nan,nan,nan,nan,nan,nan,,nan,nan,nan,,nan,,,,
0.0,0.0,0.0,0.0,0.0,0.0,0.0,0.0,2.0,0.0,0.0,0.0,0.0,0.0,0.0,0.0,2.0,2153.0,0.0,0.0,0.0,0.0,0.0,0.0,0.0,9.0,0.0,0.0,0.0,0.0,0.0,0.0,0.0,2162.0,nan,nan,nan,,nan,nan,nan,nan,nan,nan,nan,,,,nan,nan,nan,nan,nan,nan,nan,nan,nan,nan,nan,nan,,nan,nan,,,nan,nan,nan,nan,nan,nan,nan,nan,nan,nan,nan,nan,nan,nan,nan,nan,nan,nan,nan,nan,nan,nan,nan,nan,,nan,nan,nan,,nan,,,,
0.0,0.0,0.0,0.0,0.0,0.0,0.0,0.0,1.0,0.0,0.0,0.0,0.0,0.0,0.0,0.0,1.0,2124.0,0.0,0.0,0.0,0.0,0.0,0.0,0.0,9.0,0.0,0.0,0.0,0.0,0.0,0.0,0.0,2133.0,nan,nan,nan,,nan,nan,nan,nan,nan,nan,nan,,,,nan,nan,nan,nan,nan,nan,nan,nan,nan,nan,nan,nan,,nan,nan,,,nan,nan,nan,nan,nan,nan,nan,nan,nan,nan,nan,nan,nan,nan,nan,nan,nan,nan,nan,nan,nan,nan,nan,nan,,nan,nan,nan,,nan,,,,
0.0,0.0,0.0,0.0,0.0,0.0,0.0,0.0,2.0,0.0,0.0,0.0,0.0,0.0,0.0,0.0,2.0,2122.0,0.0,0.0,0.0,0.0,0.0,0.0,0.0,10.0,0.0,0.0,0.0,0.0,0.0,0.0,0.0,2132.0,nan,nan,nan,,nan,nan,nan,nan,nan,nan,nan,,,,nan,nan,nan,nan,nan,nan,nan,nan,nan,nan,nan,nan,,nan,nan,,,nan,nan,nan,nan,nan,nan,nan,nan,nan,nan,nan,nan,nan,nan,nan,nan,nan,nan,nan,nan,nan,nan,nan,nan,,nan,nan,nan,,nan,,,,
0.0,0.0,0.0,0.0,0.0,0.0,0.0,0.0,2.0,0.0,0.0,0.0,0.0,0.0,0.0,0.0,2.0,2167.0,0.0,0.0,0.0,0.0,0.0,0.0,0.0,15.0,0.0,0.0,0.0,0.0,0.0,0.0,0.0,2182.0,nan,nan,nan,,nan,nan,nan,nan,nan,nan,nan,,,,nan,nan,nan,nan,nan,nan,nan,nan,nan,nan,nan,nan,,nan,nan,,,nan,nan,nan,nan,nan,nan,nan,nan,nan,nan,nan,nan,nan,nan,nan,nan,nan,nan,nan,nan,nan,nan,nan,nan,,nan,nan,nan,,nan,,,,
0.0,0.0,0.0,0.0,0.0,0.0,0.0,0.0,3.0,0.0,0.0,0.0,0.0,0.0,0.0,0.0,3.0,2100.0,0.0,0.0,0.0,0.0,0.0,0.0,0.0,13.0,0.0,0.0,0.0,0.0,0.0,0.0,0.0,2113.0,nan,nan,nan,,nan,nan,nan,nan,nan,nan,nan,,,,nan,nan,nan,nan,nan,nan,nan,nan,nan,nan,nan,nan,,nan,nan,,,nan,nan,nan,nan,nan,nan,nan,nan,nan,nan,nan,nan,nan,nan,nan,nan,nan,nan,nan,nan,nan,nan,nan,nan,,nan,nan,nan,,nan,,,,
0.0,0.0,0.0,0.0,0.0,0.0,0.0,0.0,3.0,0.0,0.0,0.0,0.0,0.0,0.0,0.0,3.0,2227.0,0.0,0.0,0.0,0.0,0.0,0.0,0.0,12.0,0.0,0.0,0.0,0.0,0.0,0.0,0.0,2239.0,nan,nan,nan,,nan,nan,nan,nan,nan,nan,nan,,,,nan,nan,nan,nan,nan,nan,nan,nan,nan,nan,nan,nan,,nan,nan,,,nan,nan,nan,nan,nan,nan,nan,nan,nan,nan,nan,nan,nan,nan,nan,nan,nan,nan,nan,nan,nan,nan,nan,nan,,nan,nan,nan,,nan,,,,
0.0,0.0,0.0,0.0,0.0,0.0,0.0,0.0,4.0,0.0,0.0,0.0,0.0,0.0,0.0,0.0,4.0,2218.0,0.0,0.0,0.0,0.0,0.0,0.0,0.0,12.0,0.0,0.0,0.0,0.0,0.0,0.0,0.0,2230.0,nan,nan,nan,,nan,nan,nan,nan,nan,nan,nan,,,,nan,nan,nan,nan,nan,nan,nan,nan,nan,nan,nan,nan,,nan,nan,,,nan,nan,nan,nan,nan,nan,nan,nan,nan,nan,nan,nan,nan,nan,nan,nan,nan,nan,nan,nan,nan,nan,nan,nan,,nan,nan,nan,,nan,,,,
0.0,0.0,0.0,0.0,0.0,0.0,0.0,0.0,4.0,0.0,0.0,0.0,0.0,0.0,0.0,0.0,4.0,2207.0,0.0,0.0,0.0,0.0,0.0,0.0,0.0,23.0,0.0,0.0,0.0,0.0,0.0,0.0,0.0,2230.0,nan,nan,nan,,nan,nan,nan,nan,nan,nan,nan,,,,nan,nan,nan,nan,nan,nan,nan,nan,nan,nan,nan,nan,,nan,nan,,,nan,nan,nan,nan,nan,nan,nan,nan,nan,nan,nan,nan,nan,nan,nan,nan,nan,nan,nan,nan,nan,nan,nan,nan,,nan,nan,nan,,nan,,,,
0.0,0.0,0.0,0.0,0.0,0.0,0.0,0.0,2.0,0.0,0.0,0.0,0.0,0.0,0.0,0.0,2.0,2143.0,0.0,0.0,0.0,0.0,0.0,0.0,0.0,20.0,0.0,0.0,0.0,0.0,0.0,0.0,0.0,2163.0,nan,nan,nan,,nan,nan,nan,nan,nan,nan,nan,,,,nan,nan,nan,nan,nan,nan,nan,nan,nan,nan,nan,nan,,nan,nan,,,nan,nan,nan,nan,nan,nan,nan,nan,nan,nan,nan,nan,nan,nan,nan,nan,nan,nan,nan,nan,nan,nan,nan,nan,,nan,nan,nan,,nan,,,,
0.0,0.0,0.0,0.0,0.0,0.0,0.0,0.0,3.0,0.0,0.0,0.0,0.0,0.0,0.0,0.0,3.0,2164.0,0.0,0.0,0.0,0.0,0.0,0.0,0.0,12.0,0.0,0.0,0.0,0.0,0.0,0.0,0.0,2176.0,nan,nan,nan,,nan,nan,nan,nan,nan,nan,nan,,,,nan,nan,nan,nan,nan,nan,nan,nan,nan,nan,nan,nan,,nan,nan,,,nan,nan,nan,nan,nan,nan,nan,nan,nan,nan,nan,nan,nan,nan,nan,nan,nan,nan,nan,nan,nan,nan,nan,nan,,nan,nan,nan,,nan,,,,
0.0,0.0,0.0,0.0,0.0,0.0,0.0,0.0,5.0,0.0,0.0,0.0,0.0,0.0,0.0,0.0,5.0,2106.0,0.0,0.0,0.0,0.0,0.0,0.0,0.0,9.0,0.0,0.0,0.0,0.0,0.0,0.0,0.0,2115.0,nan,nan,nan,,nan,nan,nan,nan,nan,nan,nan,,,,nan,nan,nan,nan,nan,nan,nan,nan,nan,nan,nan,nan,,nan,nan,,,nan,nan,nan,nan,nan,nan,nan,nan,nan,nan,nan,nan,nan,nan,nan,nan,nan,nan,nan,nan,nan,nan,nan,nan,,nan,nan,nan,,nan,,,,
0.0,0.0,0.0,0.0,0.0,0.0,0.0,0.0,2.0,0.0,0.0,0.0,0.0,0.0,0.0,0.0,2.0,2134.0,0.0,0.0,0.0,0.0,0.0,0.0,0.0,15.0,0.0,0.0,0.0,0.0,0.0,0.0,0.0,2149.0,nan,nan,nan,,nan,nan,nan,nan,nan,nan,nan,,,,nan,nan,nan,nan,nan,nan,nan,nan,nan,nan,nan,nan,,nan,nan,,,nan,nan,nan,nan,nan,nan,nan,nan,nan,nan,nan,nan,nan,nan,nan,nan,nan,nan,nan,nan,nan,nan,nan,nan,,nan,nan,nan,,nan,,,,
0.0,0.0,0.0,0.0,0.0,0.0,0.0,0.0,3.0,0.0,0.0,0.0,0.0,0.0,0.0,0.0,3.0,2175.0,0.0,0.0,0.0,0.0,0.0,0.0,0.0,14.0,0.0,0.0,0.0,0.0,0.0,0.0,0.0,2189.0,nan,nan,nan,,nan,nan,nan,nan,nan,nan,nan,,,,nan,nan,nan,nan,nan,nan,nan,nan,nan,nan,nan,nan,,nan,nan,,,nan,nan,nan,nan,nan,nan,nan,nan,nan,nan,nan,nan,nan,nan,nan,nan,nan,nan,nan,nan,nan,nan,nan,nan,,nan,nan,nan,,nan,,,,
0.0,0.0,0.0,0.0,0.0,0.0,0.0,0.0,6.0,0.0,0.0,0.0,0.0,0.0,0.0,0.0,6.0,2160.0,0.0,0.0,0.0,0.0,0.0,0.0,0.0,14.0,0.0,0.0,0.0,0.0,0.0,0.0,0.0,2174.0,nan,nan,nan,,nan,nan,nan,nan,nan,nan,nan,,,,nan,nan,nan,nan,nan,nan,nan,nan,nan,nan,nan,nan,,nan,nan,,,nan,nan,nan,nan,nan,nan,nan,nan,nan,nan,nan,nan,nan,nan,nan,nan,nan,nan,nan,nan,nan,nan,nan,nan,,nan,nan,nan,,nan,,,,
0.0,0.0,0.0,0.0,0.0,0.0,0.0,0.0,3.0,0.0,0.0,0.0,0.0,0.0,0.0,0.0,3.0,2167.0,0.0,0.0,0.0,0.0,0.0,0.0,0.0,8.0,0.0,0.0,0.0,0.0,0.0,0.0,0.0,2175.0,nan,nan,nan,,nan,nan,nan,nan,nan,nan,nan,,,,nan,nan,nan,nan,nan,nan,nan,nan,nan,nan,nan,nan,,nan,nan,,,nan,nan,nan,nan,nan,nan,nan,nan,nan,nan,nan,nan,nan,nan,nan,nan,nan,nan,nan,nan,nan,nan,nan,nan,,nan,nan,nan,,nan,,,,
0.0,0.0,0.0,0.0,0.0,0.0,0.0,0.0,2.0,0.0,0.0,0.0,0.0,0.0,0.0,0.0,2.0,2095.0,0.0,0.0,0.0,0.0,0.0,0.0,0.0,12.0,0.0,0.0,0.0,0.0,0.0,0.0,0.0,2107.0,nan,nan,nan,,nan,nan,nan,nan,nan,nan,nan,,,,nan,nan,nan,nan,nan,nan,nan,nan,nan,nan,nan,nan,,nan,nan,,,nan,nan,nan,nan,nan,nan,nan,nan,nan,nan,nan,nan,nan,nan,nan,nan,nan,nan,nan,nan,nan,nan,nan,nan,,nan,nan,nan,,nan,,,,
0.0,0.0,0.0,0.0,0.0,0.0,0.0,0.0,3.0,0.0,0.0,0.0,0.0,0.0,0.0,0.0,3.0,2133.0,0.0,0.0,0.0,0.0,0.0,0.0,0.0,9.0,0.0,0.0,0.0,0.0,0.0,0.0,0.0,2142.0,nan,nan,nan,,nan,nan,nan,nan,nan,nan,nan,,,,nan,nan,nan,nan,nan,nan,nan,nan,nan,nan,nan,nan,,nan,nan,,,nan,nan,nan,nan,nan,nan,nan,nan,nan,nan,nan,nan,nan,nan,nan,nan,nan,nan,nan,nan,nan,nan,nan,nan,,nan,nan,nan,,nan,,,,
0.0,0.0,0.0,0.0,0.0,0.0,0.0,0.0,8.0,0.0,0.0,0.0,0.0,0.0,0.0,0.0,8.0,2111.0,0.0,0.0,0.0,0.0,0.0,0.0,0.0,11.0,0.0,0.0,0.0,0.0,0.0,0.0,0.0,2122.0,nan,nan,nan,,nan,nan,nan,nan,nan,nan,nan,,,,nan,nan,nan,nan,nan,nan,nan,nan,nan,nan,nan,nan,,nan,nan,,,nan,nan,nan,nan,nan,nan,nan,nan,nan,nan,nan,nan,nan,nan,nan,nan,nan,nan,nan,nan,nan,nan,nan,nan,,nan,nan,nan,,nan,,,,
0.0,0.0,0.0,0.0,0.0,0.0,0.0,0.0,3.0,0.0,0.0,0.0,0.0,0.0,0.0,0.0,3.0,2107.0,0.0,0.0,0.0,0.0,0.0,0.0,0.0,11.0,0.0,0.0,0.0,0.0,0.0,0.0,0.0,2118.0,nan,nan,nan,,nan,nan,nan,nan,nan,nan,nan,,,,nan,nan,nan,nan,nan,nan,nan,nan,nan,nan,nan,nan,,nan,nan,,,nan,nan,nan,nan,nan,nan,nan,nan,nan,nan,nan,nan,nan,nan,nan,nan,nan,nan,nan,nan,nan,nan,nan,nan,,nan,nan,nan,,nan,,,,
0.0,0.0,0.0,0.0,0.0,0.0,0.0,0.0,4.0,0.0,0.0,0.0,0.0,0.0,0.0,0.0,4.0,2141.0,0.0,0.0,0.0,0.0,0.0,0.0,0.0,15.0,0.0,0.0,0.0,0.0,0.0,0.0,0.0,2156.0,nan,nan,nan,,nan,nan,nan,nan,nan,nan,nan,,,,nan,nan,nan,nan,nan,nan,nan,nan,nan,nan,nan,nan,,nan,nan,,,nan,nan,nan,nan,nan,nan,nan,nan,nan,nan,nan,nan,nan,nan,nan,nan,nan,nan,nan,nan,nan,nan,nan,nan,,nan,nan,nan,,nan,,,,
0.0,0.0,0.0,0.0,0.0,0.0,0.0,0.0,3.0,0.0,0.0,0.0,0.0,0.0,0.0,0.0,3.0,2158.0,0.0,0.0,0.0,0.0,0.0,0.0,0.0,13.0,0.0,0.0,0.0,0.0,0.0,0.0,0.0,2171.0,nan,nan,nan,,nan,nan,nan,nan,nan,nan,nan,,,,nan,nan,nan,nan,nan,nan,nan,nan,nan,nan,nan,nan,,nan,nan,,,nan,nan,nan,nan,nan,nan,nan,nan,nan,nan,nan,nan,nan,nan,nan,nan,nan,nan,nan,nan,nan,nan,nan,nan,,nan,nan,nan,,nan,,,,
0.0,0.0,0.0,0.0,0.0,0.0,0.0,0.0,1.0,0.0,0.0,0.0,0.0,0.0,0.0,0.0,1.0,2173.0,0.0,0.0,0.0,0.0,0.0,0.0,0.0,14.0,0.0,0.0,0.0,0.0,0.0,0.0,0.0,2187.0,nan,nan,nan,,nan,nan,nan,nan,nan,nan,nan,,,,nan,nan,nan,nan,nan,nan,nan,nan,nan,nan,nan,nan,,nan,nan,,,nan,nan,nan,nan,nan,nan,nan,nan,nan,nan,nan,nan,nan,nan,nan,nan,nan,nan,nan,nan,nan,nan,nan,nan,,nan,nan,nan,,nan,,,,
0.0,0.0,0.0,0.0,0.0,0.0,0.0,0.0,3.0,0.0,0.0,0.0,0.0,0.0,0.0,0.0,3.0,2140.0,0.0,0.0,0.0,0.0,0.0,0.0,0.0,12.0,0.0,0.0,0.0,0.0,0.0,0.0,0.0,2152.0,nan,nan,nan,,nan,nan,nan,nan,nan,nan,nan,,,,nan,nan,nan,nan,nan,nan,nan,nan,nan,nan,nan,nan,,nan,nan,,,nan,nan,nan,nan,nan,nan,nan,nan,nan,nan,nan,nan,nan,nan,nan,nan,nan,nan,nan,nan,nan,nan,nan,nan,,nan,nan,nan,,nan,,,,
0.0,0.0,0.0,0.0,0.0,0.0,0.0,0.0,1.0,0.0,0.0,0.0,0.0,0.0,0.0,0.0,1.0,2264.0,0.0,0.0,0.0,0.0,0.0,0.0,0.0,8.0,0.0,0.0,0.0,0.0,0.0,0.0,0.0,2272.0,nan,nan,nan,,nan,nan,nan,nan,nan,nan,nan,,,,nan,nan,nan,nan,nan,nan,nan,nan,nan,nan,nan,nan,,nan,nan,,,nan,nan,nan,nan,nan,nan,nan,nan,nan,nan,nan,nan,nan,nan,nan,nan,nan,nan,nan,nan,nan,nan,nan,nan,,nan,nan,nan,,nan,,,,
0.0,0.0,0.0,0.0,0.0,0.0,0.0,0.0,4.0,0.0,0.0,0.0,0.0,0.0,0.0,0.0,4.0,2218.0,0.0,0.0,0.0,0.0,0.0,0.0,0.0,20.0,0.0,0.0,0.0,0.0,0.0,0.0,0.0,2238.0,nan,nan,nan,,nan,nan,nan,nan,nan,nan,nan,,,,nan,nan,nan,nan,nan,nan,nan,nan,nan,nan,nan,nan,,nan,nan,,,nan,nan,nan,nan,nan,nan,nan,nan,nan,nan,nan,nan,nan,nan,nan,nan,nan,nan,nan,nan,nan,nan,nan,nan,,nan,nan,nan,,nan,,,,
0.0,0.0,0.0,0.0,0.0,0.0,0.0,0.0,5.0,0.0,0.0,0.0,0.0,0.0,0.0,0.0,5.0,2176.0,0.0,0.0,0.0,0.0,0.0,0.0,0.0,17.0,0.0,0.0,0.0,0.0,0.0,0.0,0.0,2193.0,nan,nan,nan,,nan,nan,nan,nan,nan,nan,nan,,,,nan,nan,nan,nan,nan,nan,nan,nan,nan,nan,nan,nan,,nan,nan,,,nan,nan,nan,nan,nan,nan,nan,nan,nan,nan,nan,nan,nan,nan,nan,nan,nan,nan,nan,nan,nan,nan,nan,nan,,nan,nan,nan,,nan,,,,
0.0,0.0,0.0,0.0,0.0,0.0,0.0,0.0,2.0,0.0,0.0,0.0,0.0,0.0,0.0,0.0,2.0,2156.0,0.0,0.0,0.0,0.0,0.0,0.0,0.0,11.0,0.0,0.0,0.0,0.0,0.0,0.0,0.0,2167.0,nan,nan,nan,,nan,nan,nan,nan,nan,nan,nan,,,,nan,nan,nan,nan,nan,nan,nan,nan,nan,nan,nan,nan,,nan,nan,,,nan,nan,nan,nan,nan,nan,nan,nan,nan,nan,nan,nan,nan,nan,nan,nan,nan,nan,nan,nan,nan,nan,nan,nan,,nan,nan,nan,,nan,,,,
0.0,0.0,0.0,0.0,0.0,0.0,0.0,0.0,4.0,0.0,0.0,0.0,0.0,0.0,0.0,0.0,4.0,2224.0,0.0,0.0,0.0,0.0,0.0,0.0,0.0,12.0,0.0,0.0,0.0,0.0,0.0,0.0,0.0,2236.0,nan,nan,nan,,nan,nan,nan,nan,nan,nan,nan,,,,nan,nan,nan,nan,nan,nan,nan,nan,nan,nan,nan,nan,,nan,nan,,,nan,nan,nan,nan,nan,nan,nan,nan,nan,nan,nan,nan,nan,nan,nan,nan,nan,nan,nan,nan,nan,nan,nan,nan,,nan,nan,nan,,nan,,,,
0.0,0.0,0.0,0.0,0.0,0.0,0.0,0.0,4.0,0.0,0.0,0.0,0.0,0.0,0.0,0.0,4.0,2081.0,0.0,0.0,0.0,0.0,0.0,0.0,0.0,14.0,0.0,0.0,0.0,0.0,0.0,0.0,0.0,2095.0,nan,nan,nan,,nan,nan,nan,nan,nan,nan,nan,,,,nan,nan,nan,nan,nan,nan,nan,nan,nan,nan,nan,nan,,nan,nan,,,nan,nan,nan,nan,nan,nan,nan,nan,nan,nan,nan,nan,nan,nan,nan,nan,nan,nan,nan,nan,nan,nan,nan,nan,,nan,nan,nan,,nan,,,,
0.0,0.0,0.0,0.0,0.0,0.0,0.0,0.0,3.0,0.0,0.0,0.0,0.0,0.0,0.0,0.0,3.0,2148.0,0.0,0.0,0.0,0.0,0.0,0.0,0.0,12.0,0.0,0.0,0.0,0.0,0.0,0.0,0.0,2160.0,nan,nan,nan,,nan,nan,nan,nan,nan,nan,nan,,,,nan,nan,nan,nan,nan,nan,nan,nan,nan,nan,nan,nan,,nan,nan,,,nan,nan,nan,nan,nan,nan,nan,nan,nan,nan,nan,nan,nan,nan,nan,nan,nan,nan,nan,nan,nan,nan,nan,nan,,nan,nan,nan,,nan,,,,
0.0,0.0,0.0,0.0,0.0,0.0,0.0,0.0,2.0,0.0,0.0,0.0,0.0,0.0,0.0,0.0,2.0,2129.0,0.0,0.0,0.0,0.0,0.0,0.0,0.0,14.0,0.0,0.0,0.0,0.0,0.0,0.0,0.0,2143.0,nan,nan,nan,,nan,nan,nan,nan,nan,nan,nan,,,,nan,nan,nan,nan,nan,nan,nan,nan,nan,nan,nan,nan,,nan,nan,,,nan,nan,nan,nan,nan,nan,nan,nan,nan,nan,nan,nan,nan,nan,nan,nan,nan,nan,nan,nan,nan,nan,nan,nan,,nan,nan,nan,,nan,,,,
0.0,0.0,0.0,0.0,0.0,0.0,0.0,0.0,6.0,0.0,0.0,0.0,0.0,0.0,0.0,0.0,6.0,2216.0,0.0,0.0,0.0,0.0,0.0,0.0,0.0,11.0,0.0,0.0,0.0,0.0,0.0,0.0,0.0,2227.0,nan,nan,nan,,nan,nan,nan,nan,nan,nan,nan,,,,nan,nan,nan,nan,nan,nan,nan,nan,nan,nan,nan,nan,,nan,nan,,,nan,nan,nan,nan,nan,nan,nan,nan,nan,nan,nan,nan,nan,nan,nan,nan,nan,nan,nan,nan,nan,nan,nan,nan,,nan,nan,nan,,nan,,,,
0.0,0.0,0.0,0.0,0.0,0.0,0.0,0.0,3.0,0.0,0.0,0.0,0.0,0.0,0.0,0.0,3.0,2161.0,0.0,0.0,0.0,0.0,0.0,0.0,0.0,10.0,0.0,0.0,0.0,0.0,0.0,0.0,0.0,2171.0,nan,nan,nan,,nan,nan,nan,nan,nan,nan,nan,,,,nan,nan,nan,nan,nan,nan,nan,nan,nan,nan,nan,nan,,nan,nan,,,nan,nan,nan,nan,nan,nan,nan,nan,nan,nan,nan,nan,nan,nan,nan,nan,nan,nan,nan,nan,nan,nan,nan,nan,,nan,nan,nan,,nan,,,,
0.0,0.0,0.0,0.0,0.0,0.0,0.0,0.0,2.0,0.0,0.0,0.0,0.0,0.0,0.0,0.0,2.0,2197.0,0.0,0.0,0.0,0.0,0.0,0.0,0.0,7.0,0.0,0.0,0.0,0.0,0.0,0.0,0.0,2204.0,nan,nan,nan,,nan,nan,nan,nan,nan,nan,nan,,,,nan,nan,nan,nan,nan,nan,nan,nan,nan,nan,nan,nan,,nan,nan,,,nan,nan,nan,nan,nan,nan,nan,nan,nan,nan,nan,nan,nan,nan,nan,nan,nan,nan,nan,nan,nan,nan,nan,nan,,nan,nan,nan,,nan,,,,
0.0,0.0,0.0,0.0,0.0,0.0,0.0,0.0,2.0,0.0,0.0,0.0,0.0,0.0,0.0,0.0,2.0,2029.0,0.0,0.0,0.0,0.0,0.0,0.0,0.0,12.0,0.0,0.0,0.0,0.0,0.0,0.0,0.0,2041.0,nan,nan,nan,,nan,nan,nan,nan,nan,nan,nan,,,,nan,nan,nan,nan,nan,nan,nan,nan,nan,nan,nan,nan,,nan,nan,,,nan,nan,nan,nan,nan,nan,nan,nan,nan,nan,nan,nan,nan,nan,nan,nan,nan,nan,nan,nan,nan,nan,nan,nan,,nan,nan,nan,,nan,,,,
0.0,0.0,0.0,0.0,0.0,0.0,0.0,0.0,1.0,0.0,0.0,0.0,0.0,0.0,0.0,0.0,1.0,2139.0,0.0,0.0,0.0,0.0,0.0,0.0,0.0,12.0,0.0,0.0,0.0,0.0,0.0,0.0,0.0,2151.0,nan,nan,nan,,nan,nan,nan,nan,nan,nan,nan,,,,nan,nan,nan,nan,nan,nan,nan,nan,nan,nan,nan,nan,,nan,nan,,,nan,nan,nan,nan,nan,nan,nan,nan,nan,nan,nan,nan,nan,nan,nan,nan,nan,nan,nan,nan,nan,nan,nan,nan,,nan,nan,nan,,nan,,,,
0.0,0.0,0.0,0.0,0.0,0.0,0.0,0.0,2.0,0.0,0.0,0.0,0.0,0.0,0.0,0.0,2.0,2166.0,0.0,0.0,0.0,0.0,0.0,0.0,0.0,22.0,0.0,0.0,0.0,0.0,0.0,0.0,0.0,2188.0,nan,nan,nan,,nan,nan,nan,nan,nan,nan,nan,,,,nan,nan,nan,nan,nan,nan,nan,nan,nan,nan,nan,nan,,nan,nan,,,nan,nan,nan,nan,nan,nan,nan,nan,nan,nan,nan,nan,nan,nan,nan,nan,nan,nan,nan,nan,nan,nan,nan,nan,,nan,nan,nan,,nan,,,,
0.0,0.0,0.0,0.0,0.0,0.0,0.0,0.0,1.0,0.0,0.0,0.0,0.0,0.0,0.0,0.0,1.0,2177.0,0.0,0.0,0.0,0.0,0.0,0.0,0.0,17.0,0.0,0.0,0.0,0.0,0.0,0.0,0.0,2194.0,nan,nan,nan,,nan,nan,nan,nan,nan,nan,nan,,,,nan,nan,nan,nan,nan,nan,nan,nan,nan,nan,nan,nan,,nan,nan,,,nan,nan,nan,nan,nan,nan,nan,nan,nan,nan,nan,nan,nan,nan,nan,nan,nan,nan,nan,nan,nan,nan,nan,nan,,nan,nan,nan,,nan,,,,
0.0,0.0,0.0,0.0,0.0,0.0,0.0,0.0,4.0,0.0,0.0,0.0,0.0,0.0,0.0,0.0,4.0,2174.0,0.0,0.0,0.0,0.0,0.0,0.0,0.0,16.0,0.0,0.0,0.0,0.0,0.0,0.0,0.0,2190.0,nan,nan,nan,,nan,nan,nan,nan,nan,nan,nan,,,,nan,nan,nan,nan,nan,nan,nan,nan,nan,nan,nan,nan,,nan,nan,,,nan,nan,nan,nan,nan,nan,nan,nan,nan,nan,nan,nan,nan,nan,nan,nan,nan,nan,nan,nan,nan,nan,nan,nan,,nan,nan,nan,,nan,,,,
0.0,0.0,0.0,0.0,0.0,0.0,0.0,0.0,2.0,0.0,0.0,0.0,0.0,0.0,0.0,0.0,2.0,2124.0,0.0,0.0,0.0,0.0,0.0,0.0,0.0,19.0,0.0,0.0,0.0,0.0,0.0,0.0,0.0,2143.0,nan,nan,nan,,nan,nan,nan,nan,nan,nan,nan,,,,nan,nan,nan,nan,nan,nan,nan,nan,nan,nan,nan,nan,,nan,nan,,,nan,nan,nan,nan,nan,nan,nan,nan,nan,nan,nan,nan,nan,nan,nan,nan,nan,nan,nan,nan,nan,nan,nan,nan,,nan,nan,nan,,nan,,,,
0.0,0.0,0.0,0.0,0.0,0.0,0.0,0.0,7.0,0.0,0.0,0.0,0.0,0.0,0.0,0.0,7.0,2203.0,0.0,0.0,0.0,0.0,0.0,0.0,0.0,12.0,0.0,0.0,0.0,0.0,0.0,0.0,0.0,2215.0,nan,nan,nan,,nan,nan,nan,nan,nan,nan,nan,,,,nan,nan,nan,nan,nan,nan,nan,nan,nan,nan,nan,nan,,nan,nan,,,nan,nan,nan,nan,nan,nan,nan,nan,nan,nan,nan,nan,nan,nan,nan,nan,nan,nan,nan,nan,nan,nan,nan,nan,,nan,nan,nan,,nan,,,,
0.0,0.0,0.0,0.0,0.0,0.0,0.0,0.0,7.0,0.0,0.0,0.0,0.0,0.0,0.0,0.0,7.0,2183.0,0.0,0.0,0.0,0.0,0.0,0.0,0.0,16.0,0.0,0.0,0.0,0.0,0.0,0.0,0.0,2199.0,nan,nan,nan,,nan,nan,nan,nan,nan,nan,nan,,,,nan,nan,nan,nan,nan,nan,nan,nan,nan,nan,nan,nan,,nan,nan,,,nan,nan,nan,nan,nan,nan,nan,nan,nan,nan,nan,nan,nan,nan,nan,nan,nan,nan,nan,nan,nan,nan,nan,nan,,nan,nan,nan,,nan,,,,
0.0,0.0,0.0,0.0,0.0,0.0,0.0,0.0,3.0,0.0,0.0,0.0,0.0,0.0,0.0,0.0,3.0,2104.0,0.0,0.0,0.0,0.0,0.0,0.0,0.0,15.0,0.0,0.0,0.0,0.0,0.0,0.0,0.0,2119.0,nan,nan,nan,,nan,nan,nan,nan,nan,nan,nan,,,,nan,nan,nan,nan,nan,nan,nan,nan,nan,nan,nan,nan,,nan,nan,,,nan,nan,nan,nan,nan,nan,nan,nan,nan,nan,nan,nan,nan,nan,nan,nan,nan,nan,nan,nan,nan,nan,nan,nan,,nan,nan,nan,,nan,,,,
0.0,0.0,0.0,0.0,0.0,0.0,0.0,0.0,1.0,0.0,0.0,0.0,0.0,0.0,0.0,0.0,1.0,2190.0,0.0,0.0,0.0,0.0,0.0,0.0,0.0,12.0,0.0,0.0,0.0,0.0,0.0,0.0,0.0,2202.0,nan,nan,nan,,nan,nan,nan,nan,nan,nan,nan,,,,nan,nan,nan,nan,nan,nan,nan,nan,nan,nan,nan,nan,,nan,nan,,,nan,nan,nan,nan,nan,nan,nan,nan,nan,nan,nan,nan,nan,nan,nan,nan,nan,nan,nan,nan,nan,nan,nan,nan,,nan,nan,nan,,nan,,,,
0.0,0.0,0.0,0.0,0.0,0.0,0.0,0.0,2.0,0.0,0.0,0.0,0.0,0.0,0.0,0.0,2.0,2080.0,0.0,0.0,0.0,0.0,0.0,0.0,0.0,20.0,0.0,0.0,0.0,0.0,0.0,0.0,0.0,2100.0,nan,nan,nan,,nan,nan,nan,nan,nan,nan,nan,,,,nan,nan,nan,nan,nan,nan,nan,nan,nan,nan,nan,nan,,nan,nan,,,nan,nan,nan,nan,nan,nan,nan,nan,nan,nan,nan,nan,nan,nan,nan,nan,nan,nan,nan,nan,nan,nan,nan,nan,,nan,nan,nan,,nan,,,,
0.0,0.0,0.0,0.0,0.0,0.0,0.0,0.0,2.0,0.0,0.0,0.0,0.0,0.0,0.0,0.0,2.0,2155.0,0.0,0.0,0.0,0.0,0.0,0.0,0.0,14.0,0.0,0.0,0.0,0.0,0.0,0.0,0.0,2169.0,nan,nan,nan,,nan,nan,nan,nan,nan,nan,nan,,,,nan,nan,nan,nan,nan,nan,nan,nan,nan,nan,nan,nan,,nan,nan,,,nan,nan,nan,nan,nan,nan,nan,nan,nan,nan,nan,nan,nan,nan,nan,nan,nan,nan,nan,nan,nan,nan,nan,nan,,nan,nan,nan,,nan,,,,
0.0,0.0,0.0,0.0,0.0,0.0,0.0,0.0,6.0,0.0,0.0,0.0,0.0,0.0,0.0,0.0,6.0,2091.0,0.0,0.0,0.0,0.0,0.0,0.0,0.0,7.0,0.0,0.0,0.0,0.0,0.0,0.0,0.0,2098.0,nan,nan,nan,,nan,nan,nan,nan,nan,nan,nan,,,,nan,nan,nan,nan,nan,nan,nan,nan,nan,nan,nan,nan,,nan,nan,,,nan,nan,nan,nan,nan,nan,nan,nan,nan,nan,nan,nan,nan,nan,nan,nan,nan,nan,nan,nan,nan,nan,nan,nan,,nan,nan,nan,,nan,,,,
0.0,0.0,0.0,0.0,0.0,0.0,0.0,0.0,4.0,0.0,0.0,0.0,0.0,0.0,0.0,0.0,4.0,2176.0,0.0,0.0,0.0,0.0,0.0,0.0,0.0,10.0,0.0,0.0,0.0,0.0,0.0,0.0,0.0,2186.0,nan,nan,nan,,nan,nan,nan,nan,nan,nan,nan,,,,nan,nan,nan,nan,nan,nan,nan,nan,nan,nan,nan,nan,,nan,nan,,,nan,nan,nan,nan,nan,nan,nan,nan,nan,nan,nan,nan,nan,nan,nan,nan,nan,nan,nan,nan,nan,nan,nan,nan,,nan,nan,nan,,nan,,,,
0.0,0.0,0.0,0.0,0.0,0.0,0.0,0.0,2.0,0.0,0.0,0.0,0.0,0.0,0.0,0.0,2.0,2181.0,0.0,0.0,0.0,0.0,0.0,0.0,0.0,8.0,0.0,0.0,0.0,0.0,0.0,0.0,0.0,2189.0,nan,nan,nan,,nan,nan,nan,nan,nan,nan,nan,,,,nan,nan,nan,nan,nan,nan,nan,nan,nan,nan,nan,nan,,nan,nan,,,nan,nan,nan,nan,nan,nan,nan,nan,nan,nan,nan,nan,nan,nan,nan,nan,nan,nan,nan,nan,nan,nan,nan,nan,,nan,nan,nan,,nan,,,,
0.0,0.0,0.0,0.0,0.0,0.0,0.0,0.0,1.0,0.0,0.0,0.0,0.0,0.0,0.0,0.0,1.0,2145.0,0.0,0.0,0.0,0.0,0.0,0.0,0.0,13.0,0.0,0.0,0.0,0.0,0.0,0.0,0.0,2158.0,nan,nan,nan,,nan,nan,nan,nan,nan,nan,nan,,,,nan,nan,nan,nan,nan,nan,nan,nan,nan,nan,nan,nan,,nan,nan,,,nan,nan,nan,nan,nan,nan,nan,nan,nan,nan,nan,nan,nan,nan,nan,nan,nan,nan,nan,nan,nan,nan,nan,nan,,nan,nan,nan,,nan,,,,
0.0,0.0,0.0,0.0,0.0,0.0,0.0,0.0,2.0,0.0,0.0,0.0,0.0,0.0,0.0,0.0,2.0,2108.0,0.0,0.0,0.0,0.0,0.0,0.0,0.0,13.0,0.0,0.0,0.0,0.0,0.0,0.0,0.0,2121.0,nan,nan,nan,,nan,nan,nan,nan,nan,nan,nan,,,,nan,nan,nan,nan,nan,nan,nan,nan,nan,nan,nan,nan,,nan,nan,,,nan,nan,nan,nan,nan,nan,nan,nan,nan,nan,nan,nan,nan,nan,nan,nan,nan,nan,nan,nan,nan,nan,nan,nan,,nan,nan,nan,,nan,,,,
0.0,0.0,0.0,0.0,0.0,0.0,0.0,0.0,5.0,0.0,0.0,0.0,0.0,0.0,0.0,0.0,5.0,2111.0,0.0,0.0,0.0,0.0,0.0,0.0,0.0,13.0,0.0,0.0,0.0,0.0,0.0,0.0,0.0,2124.0,nan,nan,nan,,nan,nan,nan,nan,nan,nan,nan,,,,nan,nan,nan,nan,nan,nan,nan,nan,nan,nan,nan,nan,,nan,nan,,,nan,nan,nan,nan,nan,nan,nan,nan,nan,nan,nan,nan,nan,nan,nan,nan,nan,nan,nan,nan,nan,nan,nan,nan,,nan,nan,nan,,nan,,,,
0.0,0.0,0.0,0.0,0.0,0.0,0.0,0.0,2.0,0.0,0.0,0.0,0.0,0.0,0.0,0.0,2.0,2226.0,0.0,0.0,0.0,0.0,0.0,0.0,0.0,11.0,0.0,0.0,0.0,0.0,0.0,0.0,0.0,2237.0,nan,nan,nan,,nan,nan,nan,nan,nan,nan,nan,,,,nan,nan,nan,nan,nan,nan,nan,nan,nan,nan,nan,nan,,nan,nan,,,nan,nan,nan,nan,nan,nan,nan,nan,nan,nan,nan,nan,nan,nan,nan,nan,nan,nan,nan,nan,nan,nan,nan,nan,,nan,nan,nan,,nan,,,,
0.0,0.0,0.0,0.0,0.0,0.0,0.0,0.0,4.0,0.0,0.0,0.0,0.0,0.0,0.0,0.0,4.0,2209.0,0.0,0.0,0.0,0.0,0.0,0.0,0.0,13.0,0.0,0.0,0.0,0.0,0.0,0.0,0.0,2222.0,nan,nan,nan,,nan,nan,nan,nan,nan,nan,nan,,,,nan,nan,nan,nan,nan,nan,nan,nan,nan,nan,nan,nan,,nan,nan,,,nan,nan,nan,nan,nan,nan,nan,nan,nan,nan,nan,nan,nan,nan,nan,nan,nan,nan,nan,nan,nan,nan,nan,nan,,nan,nan,nan,,nan,,,,
0.0,0.0,0.0,0.0,0.0,0.0,0.0,0.0,1.0,0.0,0.0,0.0,0.0,0.0,0.0,0.0,1.0,2055.0,0.0,0.0,0.0,0.0,0.0,0.0,0.0,15.0,0.0,0.0,0.0,0.0,0.0,0.0,0.0,2070.0,nan,nan,nan,,nan,nan,nan,nan,nan,nan,nan,,,,nan,nan,nan,nan,nan,nan,nan,nan,nan,nan,nan,nan,,nan,nan,,,nan,nan,nan,nan,nan,nan,nan,nan,nan,nan,nan,nan,nan,nan,nan,nan,nan,nan,nan,nan,nan,nan,nan,nan,,nan,nan,nan,,nan,,,,
0.0,0.0,0.0,0.0,0.0,0.0,0.0,0.0,0.0,0.0,0.0,0.0,0.0,0.0,0.0,0.0,0.0,2115.0,0.0,0.0,0.0,0.0,0.0,0.0,0.0,13.0,0.0,0.0,0.0,0.0,0.0,0.0,0.0,2128.0,nan,nan,nan,,nan,nan,nan,nan,nan,nan,nan,,,,nan,nan,nan,nan,nan,nan,nan,nan,nan,nan,nan,nan,,nan,nan,,,nan,nan,nan,nan,nan,nan,nan,nan,nan,nan,nan,nan,nan,nan,nan,nan,nan,nan,nan,nan,nan,nan,nan,nan,,nan,nan,nan,,nan,,,,
0.0,0.0,0.0,0.0,0.0,0.0,0.0,0.0,4.0,0.0,0.0,0.0,0.0,0.0,0.0,0.0,4.0,2046.0,0.0,0.0,0.0,0.0,0.0,0.0,0.0,10.0,0.0,0.0,0.0,0.0,0.0,0.0,0.0,2056.0,nan,nan,nan,,nan,nan,nan,nan,nan,nan,nan,,,,nan,nan,nan,nan,nan,nan,nan,nan,nan,nan,nan,nan,,nan,nan,,,nan,nan,nan,nan,nan,nan,nan,nan,nan,nan,nan,nan,nan,nan,nan,nan,nan,nan,nan,nan,nan,nan,nan,nan,,nan,nan,nan,,nan,,,,
0.0,0.0,0.0,0.0,0.0,0.0,0.0,0.0,4.0,0.0,0.0,0.0,0.0,0.0,0.0,0.0,4.0,2198.0,0.0,0.0,0.0,0.0,0.0,0.0,0.0,7.0,0.0,0.0,0.0,0.0,0.0,0.0,0.0,2205.0,nan,nan,nan,,nan,nan,nan,nan,nan,nan,nan,,,,nan,nan,nan,nan,nan,nan,nan,nan,nan,nan,nan,nan,,nan,nan,,,nan,nan,nan,nan,nan,nan,nan,nan,nan,nan,nan,nan,nan,nan,nan,nan,nan,nan,nan,nan,nan,nan,nan,nan,,nan,nan,nan,,nan,,,,
0.0,0.0,0.0,0.0,0.0,0.0,0.0,0.0,0.0,0.0,0.0,0.0,0.0,0.0,0.0,0.0,0.0,2200.0,0.0,0.0,0.0,0.0,0.0,0.0,0.0,9.0,0.0,0.0,0.0,0.0,0.0,0.0,0.0,2209.0,nan,nan,nan,,nan,nan,nan,nan,nan,nan,nan,,,,nan,nan,nan,nan,nan,nan,nan,nan,nan,nan,nan,nan,,nan,nan,,,nan,nan,nan,nan,nan,nan,nan,nan,nan,nan,nan,nan,nan,nan,nan,nan,nan,nan,nan,nan,nan,nan,nan,nan,,nan,nan,nan,,nan,,,,
0.0,0.0,0.0,0.0,0.0,0.0,0.0,0.0,4.0,0.0,0.0,0.0,0.0,0.0,0.0,0.0,4.0,2188.0,0.0,0.0,0.0,0.0,0.0,0.0,0.0,15.0,0.0,0.0,0.0,0.0,0.0,0.0,0.0,2203.0,nan,nan,nan,,nan,nan,nan,nan,nan,nan,nan,,,,nan,nan,nan,nan,nan,nan,nan,nan,nan,nan,nan,nan,,nan,nan,,,nan,nan,nan,nan,nan,nan,nan,nan,nan,nan,nan,nan,nan,nan,nan,nan,nan,nan,nan,nan,nan,nan,nan,nan,,nan,nan,nan,,nan,,,,
0.0,0.0,0.0,0.0,0.0,0.0,0.0,0.0,5.0,0.0,0.0,0.0,0.0,0.0,0.0,0.0,5.0,2104.0,0.0,0.0,0.0,0.0,0.0,0.0,0.0,6.0,0.0,0.0,0.0,0.0,0.0,0.0,0.0,2110.0,nan,nan,nan,,nan,nan,nan,nan,nan,nan,nan,,,,nan,nan,nan,nan,nan,nan,nan,nan,nan,nan,nan,nan,,nan,nan,,,nan,nan,nan,nan,nan,nan,nan,nan,nan,nan,nan,nan,nan,nan,nan,nan,nan,nan,nan,nan,nan,nan,nan,nan,,nan,nan,nan,,nan,,,,
0.0,0.0,0.0,0.0,0.0,0.0,0.0,0.0,2.0,0.0,0.0,0.0,0.0,0.0,0.0,0.0,2.0,2158.0,0.0,0.0,0.0,0.0,0.0,0.0,0.0,4.0,0.0,0.0,0.0,0.0,0.0,0.0,0.0,2162.0,nan,nan,nan,,nan,nan,nan,nan,nan,nan,nan,,,,nan,nan,nan,nan,nan,nan,nan,nan,nan,nan,nan,nan,,nan,nan,,,nan,nan,nan,nan,nan,nan,nan,nan,nan,nan,nan,nan,nan,nan,nan,nan,nan,nan,nan,nan,nan,nan,nan,nan,,nan,nan,nan,,nan,,,,
0.0,0.0,0.0,0.0,0.0,0.0,0.0,0.0,4.0,0.0,0.0,0.0,0.0,0.0,0.0,0.0,4.0,2181.0,0.0,0.0,0.0,0.0,0.0,0.0,0.0,12.0,0.0,0.0,0.0,0.0,0.0,0.0,0.0,2193.0,nan,nan,nan,,nan,nan,nan,nan,nan,nan,nan,,,,nan,nan,nan,nan,nan,nan,nan,nan,nan,nan,nan,nan,,nan,nan,,,nan,nan,nan,nan,nan,nan,nan,nan,nan,nan,nan,nan,nan,nan,nan,nan,nan,nan,nan,nan,nan,nan,nan,nan,,nan,nan,nan,,nan,,,,
0.0,0.0,0.0,0.0,0.0,0.0,0.0,0.0,2.0,0.0,0.0,0.0,0.0,0.0,0.0,0.0,2.0,2108.0,0.0,0.0,0.0,0.0,0.0,0.0,0.0,8.0,0.0,0.0,0.0,0.0,0.0,0.0,0.0,2116.0,nan,nan,nan,,nan,nan,nan,nan,nan,nan,nan,,,,nan,nan,nan,nan,nan,nan,nan,nan,nan,nan,nan,nan,,nan,nan,,,nan,nan,nan,nan,nan,nan,nan,nan,nan,nan,nan,nan,nan,nan,nan,nan,nan,nan,nan,nan,nan,nan,nan,nan,,nan,nan,nan,,nan,,,,
0.0,0.0,0.0,0.0,0.0,0.0,0.0,0.0,0.0,0.0,0.0,0.0,0.0,0.0,0.0,0.0,0.0,2197.0,0.0,0.0,0.0,0.0,0.0,0.0,0.0,11.0,0.0,0.0,0.0,0.0,0.0,0.0,0.0,2208.0,nan,nan,nan,,nan,nan,nan,nan,nan,nan,nan,,,,nan,nan,nan,nan,nan,nan,nan,nan,nan,nan,nan,nan,,nan,nan,,,nan,nan,nan,nan,nan,nan,nan,nan,nan,nan,nan,nan,nan,nan,nan,nan,nan,nan,nan,nan,nan,nan,nan,nan,,nan,nan,nan,,nan,,,,
0.0,0.0,0.0,0.0,0.0,0.0,0.0,0.0,3.0,0.0,0.0,0.0,0.0,0.0,0.0,0.0,3.0,2176.0,0.0,0.0,0.0,0.0,0.0,0.0,0.0,16.0,0.0,0.0,0.0,0.0,0.0,0.0,0.0,2192.0,nan,nan,nan,,nan,nan,nan,nan,nan,nan,nan,,,,nan,nan,nan,nan,nan,nan,nan,nan,nan,nan,nan,nan,,nan,nan,,,nan,nan,nan,nan,nan,nan,nan,nan,nan,nan,nan,nan,nan,nan,nan,nan,nan,nan,nan,nan,nan,nan,nan,nan,,nan,nan,nan,,nan,,,,
0.0,0.0,0.0,0.0,0.0,0.0,0.0,0.0,4.0,0.0,0.0,0.0,0.0,0.0,0.0,0.0,4.0,2241.0,0.0,0.0,0.0,0.0,0.0,0.0,0.0,8.0,0.0,0.0,0.0,0.0,0.0,0.0,0.0,2249.0,nan,nan,nan,,nan,nan,nan,nan,nan,nan,nan,,,,nan,nan,nan,nan,nan,nan,nan,nan,nan,nan,nan,nan,,nan,nan,,,nan,nan,nan,nan,nan,nan,nan,nan,nan,nan,nan,nan,nan,nan,nan,nan,nan,nan,nan,nan,nan,nan,nan,nan,,nan,nan,nan,,nan,,,,
0.0,0.0,0.0,0.0,0.0,0.0,0.0,0.0,3.0,0.0,0.0,0.0,0.0,0.0,0.0,0.0,3.0,2133.0,0.0,0.0,0.0,0.0,0.0,0.0,0.0,16.0,0.0,0.0,0.0,0.0,0.0,0.0,0.0,2149.0,nan,nan,nan,,nan,nan,nan,nan,nan,nan,nan,,,,nan,nan,nan,nan,nan,nan,nan,nan,nan,nan,nan,nan,,nan,nan,,,nan,nan,nan,nan,nan,nan,nan,nan,nan,nan,nan,nan,nan,nan,nan,nan,nan,nan,nan,nan,nan,nan,nan,nan,,nan,nan,nan,,nan,,,,
0.0,0.0,0.0,0.0,0.0,0.0,0.0,0.0,2.0,0.0,0.0,0.0,0.0,0.0,0.0,0.0,2.0,2171.0,0.0,0.0,0.0,0.0,0.0,0.0,0.0,17.0,0.0,0.0,0.0,0.0,0.0,0.0,0.0,2188.0,nan,nan,nan,,nan,nan,nan,nan,nan,nan,nan,,,,nan,nan,nan,nan,nan,nan,nan,nan,nan,nan,nan,nan,,nan,nan,,,nan,nan,nan,nan,nan,nan,nan,nan,nan,nan,nan,nan,nan,nan,nan,nan,nan,nan,nan,nan,nan,nan,nan,nan,,nan,nan,nan,,nan,,,,
0.0,0.0,0.0,0.0,0.0,0.0,0.0,0.0,1.0,0.0,0.0,0.0,0.0,0.0,0.0,0.0,1.0,2113.0,0.0,0.0,0.0,0.0,0.0,0.0,0.0,12.0,0.0,0.0,0.0,0.0,0.0,0.0,0.0,2125.0,nan,nan,nan,,nan,nan,nan,nan,nan,nan,nan,,,,nan,nan,nan,nan,nan,nan,nan,nan,nan,nan,nan,nan,,nan,nan,,,nan,nan,nan,nan,nan,nan,nan,nan,nan,nan,nan,nan,nan,nan,nan,nan,nan,nan,nan,nan,nan,nan,nan,nan,,nan,nan,nan,,nan,,,,
0.0,0.0,0.0,0.0,0.0,0.0,0.0,0.0,2.0,0.0,0.0,0.0,0.0,0.0,0.0,0.0,2.0,2069.0,0.0,0.0,0.0,0.0,0.0,0.0,0.0,13.0,0.0,0.0,0.0,0.0,0.0,0.0,0.0,2082.0,nan,nan,nan,,nan,nan,nan,nan,nan,nan,nan,,,,nan,nan,nan,nan,nan,nan,nan,nan,nan,nan,nan,nan,,nan,nan,,,nan,nan,nan,nan,nan,nan,nan,nan,nan,nan,nan,nan,nan,nan,nan,nan,nan,nan,nan,nan,nan,nan,nan,nan,,nan,nan,nan,,nan,,,,
0.0,0.0,0.0,0.0,0.0,0.0,0.0,0.0,3.0,0.0,0.0,0.0,0.0,0.0,0.0,0.0,3.0,2135.0,0.0,0.0,0.0,0.0,0.0,0.0,0.0,14.0,0.0,0.0,0.0,0.0,0.0,0.0,0.0,2149.0,nan,nan,nan,,nan,nan,nan,nan,nan,nan,nan,,,,nan,nan,nan,nan,nan,nan,nan,nan,nan,nan,nan,nan,,nan,nan,,,nan,nan,nan,nan,nan,nan,nan,nan,nan,nan,nan,nan,nan,nan,nan,nan,nan,nan,nan,nan,nan,nan,nan,nan,,nan,nan,nan,,nan,,,,
0.0,0.0,0.0,0.0,0.0,0.0,0.0,0.0,1.0,0.0,0.0,0.0,0.0,0.0,0.0,0.0,1.0,2164.0,0.0,0.0,0.0,0.0,0.0,0.0,0.0,12.0,0.0,0.0,0.0,0.0,0.0,0.0,0.0,2176.0,nan,nan,nan,,nan,nan,nan,nan,nan,nan,nan,,,,nan,nan,nan,nan,nan,nan,nan,nan,nan,nan,nan,nan,,nan,nan,,,nan,nan,nan,nan,nan,nan,nan,nan,nan,nan,nan,nan,nan,nan,nan,nan,nan,nan,nan,nan,nan,nan,nan,nan,,nan,nan,nan,,nan,,,,
0.0,0.0,0.0,0.0,0.0,0.0,0.0,0.0,1.0,0.0,0.0,0.0,0.0,0.0,0.0,0.0,1.0,2189.0,0.0,0.0,0.0,0.0,0.0,0.0,0.0,11.0,0.0,0.0,0.0,0.0,0.0,0.0,0.0,2200.0,nan,nan,nan,,nan,nan,nan,nan,nan,nan,nan,,,,nan,nan,nan,nan,nan,nan,nan,nan,nan,nan,nan,nan,,nan,nan,,,nan,nan,nan,nan,nan,nan,nan,nan,nan,nan,nan,nan,nan,nan,nan,nan,nan,nan,nan,nan,nan,nan,nan,nan,,nan,nan,nan,,nan,,,,
0.0,0.0,0.0,0.0,0.0,0.0,0.0,0.0,2.0,0.0,0.0,0.0,0.0,0.0,0.0,0.0,2.0,2107.0,0.0,0.0,0.0,0.0,0.0,0.0,0.0,14.0,0.0,0.0,0.0,0.0,0.0,0.0,0.0,2121.0,nan,nan,nan,,nan,nan,nan,nan,nan,nan,nan,,,,nan,nan,nan,nan,nan,nan,nan,nan,nan,nan,nan,nan,,nan,nan,,,nan,nan,nan,nan,nan,nan,nan,nan,nan,nan,nan,nan,nan,nan,nan,nan,nan,nan,nan,nan,nan,nan,nan,nan,,nan,nan,nan,,nan,,,,
0.0,0.0,0.0,0.0,0.0,0.0,0.0,0.0,3.0,0.0,0.0,0.0,0.0,0.0,0.0,0.0,3.0,2249.0,0.0,0.0,0.0,0.0,0.0,0.0,0.0,13.0,0.0,0.0,0.0,0.0,0.0,0.0,0.0,2262.0,nan,nan,nan,,nan,nan,nan,nan,nan,nan,nan,,,,nan,nan,nan,nan,nan,nan,nan,nan,nan,nan,nan,nan,,nan,nan,,,nan,nan,nan,nan,nan,nan,nan,nan,nan,nan,nan,nan,nan,nan,nan,nan,nan,nan,nan,nan,nan,nan,nan,nan,,nan,nan,nan,,nan,,,,
0.0,0.0,0.0,0.0,0.0,0.0,0.0,0.0,1.0,0.0,0.0,0.0,0.0,0.0,0.0,0.0,1.0,2133.0,0.0,0.0,0.0,0.0,0.0,0.0,0.0,10.0,0.0,0.0,0.0,0.0,0.0,0.0,0.0,2143.0,nan,nan,nan,,nan,nan,nan,nan,nan,nan,nan,,,,nan,nan,nan,nan,nan,nan,nan,nan,nan,nan,nan,nan,,nan,nan,,,nan,nan,nan,nan,nan,nan,nan,nan,nan,nan,nan,nan,nan,nan,nan,nan,nan,nan,nan,nan,nan,nan,nan,nan,,nan,nan,nan,,nan,,,,
0.0,0.0,0.0,0.0,0.0,0.0,0.0,0.0,4.0,0.0,0.0,0.0,0.0,0.0,0.0,0.0,4.0,2127.0,0.0,0.0,0.0,0.0,0.0,0.0,0.0,13.0,0.0,0.0,0.0,0.0,0.0,0.0,0.0,2140.0,nan,nan,nan,,nan,nan,nan,nan,nan,nan,nan,,,,nan,nan,nan,nan,nan,nan,nan,nan,nan,nan,nan,nan,,nan,nan,,,nan,nan,nan,nan,nan,nan,nan,nan,nan,nan,nan,nan,nan,nan,nan,nan,nan,nan,nan,nan,nan,nan,nan,nan,,nan,nan,nan,,nan,,,,
0.0,0.0,0.0,0.0,0.0,0.0,0.0,0.0,2.0,0.0,0.0,0.0,0.0,0.0,0.0,0.0,2.0,2098.0,0.0,0.0,0.0,0.0,0.0,0.0,0.0,17.0,0.0,0.0,0.0,0.0,0.0,0.0,0.0,2115.0,nan,nan,nan,,nan,nan,nan,nan,nan,nan,nan,,,,nan,nan,nan,nan,nan,nan,nan,nan,nan,nan,nan,nan,,nan,nan,,,nan,nan,nan,nan,nan,nan,nan,nan,nan,nan,nan,nan,nan,nan,nan,nan,nan,nan,nan,nan,nan,nan,nan,nan,,nan,nan,nan,,nan,,,,
0.0,0.0,0.0,0.0,0.0,0.0,0.0,0.0,1.0,0.0,0.0,0.0,0.0,0.0,0.0,0.0,1.0,2184.0,0.0,0.0,0.0,0.0,0.0,0.0,0.0,8.0,0.0,0.0,0.0,0.0,0.0,0.0,0.0,2192.0,nan,nan,nan,,nan,nan,nan,nan,nan,nan,nan,,,,nan,nan,nan,nan,nan,nan,nan,nan,nan,nan,nan,nan,,nan,nan,,,nan,nan,nan,nan,nan,nan,nan,nan,nan,nan,nan,nan,nan,nan,nan,nan,nan,nan,nan,nan,nan,nan,nan,nan,,nan,nan,nan,,nan,,,,
0.0,0.0,0.0,0.0,0.0,0.0,0.0,0.0,2.0,0.0,0.0,0.0,0.0,0.0,0.0,0.0,2.0,2192.0,0.0,0.0,0.0,0.0,0.0,0.0,0.0,18.0,0.0,0.0,0.0,0.0,0.0,0.0,0.0,2210.0,nan,nan,nan,,nan,nan,nan,nan,nan,nan,nan,,,,nan,nan,nan,nan,nan,nan,nan,nan,nan,nan,nan,nan,,nan,nan,,,nan,nan,nan,nan,nan,nan,nan,nan,nan,nan,nan,nan,nan,nan,nan,nan,nan,nan,nan,nan,nan,nan,nan,nan,,nan,nan,nan,,nan,,,,
0.0,0.0,0.0,0.0,0.0,0.0,0.0,0.0,2.0,0.0,0.0,0.0,0.0,0.0,0.0,0.0,2.0,2242.0,0.0,0.0,0.0,0.0,0.0,0.0,0.0,9.0,0.0,0.0,0.0,0.0,0.0,0.0,0.0,2251.0,nan,nan,nan,,nan,nan,nan,nan,nan,nan,nan,,,,nan,nan,nan,nan,nan,nan,nan,nan,nan,nan,nan,nan,,nan,nan,,,nan,nan,nan,nan,nan,nan,nan,nan,nan,nan,nan,nan,nan,nan,nan,nan,nan,nan,nan,nan,nan,nan,nan,nan,,nan,nan,nan,,nan,,,,
0.0,0.0,0.0,0.0,0.0,0.0,0.0,0.0,1.0,0.0,0.0,0.0,0.0,0.0,0.0,0.0,1.0,2150.0,0.0,0.0,0.0,0.0,0.0,0.0,0.0,15.0,0.0,0.0,0.0,0.0,0.0,0.0,0.0,2165.0,nan,nan,nan,,nan,nan,nan,nan,nan,nan,nan,,,,nan,nan,nan,nan,nan,nan,nan,nan,nan,nan,nan,nan,,nan,nan,,,nan,nan,nan,nan,nan,nan,nan,nan,nan,nan,nan,nan,nan,nan,nan,nan,nan,nan,nan,nan,nan,nan,nan,nan,,nan,nan,nan,,nan,,,,
0.0,0.0,0.0,0.0,0.0,0.0,0.0,0.0,4.0,0.0,0.0,0.0,0.0,0.0,0.0,0.0,4.0,2197.0,0.0,0.0,0.0,0.0,0.0,0.0,0.0,14.0,0.0,0.0,0.0,0.0,0.0,0.0,0.0,2211.0,nan,nan,nan,,nan,nan,nan,nan,nan,nan,nan,,,,nan,nan,nan,nan,nan,nan,nan,nan,nan,nan,nan,nan,,nan,nan,,,nan,nan,nan,nan,nan,nan,nan,nan,nan,nan,nan,nan,nan,nan,nan,nan,nan,nan,nan,nan,nan,nan,nan,nan,,nan,nan,nan,,nan,,,,
0.0,0.0,0.0,0.0,0.0,0.0,0.0,0.0,1.0,0.0,0.0,0.0,0.0,0.0,0.0,0.0,1.0,2148.0,0.0,0.0,0.0,0.0,0.0,0.0,0.0,16.0,0.0,0.0,0.0,0.0,0.0,0.0,0.0,2164.0,nan,nan,nan,,nan,nan,nan,nan,nan,nan,nan,,,,nan,nan,nan,nan,nan,nan,nan,nan,nan,nan,nan,nan,,nan,nan,,,nan,nan,nan,nan,nan,nan,nan,nan,nan,nan,nan,nan,nan,nan,nan,nan,nan,nan,nan,nan,nan,nan,nan,nan,,nan,nan,nan,,nan,,,,
0.0,0.0,0.0,0.0,0.0,0.0,0.0,0.0,1.0,0.0,0.0,0.0,0.0,0.0,0.0,0.0,1.0,2167.0,0.0,0.0,0.0,0.0,0.0,0.0,0.0,7.0,0.0,0.0,0.0,0.0,0.0,0.0,0.0,2174.0,nan,nan,nan,,nan,nan,nan,nan,nan,nan,nan,,,,nan,nan,nan,nan,nan,nan,nan,nan,nan,nan,nan,nan,,nan,nan,,,nan,nan,nan,nan,nan,nan,nan,nan,nan,nan,nan,nan,nan,nan,nan,nan,nan,nan,nan,nan,nan,nan,nan,nan,,nan,nan,nan,,nan,,,,
0.0,0.0,0.0,0.0,0.0,0.0,0.0,0.0,1.0,0.0,0.0,0.0,0.0,0.0,0.0,0.0,1.0,2157.0,0.0,0.0,0.0,0.0,0.0,0.0,0.0,15.0,0.0,0.0,0.0,0.0,0.0,0.0,0.0,2172.0,nan,nan,nan,,nan,nan,nan,nan,nan,nan,nan,,,,nan,nan,nan,nan,nan,nan,nan,nan,nan,nan,nan,nan,,nan,nan,,,nan,nan,nan,nan,nan,nan,nan,nan,nan,nan,nan,nan,nan,nan,nan,nan,nan,nan,nan,nan,nan,nan,nan,nan,,nan,nan,nan,,nan,,,,
0.0,0.0,0.0,0.0,0.0,0.0,0.0,0.0,3.0,0.0,0.0,0.0,0.0,0.0,0.0,0.0,3.0,2239.0,0.0,0.0,0.0,0.0,0.0,0.0,0.0,10.0,0.0,0.0,0.0,0.0,0.0,0.0,0.0,2249.0,nan,nan,nan,,nan,nan,nan,nan,nan,nan,nan,,,,nan,nan,nan,nan,nan,nan,nan,nan,nan,nan,nan,nan,,nan,nan,,,nan,nan,nan,nan,nan,nan,nan,nan,nan,nan,nan,nan,nan,nan,nan,nan,nan,nan,nan,nan,nan,nan,nan,nan,,nan,nan,nan,,nan,,,,
0.0,0.0,0.0,0.0,0.0,0.0,0.0,0.0,3.0,0.0,0.0,0.0,0.0,0.0,0.0,0.0,3.0,2022.0,0.0,0.0,0.0,0.0,0.0,0.0,0.0,12.0,0.0,0.0,0.0,0.0,0.0,0.0,0.0,2034.0,nan,nan,nan,,nan,nan,nan,nan,nan,nan,nan,,,,nan,nan,nan,nan,nan,nan,nan,nan,nan,nan,nan,nan,,nan,nan,,,nan,nan,nan,nan,nan,nan,nan,nan,nan,nan,nan,nan,nan,nan,nan,nan,nan,nan,nan,nan,nan,nan,nan,nan,,nan,nan,nan,,nan,,,,
0.0,0.0,0.0,0.0,0.0,0.0,0.0,0.0,4.0,0.0,0.0,0.0,0.0,0.0,0.0,0.0,4.0,2224.0,0.0,0.0,0.0,0.0,0.0,0.0,0.0,18.0,0.0,0.0,0.0,0.0,0.0,0.0,0.0,2242.0,nan,nan,nan,,nan,nan,nan,nan,nan,nan,nan,,,,nan,nan,nan,nan,nan,nan,nan,nan,nan,nan,nan,nan,,nan,nan,,,nan,nan,nan,nan,nan,nan,nan,nan,nan,nan,nan,nan,nan,nan,nan,nan,nan,nan,nan,nan,nan,nan,nan,nan,,nan,nan,nan,,nan,,,,
0.0,0.0,0.0,0.0,0.0,0.0,0.0,0.0,2.0,0.0,0.0,0.0,0.0,0.0,0.0,0.0,2.0,2162.0,0.0,0.0,0.0,0.0,0.0,0.0,0.0,13.0,0.0,0.0,0.0,0.0,0.0,0.0,0.0,2175.0,nan,nan,nan,,nan,nan,nan,nan,nan,nan,nan,,,,nan,nan,nan,nan,nan,nan,nan,nan,nan,nan,nan,nan,,nan,nan,,,nan,nan,nan,nan,nan,nan,nan,nan,nan,nan,nan,nan,nan,nan,nan,nan,nan,nan,nan,nan,nan,nan,nan,nan,,nan,nan,nan,,nan,,,,
0.0,0.0,0.0,0.0,0.0,0.0,0.0,0.0,4.0,0.0,0.0,0.0,0.0,0.0,0.0,0.0,4.0,2076.0,0.0,0.0,0.0,0.0,0.0,0.0,0.0,13.0,0.0,0.0,0.0,0.0,0.0,0.0,0.0,2089.0,nan,nan,nan,,nan,nan,nan,nan,nan,nan,nan,,,,nan,nan,nan,nan,nan,nan,nan,nan,nan,nan,nan,nan,,nan,nan,,,nan,nan,nan,nan,nan,nan,nan,nan,nan,nan,nan,nan,nan,nan,nan,nan,nan,nan,nan,nan,nan,nan,nan,nan,,nan,nan,nan,,nan,,,,
0.0,0.0,0.0,0.0,0.0,0.0,0.0,0.0,3.0,0.0,0.0,0.0,0.0,0.0,0.0,0.0,3.0,2198.0,0.0,0.0,0.0,0.0,0.0,0.0,0.0,9.0,0.0,0.0,0.0,0.0,0.0,0.0,0.0,2207.0,nan,nan,nan,,nan,nan,nan,nan,nan,nan,nan,,,,nan,nan,nan,nan,nan,nan,nan,nan,nan,nan,nan,nan,,nan,nan,,,nan,nan,nan,nan,nan,nan,nan,nan,nan,nan,nan,nan,nan,nan,nan,nan,nan,nan,nan,nan,nan,nan,nan,nan,,nan,nan,nan,,nan,,,,
0.0,0.0,0.0,0.0,0.0,0.0,0.0,0.0,0.0,0.0,0.0,0.0,0.0,0.0,0.0,0.0,0.0,2075.0,0.0,0.0,0.0,0.0,0.0,0.0,0.0,7.0,0.0,0.0,0.0,0.0,0.0,0.0,0.0,2082.0,nan,nan,nan,,nan,nan,nan,nan,nan,nan,nan,,,,nan,nan,nan,nan,nan,nan,nan,nan,nan,nan,nan,nan,,nan,nan,,,nan,nan,nan,nan,nan,nan,nan,nan,nan,nan,nan,nan,nan,nan,nan,nan,nan,nan,nan,nan,nan,nan,nan,nan,,nan,nan,nan,,nan,,,,
0.0,0.0,0.0,0.0,0.0,0.0,0.0,0.0,6.0,0.0,0.0,0.0,0.0,0.0,0.0,0.0,6.0,2198.0,0.0,0.0,0.0,0.0,0.0,0.0,0.0,7.0,0.0,0.0,0.0,0.0,0.0,0.0,0.0,2205.0,nan,nan,nan,,nan,nan,nan,nan,nan,nan,nan,,,,nan,nan,nan,nan,nan,nan,nan,nan,nan,nan,nan,nan,,nan,nan,,,nan,nan,nan,nan,nan,nan,nan,nan,nan,nan,nan,nan,nan,nan,nan,nan,nan,nan,nan,nan,nan,nan,nan,nan,,nan,nan,nan,,nan,,,,
0.0,0.0,0.0,0.0,0.0,0.0,0.0,0.0,2.0,0.0,0.0,0.0,0.0,0.0,0.0,0.0,2.0,2089.0,0.0,0.0,0.0,0.0,0.0,0.0,0.0,15.0,0.0,0.0,0.0,0.0,0.0,0.0,0.0,2104.0,nan,nan,nan,,nan,nan,nan,nan,nan,nan,nan,,,,nan,nan,nan,nan,nan,nan,nan,nan,nan,nan,nan,nan,,nan,nan,,,nan,nan,nan,nan,nan,nan,nan,nan,nan,nan,nan,nan,nan,nan,nan,nan,nan,nan,nan,nan,nan,nan,nan,nan,,nan,nan,nan,,nan,,,,
0.0,0.0,0.0,0.0,0.0,0.0,0.0,0.0,5.0,0.0,0.0,0.0,0.0,0.0,0.0,0.0,5.0,2140.0,0.0,0.0,0.0,0.0,0.0,0.0,0.0,9.0,0.0,0.0,0.0,0.0,0.0,0.0,0.0,2149.0,nan,nan,nan,,nan,nan,nan,nan,nan,nan,nan,,,,nan,nan,nan,nan,nan,nan,nan,nan,nan,nan,nan,nan,,nan,nan,,,nan,nan,nan,nan,nan,nan,nan,nan,nan,nan,nan,nan,nan,nan,nan,nan,nan,nan,nan,nan,nan,nan,nan,nan,,nan,nan,nan,,nan,,,,
0.0,0.0,0.0,0.0,0.0,0.0,0.0,0.0,6.0,0.0,0.0,0.0,0.0,0.0,0.0,0.0,6.0,2161.0,0.0,0.0,0.0,0.0,0.0,0.0,0.0,11.0,0.0,0.0,0.0,0.0,0.0,0.0,0.0,2172.0,nan,nan,nan,,nan,nan,nan,nan,nan,nan,nan,,,,nan,nan,nan,nan,nan,nan,nan,nan,nan,nan,nan,nan,,nan,nan,,,nan,nan,nan,nan,nan,nan,nan,nan,nan,nan,nan,nan,nan,nan,nan,nan,nan,nan,nan,nan,nan,nan,nan,nan,,nan,nan,nan,,nan,,,,
0.0,0.0,0.0,0.0,0.0,0.0,0.0,0.0,6.0,0.0,0.0,0.0,0.0,0.0,0.0,0.0,6.0,2185.0,0.0,0.0,0.0,0.0,0.0,0.0,0.0,14.0,0.0,0.0,0.0,0.0,0.0,0.0,0.0,2199.0,nan,nan,nan,,nan,nan,nan,nan,nan,nan,nan,,,,nan,nan,nan,nan,nan,nan,nan,nan,nan,nan,nan,nan,,nan,nan,,,nan,nan,nan,nan,nan,nan,nan,nan,nan,nan,nan,nan,nan,nan,nan,nan,nan,nan,nan,nan,nan,nan,nan,nan,,nan,nan,nan,,nan,,,,
0.0,0.0,0.0,0.0,0.0,0.0,0.0,0.0,1.0,0.0,0.0,0.0,0.0,0.0,0.0,0.0,1.0,2146.0,0.0,0.0,0.0,0.0,0.0,0.0,0.0,8.0,0.0,0.0,0.0,0.0,0.0,0.0,0.0,2154.0,nan,nan,nan,,nan,nan,nan,nan,nan,nan,nan,,,,nan,nan,nan,nan,nan,nan,nan,nan,nan,nan,nan,nan,,nan,nan,,,nan,nan,nan,nan,nan,nan,nan,nan,nan,nan,nan,nan,nan,nan,nan,nan,nan,nan,nan,nan,nan,nan,nan,nan,,nan,nan,nan,,nan,,,,
0.0,0.0,0.0,0.0,0.0,0.0,0.0,0.0,2.0,0.0,0.0,0.0,0.0,0.0,0.0,0.0,2.0,2062.0,0.0,0.0,0.0,0.0,0.0,0.0,0.0,19.0,0.0,0.0,0.0,0.0,0.0,0.0,0.0,2081.0,nan,nan,nan,,nan,nan,nan,nan,nan,nan,nan,,,,nan,nan,nan,nan,nan,nan,nan,nan,nan,nan,nan,nan,,nan,nan,,,nan,nan,nan,nan,nan,nan,nan,nan,nan,nan,nan,nan,nan,nan,nan,nan,nan,nan,nan,nan,nan,nan,nan,nan,,nan,nan,nan,,nan,,,,
0.0,0.0,0.0,0.0,0.0,0.0,0.0,0.0,0.0,0.0,0.0,0.0,0.0,0.0,0.0,0.0,0.0,2243.0,0.0,0.0,0.0,0.0,0.0,0.0,0.0,8.0,0.0,0.0,0.0,0.0,0.0,0.0,0.0,2251.0,nan,nan,nan,,nan,nan,nan,nan,nan,nan,nan,,,,nan,nan,nan,nan,nan,nan,nan,nan,nan,nan,nan,nan,,nan,nan,,,nan,nan,nan,nan,nan,nan,nan,nan,nan,nan,nan,nan,nan,nan,nan,nan,nan,nan,nan,nan,nan,nan,nan,nan,,nan,nan,nan,,nan,,,,
0.0,0.0,0.0,0.0,0.0,0.0,0.0,0.0,3.0,0.0,0.0,0.0,0.0,0.0,0.0,0.0,3.0,2132.0,0.0,0.0,0.0,0.0,0.0,0.0,0.0,10.0,0.0,0.0,0.0,0.0,0.0,0.0,0.0,2142.0,nan,nan,nan,,nan,nan,nan,nan,nan,nan,nan,,,,nan,nan,nan,nan,nan,nan,nan,nan,nan,nan,nan,nan,,nan,nan,,,nan,nan,nan,nan,nan,nan,nan,nan,nan,nan,nan,nan,nan,nan,nan,nan,nan,nan,nan,nan,nan,nan,nan,nan,,nan,nan,nan,,nan,,,,
0.0,0.0,0.0,0.0,0.0,0.0,0.0,0.0,4.0,0.0,0.0,0.0,0.0,0.0,0.0,0.0,4.0,2098.0,0.0,0.0,0.0,0.0,0.0,0.0,0.0,11.0,0.0,0.0,0.0,0.0,0.0,0.0,0.0,2109.0,nan,nan,nan,,nan,nan,nan,nan,nan,nan,nan,,,,nan,nan,nan,nan,nan,nan,nan,nan,nan,nan,nan,nan,,nan,nan,,,nan,nan,nan,nan,nan,nan,nan,nan,nan,nan,nan,nan,nan,nan,nan,nan,nan,nan,nan,nan,nan,nan,nan,nan,,nan,nan,nan,,nan,,,,
0.0,0.0,0.0,0.0,0.0,0.0,0.0,0.0,2.0,0.0,0.0,0.0,0.0,0.0,0.0,0.0,2.0,2080.0,0.0,0.0,0.0,0.0,0.0,0.0,0.0,7.0,0.0,0.0,0.0,0.0,0.0,0.0,0.0,2087.0,nan,nan,nan,,nan,nan,nan,nan,nan,nan,nan,,,,nan,nan,nan,nan,nan,nan,nan,nan,nan,nan,nan,nan,,nan,nan,,,nan,nan,nan,nan,nan,nan,nan,nan,nan,nan,nan,nan,nan,nan,nan,nan,nan,nan,nan,nan,nan,nan,nan,nan,,nan,nan,nan,,nan,,,,
0.0,0.0,0.0,0.0,0.0,0.0,0.0,0.0,1.0,0.0,0.0,0.0,0.0,0.0,0.0,0.0,1.0,2124.0,0.0,0.0,0.0,0.0,0.0,0.0,0.0,13.0,0.0,0.0,0.0,0.0,0.0,0.0,0.0,2137.0,nan,nan,nan,,nan,nan,nan,nan,nan,nan,nan,,,,nan,nan,nan,nan,nan,nan,nan,nan,nan,nan,nan,nan,,nan,nan,,,nan,nan,nan,nan,nan,nan,nan,nan,nan,nan,nan,nan,nan,nan,nan,nan,nan,nan,nan,nan,nan,nan,nan,nan,,nan,nan,nan,,nan,,,,
0.0,0.0,0.0,0.0,0.0,0.0,0.0,0.0,1.0,0.0,0.0,0.0,0.0,0.0,0.0,0.0,1.0,2089.0,0.0,0.0,0.0,0.0,0.0,0.0,0.0,12.0,0.0,0.0,0.0,0.0,0.0,0.0,0.0,2101.0,nan,nan,nan,,nan,nan,nan,nan,nan,nan,nan,,,,nan,nan,nan,nan,nan,nan,nan,nan,nan,nan,nan,nan,,nan,nan,,,nan,nan,nan,nan,nan,nan,nan,nan,nan,nan,nan,nan,nan,nan,nan,nan,nan,nan,nan,nan,nan,nan,nan,nan,,nan,nan,nan,,nan,,,,
0.0,0.0,0.0,0.0,0.0,0.0,0.0,0.0,3.0,0.0,0.0,0.0,0.0,0.0,0.0,0.0,3.0,2105.0,0.0,0.0,0.0,0.0,0.0,0.0,0.0,13.0,0.0,0.0,0.0,0.0,0.0,0.0,0.0,2118.0,nan,nan,nan,,nan,nan,nan,nan,nan,nan,nan,,,,nan,nan,nan,nan,nan,nan,nan,nan,nan,nan,nan,nan,,nan,nan,,,nan,nan,nan,nan,nan,nan,nan,nan,nan,nan,nan,nan,nan,nan,nan,nan,nan,nan,nan,nan,nan,nan,nan,nan,,nan,nan,nan,,nan,,,,
0.0,0.0,0.0,0.0,0.0,0.0,0.0,0.0,1.0,0.0,0.0,0.0,0.0,0.0,0.0,0.0,1.0,2048.0,0.0,0.0,0.0,0.0,0.0,0.0,0.0,17.0,0.0,0.0,0.0,0.0,0.0,0.0,0.0,2065.0,nan,nan,nan,,nan,nan,nan,nan,nan,nan,nan,,,,nan,nan,nan,nan,nan,nan,nan,nan,nan,nan,nan,nan,,nan,nan,,,nan,nan,nan,nan,nan,nan,nan,nan,nan,nan,nan,nan,nan,nan,nan,nan,nan,nan,nan,nan,nan,nan,nan,nan,,nan,nan,nan,,nan,,,,
0.0,0.0,0.0,0.0,0.0,0.0,0.0,0.0,1.0,0.0,0.0,0.0,0.0,0.0,0.0,0.0,1.0,2183.0,0.0,0.0,0.0,0.0,0.0,0.0,0.0,18.0,0.0,0.0,0.0,0.0,0.0,0.0,0.0,2201.0,nan,nan,nan,,nan,nan,nan,nan,nan,nan,nan,,,,nan,nan,nan,nan,nan,nan,nan,nan,nan,nan,nan,nan,,nan,nan,,,nan,nan,nan,nan,nan,nan,nan,nan,nan,nan,nan,nan,nan,nan,nan,nan,nan,nan,nan,nan,nan,nan,nan,nan,,nan,nan,nan,,nan,,,,
0.0,0.0,0.0,0.0,0.0,0.0,0.0,0.0,0.0,0.0,0.0,0.0,0.0,0.0,0.0,0.0,0.0,2199.0,0.0,0.0,0.0,0.0,0.0,0.0,0.0,11.0,0.0,0.0,0.0,0.0,0.0,0.0,0.0,2210.0,nan,nan,nan,,nan,nan,nan,nan,nan,nan,nan,,,,nan,nan,nan,nan,nan,nan,nan,nan,nan,nan,nan,nan,,nan,nan,,,nan,nan,nan,nan,nan,nan,nan,nan,nan,nan,nan,nan,nan,nan,nan,nan,nan,nan,nan,nan,nan,nan,nan,nan,,nan,nan,nan,,nan,,,,
0.0,0.0,0.0,0.0,0.0,0.0,0.0,0.0,2.0,0.0,0.0,0.0,0.0,0.0,0.0,0.0,2.0,2188.0,0.0,0.0,0.0,0.0,0.0,0.0,0.0,7.0,0.0,0.0,0.0,0.0,0.0,0.0,0.0,2195.0,nan,nan,nan,,nan,nan,nan,nan,nan,nan,nan,,,,nan,nan,nan,nan,nan,nan,nan,nan,nan,nan,nan,nan,,nan,nan,,,nan,nan,nan,nan,nan,nan,nan,nan,nan,nan,nan,nan,nan,nan,nan,nan,nan,nan,nan,nan,nan,nan,nan,nan,,nan,nan,nan,,nan,,,,
0.0,0.0,0.0,0.0,0.0,0.0,0.0,0.0,0.0,0.0,0.0,0.0,0.0,0.0,0.0,0.0,0.0,2099.0,0.0,0.0,0.0,0.0,0.0,0.0,0.0,7.0,0.0,0.0,0.0,0.0,0.0,0.0,0.0,2106.0,nan,nan,nan,,nan,nan,nan,nan,nan,nan,nan,,,,nan,nan,nan,nan,nan,nan,nan,nan,nan,nan,nan,nan,,nan,nan,,,nan,nan,nan,nan,nan,nan,nan,nan,nan,nan,nan,nan,nan,nan,nan,nan,nan,nan,nan,nan,nan,nan,nan,nan,,nan,nan,nan,,nan,,,,
0.0,0.0,0.0,0.0,0.0,0.0,0.0,0.0,1.0,0.0,0.0,0.0,0.0,0.0,0.0,0.0,1.0,2214.0,0.0,0.0,0.0,0.0,0.0,0.0,0.0,15.0,0.0,0.0,0.0,0.0,0.0,0.0,0.0,2229.0,nan,nan,nan,,nan,nan,nan,nan,nan,nan,nan,,,,nan,nan,nan,nan,nan,nan,nan,nan,nan,nan,nan,nan,,nan,nan,,,nan,nan,nan,nan,nan,nan,nan,nan,nan,nan,nan,nan,nan,nan,nan,nan,nan,nan,nan,nan,nan,nan,nan,nan,,nan,nan,nan,,nan,,,,
nan,nan,nan,nan,nan,nan,nan,nan,nan,nan,nan,nan,nan,nan,nan,nan,nan,2123.0,0.0,0.0,0.0,0.0,0.0,0.0,0.0,11.0,0.0,0.0,0.0,0.0,0.0,0.0,0.0,2134.0,nan,nan,nan,,nan,nan,nan,nan,nan,nan,nan,,,,nan,nan,nan,nan,nan,nan,nan,nan,nan,nan,nan,nan,,nan,nan,,,nan,nan,nan,nan,nan,nan,nan,nan,nan,nan,nan,nan,nan,nan,nan,nan,nan,nan,nan,nan,nan,nan,nan,nan,,nan,nan,nan,,nan,,,,
nan,nan,nan,nan,nan,nan,nan,nan,nan,nan,nan,nan,nan,nan,nan,nan,nan,2113.0,0.0,0.0,0.0,0.0,0.0,0.0,0.0,17.0,0.0,0.0,0.0,0.0,0.0,0.0,0.0,2130.0,nan,nan,nan,,nan,nan,nan,nan,nan,nan,nan,,,,nan,nan,nan,nan,nan,nan,nan,nan,nan,nan,nan,nan,,nan,nan,,,nan,nan,nan,nan,nan,nan,nan,nan,nan,nan,nan,nan,nan,nan,nan,nan,nan,nan,nan,nan,nan,nan,nan,nan,,nan,nan,nan,,nan,,,,
nan,nan,nan,nan,nan,nan,nan,nan,nan,nan,nan,nan,nan,nan,nan,nan,nan,2130.0,0.0,0.0,0.0,0.0,0.0,0.0,0.0,15.0,0.0,0.0,0.0,0.0,0.0,0.0,0.0,2145.0,nan,nan,nan,,nan,nan,nan,nan,nan,nan,nan,,,,nan,nan,nan,nan,nan,nan,nan,nan,nan,nan,nan,nan,,nan,nan,,,nan,nan,nan,nan,nan,nan,nan,nan,nan,nan,nan,nan,nan,nan,nan,nan,nan,nan,nan,nan,nan,nan,nan,nan,,nan,nan,nan,,nan,,,,
nan,nan,nan,nan,nan,nan,nan,nan,nan,nan,nan,nan,nan,nan,nan,nan,nan,2143.0,0.0,0.0,0.0,0.0,0.0,0.0,0.0,9.0,0.0,0.0,0.0,0.0,0.0,0.0,0.0,2152.0,nan,nan,nan,,nan,nan,nan,nan,nan,nan,nan,,,,nan,nan,nan,nan,nan,nan,nan,nan,nan,nan,nan,nan,,nan,nan,,,nan,nan,nan,nan,nan,nan,nan,nan,nan,nan,nan,nan,nan,nan,nan,nan,nan,nan,nan,nan,nan,nan,nan,nan,,nan,nan,nan,,nan,,,,
nan,nan,nan,nan,nan,nan,nan,nan,nan,nan,nan,nan,nan,nan,nan,nan,nan,2193.0,0.0,0.0,0.0,0.0,0.0,0.0,0.0,15.0,0.0,0.0,0.0,0.0,0.0,0.0,0.0,2208.0,nan,nan,nan,,nan,nan,nan,nan,nan,nan,nan,,,,nan,nan,nan,nan,nan,nan,nan,nan,nan,nan,nan,nan,,nan,nan,,,nan,nan,nan,nan,nan,nan,nan,nan,nan,nan,nan,nan,nan,nan,nan,nan,nan,nan,nan,nan,nan,nan,nan,nan,,nan,nan,nan,,nan,,,,
nan,nan,nan,nan,nan,nan,nan,nan,nan,nan,nan,nan,nan,nan,nan,nan,nan,2148.0,0.0,0.0,0.0,0.0,0.0,0.0,0.0,8.0,0.0,0.0,0.0,0.0,0.0,0.0,0.0,2156.0,nan,nan,nan,,nan,nan,nan,nan,nan,nan,nan,,,,nan,nan,nan,nan,nan,nan,nan,nan,nan,nan,nan,nan,,nan,nan,,,nan,nan,nan,nan,nan,nan,nan,nan,nan,nan,nan,nan,nan,nan,nan,nan,nan,nan,nan,nan,nan,nan,nan,nan,,nan,nan,nan,,nan,,,,
nan,nan,nan,nan,nan,nan,nan,nan,nan,nan,nan,nan,nan,nan,nan,nan,nan,2123.0,0.0,0.0,0.0,0.0,0.0,0.0,0.0,9.0,0.0,0.0,0.0,0.0,0.0,0.0,0.0,2132.0,nan,nan,nan,,nan,nan,nan,nan,nan,nan,nan,,,,nan,nan,nan,nan,nan,nan,nan,nan,nan,nan,nan,nan,,nan,nan,,,nan,nan,nan,nan,nan,nan,nan,nan,nan,nan,nan,nan,nan,nan,nan,nan,nan,nan,nan,nan,nan,nan,nan,nan,,nan,nan,nan,,nan,,,,
nan,nan,nan,nan,nan,nan,nan,nan,nan,nan,nan,nan,nan,nan,nan,nan,nan,2129.0,0.0,0.0,0.0,0.0,0.0,0.0,0.0,9.0,0.0,0.0,0.0,0.0,0.0,0.0,0.0,2138.0,nan,nan,nan,,nan,nan,nan,nan,nan,nan,nan,,,,nan,nan,nan,nan,nan,nan,nan,nan,nan,nan,nan,nan,,nan,nan,,,nan,nan,nan,nan,nan,nan,nan,nan,nan,nan,nan,nan,nan,nan,nan,nan,nan,nan,nan,nan,nan,nan,nan,nan,,nan,nan,nan,,nan,,,,
nan,nan,nan,nan,nan,nan,nan,nan,nan,nan,nan,nan,nan,nan,nan,nan,nan,2200.0,0.0,0.0,0.0,0.0,0.0,0.0,0.0,12.0,0.0,0.0,0.0,0.0,0.0,0.0,0.0,2212.0,nan,nan,nan,,nan,nan,nan,nan,nan,nan,nan,,,,nan,nan,nan,nan,nan,nan,nan,nan,nan,nan,nan,nan,,nan,nan,,,nan,nan,nan,nan,nan,nan,nan,nan,nan,nan,nan,nan,nan,nan,nan,nan,nan,nan,nan,nan,nan,nan,nan,nan,,nan,nan,nan,,nan,,,,
nan,nan,nan,nan,nan,nan,nan,nan,nan,nan,nan,nan,nan,nan,nan,nan,nan,2155.0,0.0,0.0,0.0,0.0,0.0,0.0,0.0,11.0,0.0,0.0,0.0,0.0,0.0,0.0,0.0,2166.0,nan,nan,nan,,nan,nan,nan,nan,nan,nan,nan,,,,nan,nan,nan,nan,nan,nan,nan,nan,nan,nan,nan,nan,,nan,nan,,,nan,nan,nan,nan,nan,nan,nan,nan,nan,nan,nan,nan,nan,nan,nan,nan,nan,nan,nan,nan,nan,nan,nan,nan,,nan,nan,nan,,nan,,,,
nan,nan,nan,nan,nan,nan,nan,nan,nan,nan,nan,nan,nan,nan,nan,nan,nan,2068.0,0.0,0.0,0.0,0.0,0.0,0.0,0.0,10.0,0.0,0.0,0.0,0.0,0.0,0.0,0.0,2078.0,nan,nan,nan,,nan,nan,nan,nan,nan,nan,nan,,,,nan,nan,nan,nan,nan,nan,nan,nan,nan,nan,nan,nan,,nan,nan,,,nan,nan,nan,nan,nan,nan,nan,nan,nan,nan,nan,nan,nan,nan,nan,nan,nan,nan,nan,nan,nan,nan,nan,nan,,nan,nan,nan,,nan,,,,
nan,nan,nan,nan,nan,nan,nan,nan,nan,nan,nan,nan,nan,nan,nan,nan,nan,2168.0,0.0,0.0,0.0,0.0,0.0,0.0,0.0,11.0,0.0,0.0,0.0,0.0,0.0,0.0,0.0,2179.0,nan,nan,nan,,nan,nan,nan,nan,nan,nan,nan,,,,nan,nan,nan,nan,nan,nan,nan,nan,nan,nan,nan,nan,,nan,nan,,,nan,nan,nan,nan,nan,nan,nan,nan,nan,nan,nan,nan,nan,nan,nan,nan,nan,nan,nan,nan,nan,nan,nan,nan,,nan,nan,nan,,nan,,,,
nan,nan,nan,nan,nan,nan,nan,nan,nan,nan,nan,nan,nan,nan,nan,nan,nan,2145.0,0.0,0.0,0.0,0.0,0.0,0.0,0.0,12.0,0.0,0.0,0.0,0.0,0.0,0.0,0.0,2157.0,nan,nan,nan,,nan,nan,nan,nan,nan,nan,nan,,,,nan,nan,nan,nan,nan,nan,nan,nan,nan,nan,nan,nan,,nan,nan,,,nan,nan,nan,nan,nan,nan,nan,nan,nan,nan,nan,nan,nan,nan,nan,nan,nan,nan,nan,nan,nan,nan,nan,nan,,nan,nan,nan,,nan,,,,
nan,nan,nan,nan,nan,nan,nan,nan,nan,nan,nan,nan,nan,nan,nan,nan,nan,2132.0,0.0,0.0,0.0,0.0,0.0,0.0,0.0,13.0,0.0,0.0,0.0,0.0,0.0,0.0,0.0,2145.0,nan,nan,nan,,nan,nan,nan,nan,nan,nan,nan,,,,nan,nan,nan,nan,nan,nan,nan,nan,nan,nan,nan,nan,,nan,nan,,,nan,nan,nan,nan,nan,nan,nan,nan,nan,nan,nan,nan,nan,nan,nan,nan,nan,nan,nan,nan,nan,nan,nan,nan,,nan,nan,nan,,nan,,,,
nan,nan,nan,nan,nan,nan,nan,nan,nan,nan,nan,nan,nan,nan,nan,nan,nan,2096.0,0.0,0.0,0.0,0.0,0.0,0.0,0.0,11.0,0.0,0.0,0.0,0.0,0.0,0.0,0.0,2107.0,nan,nan,nan,,nan,nan,nan,nan,nan,nan,nan,,,,nan,nan,nan,nan,nan,nan,nan,nan,nan,nan,nan,nan,,nan,nan,,,nan,nan,nan,nan,nan,nan,nan,nan,nan,nan,nan,nan,nan,nan,nan,nan,nan,nan,nan,nan,nan,nan,nan,nan,,nan,nan,nan,,nan,,,,
nan,nan,nan,nan,nan,nan,nan,nan,nan,nan,nan,nan,nan,nan,nan,nan,nan,2114.0,0.0,0.0,0.0,0.0,0.0,0.0,0.0,6.0,0.0,0.0,0.0,0.0,0.0,0.0,0.0,2120.0,nan,nan,nan,,nan,nan,nan,nan,nan,nan,nan,,,,nan,nan,nan,nan,nan,nan,nan,nan,nan,nan,nan,nan,,nan,nan,,,nan,nan,nan,nan,nan,nan,nan,nan,nan,nan,nan,nan,nan,nan,nan,nan,nan,nan,nan,nan,nan,nan,nan,nan,,nan,nan,nan,,nan,,,,
nan,nan,nan,nan,nan,nan,nan,nan,nan,nan,nan,nan,nan,nan,nan,nan,nan,2110.0,0.0,0.0,0.0,0.0,0.0,0.0,0.0,10.0,0.0,0.0,0.0,0.0,0.0,0.0,0.0,2120.0,nan,nan,nan,,nan,nan,nan,nan,nan,nan,nan,,,,nan,nan,nan,nan,nan,nan,nan,nan,nan,nan,nan,nan,,nan,nan,,,nan,nan,nan,nan,nan,nan,nan,nan,nan,nan,nan,nan,nan,nan,nan,nan,nan,nan,nan,nan,nan,nan,nan,nan,,nan,nan,nan,,nan,,,,
nan,nan,nan,nan,nan,nan,nan,nan,nan,nan,nan,nan,nan,nan,nan,nan,nan,2219.0,0.0,0.0,0.0,0.0,0.0,0.0,0.0,10.0,0.0,0.0,0.0,0.0,0.0,0.0,0.0,2229.0,nan,nan,nan,,nan,nan,nan,nan,nan,nan,nan,,,,nan,nan,nan,nan,nan,nan,nan,nan,nan,nan,nan,nan,,nan,nan,,,nan,nan,nan,nan,nan,nan,nan,nan,nan,nan,nan,nan,nan,nan,nan,nan,nan,nan,nan,nan,nan,nan,nan,nan,,nan,nan,nan,,nan,,,,
nan,nan,nan,nan,nan,nan,nan,nan,nan,nan,nan,nan,nan,nan,nan,nan,nan,2163.0,0.0,0.0,0.0,0.0,0.0,0.0,0.0,13.0,0.0,0.0,0.0,0.0,0.0,0.0,0.0,2176.0,nan,nan,nan,,nan,nan,nan,nan,nan,nan,nan,,,,nan,nan,nan,nan,nan,nan,nan,nan,nan,nan,nan,nan,,nan,nan,,,nan,nan,nan,nan,nan,nan,nan,nan,nan,nan,nan,nan,nan,nan,nan,nan,nan,nan,nan,nan,nan,nan,nan,nan,,nan,nan,nan,,nan,,,,
nan,nan,nan,nan,nan,nan,nan,nan,nan,nan,nan,nan,nan,nan,nan,nan,nan,2098.0,0.0,0.0,0.0,0.0,0.0,0.0,0.0,12.0,0.0,0.0,0.0,0.0,0.0,0.0,0.0,2110.0,nan,nan,nan,,nan,nan,nan,nan,nan,nan,nan,,,,nan,nan,nan,nan,nan,nan,nan,nan,nan,nan,nan,nan,,nan,nan,,,nan,nan,nan,nan,nan,nan,nan,nan,nan,nan,nan,nan,nan,nan,nan,nan,nan,nan,nan,nan,nan,nan,nan,nan,,nan,nan,nan,,nan,,,,
nan,nan,nan,nan,nan,nan,nan,nan,nan,nan,nan,nan,nan,nan,nan,nan,nan,2137.0,0.0,0.0,0.0,0.0,0.0,0.0,0.0,9.0,0.0,0.0,0.0,0.0,0.0,0.0,0.0,2146.0,nan,nan,nan,,nan,nan,nan,nan,nan,nan,nan,,,,nan,nan,nan,nan,nan,nan,nan,nan,nan,nan,nan,nan,,nan,nan,,,nan,nan,nan,nan,nan,nan,nan,nan,nan,nan,nan,nan,nan,nan,nan,nan,nan,nan,nan,nan,nan,nan,nan,nan,,nan,nan,nan,,nan,,,,
nan,nan,nan,nan,nan,nan,nan,nan,nan,nan,nan,nan,nan,nan,nan,nan,nan,2176.0,0.0,0.0,0.0,0.0,0.0,0.0,0.0,7.0,0.0,0.0,0.0,0.0,0.0,0.0,0.0,2183.0,nan,nan,nan,,nan,nan,nan,nan,nan,nan,nan,,,,nan,nan,nan,nan,nan,nan,nan,nan,nan,nan,nan,nan,,nan,nan,,,nan,nan,nan,nan,nan,nan,nan,nan,nan,nan,nan,nan,nan,nan,nan,nan,nan,nan,nan,nan,nan,nan,nan,nan,,nan,nan,nan,,nan,,,,
nan,nan,nan,nan,nan,nan,nan,nan,nan,nan,nan,nan,nan,nan,nan,nan,nan,2064.0,0.0,0.0,0.0,0.0,0.0,0.0,0.0,11.0,0.0,0.0,0.0,0.0,0.0,0.0,0.0,2075.0,nan,nan,nan,,nan,nan,nan,nan,nan,nan,nan,,,,nan,nan,nan,nan,nan,nan,nan,nan,nan,nan,nan,nan,,nan,nan,,,nan,nan,nan,nan,nan,nan,nan,nan,nan,nan,nan,nan,nan,nan,nan,nan,nan,nan,nan,nan,nan,nan,nan,nan,,nan,nan,nan,,nan,,,,
nan,nan,nan,nan,nan,nan,nan,nan,nan,nan,nan,nan,nan,nan,nan,nan,nan,2194.0,0.0,0.0,0.0,0.0,0.0,0.0,0.0,13.0,0.0,0.0,0.0,0.0,0.0,0.0,0.0,2207.0,nan,nan,nan,,nan,nan,nan,nan,nan,nan,nan,,,,nan,nan,nan,nan,nan,nan,nan,nan,nan,nan,nan,nan,,nan,nan,,,nan,nan,nan,nan,nan,nan,nan,nan,nan,nan,nan,nan,nan,nan,nan,nan,nan,nan,nan,nan,nan,nan,nan,nan,,nan,nan,nan,,nan,,,,
nan,nan,nan,nan,nan,nan,nan,nan,nan,nan,nan,nan,nan,nan,nan,nan,nan,2179.0,0.0,0.0,0.0,0.0,0.0,0.0,0.0,12.0,0.0,0.0,0.0,0.0,0.0,0.0,0.0,2191.0,nan,nan,nan,,nan,nan,nan,nan,nan,nan,nan,,,,nan,nan,nan,nan,nan,nan,nan,nan,nan,nan,nan,nan,,nan,nan,,,nan,nan,nan,nan,nan,nan,nan,nan,nan,nan,nan,nan,nan,nan,nan,nan,nan,nan,nan,nan,nan,nan,nan,nan,,nan,nan,nan,,nan,,,,
nan,nan,nan,nan,nan,nan,nan,nan,nan,nan,nan,nan,nan,nan,nan,nan,nan,2180.0,0.0,0.0,0.0,0.0,0.0,0.0,0.0,9.0,0.0,0.0,0.0,0.0,0.0,0.0,0.0,2189.0,nan,nan,nan,,nan,nan,nan,nan,nan,nan,nan,,,,nan,nan,nan,nan,nan,nan,nan,nan,nan,nan,nan,nan,,nan,nan,,,nan,nan,nan,nan,nan,nan,nan,nan,nan,nan,nan,nan,nan,nan,nan,nan,nan,nan,nan,nan,nan,nan,nan,nan,,nan,nan,nan,,nan,,,,
nan,nan,nan,nan,nan,nan,nan,nan,nan,nan,nan,nan,nan,nan,nan,nan,nan,2178.0,0.0,0.0,0.0,0.0,0.0,0.0,0.0,18.0,0.0,0.0,0.0,0.0,0.0,0.0,0.0,2196.0,nan,nan,nan,,nan,nan,nan,nan,nan,nan,nan,,,,nan,nan,nan,nan,nan,nan,nan,nan,nan,nan,nan,nan,,nan,nan,,,nan,nan,nan,nan,nan,nan,nan,nan,nan,nan,nan,nan,nan,nan,nan,nan,nan,nan,nan,nan,nan,nan,nan,nan,,nan,nan,nan,,nan,,,,
nan,nan,nan,nan,nan,nan,nan,nan,nan,nan,nan,nan,nan,nan,nan,nan,nan,2137.0,0.0,0.0,0.0,0.0,0.0,0.0,0.0,13.0,0.0,0.0,0.0,0.0,0.0,0.0,0.0,2150.0,nan,nan,nan,,nan,nan,nan,nan,nan,nan,nan,,,,nan,nan,nan,nan,nan,nan,nan,nan,nan,nan,nan,nan,,nan,nan,,,nan,nan,nan,nan,nan,nan,nan,nan,nan,nan,nan,nan,nan,nan,nan,nan,nan,nan,nan,nan,nan,nan,nan,nan,,nan,nan,nan,,nan,,,,
nan,nan,nan,nan,nan,nan,nan,nan,nan,nan,nan,nan,nan,nan,nan,nan,nan,2166.0,0.0,0.0,0.0,0.0,0.0,0.0,0.0,13.0,0.0,0.0,0.0,0.0,0.0,0.0,0.0,2179.0,nan,nan,nan,,nan,nan,nan,nan,nan,nan,nan,,,,nan,nan,nan,nan,nan,nan,nan,nan,nan,nan,nan,nan,,nan,nan,,,nan,nan,nan,nan,nan,nan,nan,nan,nan,nan,nan,nan,nan,nan,nan,nan,nan,nan,nan,nan,nan,nan,nan,nan,,nan,nan,nan,,nan,,,,
nan,nan,nan,nan,nan,nan,nan,nan,nan,nan,nan,nan,nan,nan,nan,nan,nan,2205.0,0.0,0.0,0.0,0.0,0.0,0.0,0.0,8.0,0.0,0.0,0.0,0.0,0.0,0.0,0.0,2213.0,nan,nan,nan,,nan,nan,nan,nan,nan,nan,nan,,,,nan,nan,nan,nan,nan,nan,nan,nan,nan,nan,nan,nan,,nan,nan,,,nan,nan,nan,nan,nan,nan,nan,nan,nan,nan,nan,nan,nan,nan,nan,nan,nan,nan,nan,nan,nan,nan,nan,nan,,nan,nan,nan,,nan,,,,
nan,nan,nan,nan,nan,nan,nan,nan,nan,nan,nan,nan,nan,nan,nan,nan,nan,2144.0,0.0,0.0,0.0,0.0,0.0,0.0,0.0,11.0,0.0,0.0,0.0,0.0,0.0,0.0,0.0,2155.0,nan,nan,nan,,nan,nan,nan,nan,nan,nan,nan,,,,nan,nan,nan,nan,nan,nan,nan,nan,nan,nan,nan,nan,,nan,nan,,,nan,nan,nan,nan,nan,nan,nan,nan,nan,nan,nan,nan,nan,nan,nan,nan,nan,nan,nan,nan,nan,nan,nan,nan,,nan,nan,nan,,nan,,,,
nan,nan,nan,nan,nan,nan,nan,nan,nan,nan,nan,nan,nan,nan,nan,nan,nan,2159.0,0.0,0.0,0.0,0.0,0.0,0.0,0.0,13.0,0.0,0.0,0.0,0.0,0.0,0.0,0.0,2172.0,nan,nan,nan,,nan,nan,nan,nan,nan,nan,nan,,,,nan,nan,nan,nan,nan,nan,nan,nan,nan,nan,nan,nan,,nan,nan,,,nan,nan,nan,nan,nan,nan,nan,nan,nan,nan,nan,nan,nan,nan,nan,nan,nan,nan,nan,nan,nan,nan,nan,nan,,nan,nan,nan,,nan,,,,
nan,nan,nan,nan,nan,nan,nan,nan,nan,nan,nan,nan,nan,nan,nan,nan,nan,2184.0,0.0,0.0,0.0,0.0,0.0,0.0,0.0,20.0,0.0,0.0,0.0,0.0,0.0,0.0,0.0,2204.0,nan,nan,nan,,nan,nan,nan,nan,nan,nan,nan,,,,nan,nan,nan,nan,nan,nan,nan,nan,nan,nan,nan,nan,,nan,nan,,,nan,nan,nan,nan,nan,nan,nan,nan,nan,nan,nan,nan,nan,nan,nan,nan,nan,nan,nan,nan,nan,nan,nan,nan,,nan,nan,nan,,nan,,,,
nan,nan,nan,nan,nan,nan,nan,nan,nan,nan,nan,nan,nan,nan,nan,nan,nan,2202.0,0.0,0.0,0.0,0.0,0.0,0.0,0.0,10.0,0.0,0.0,0.0,0.0,0.0,0.0,0.0,2212.0,nan,nan,nan,,nan,nan,nan,nan,nan,nan,nan,,,,nan,nan,nan,nan,nan,nan,nan,nan,nan,nan,nan,nan,,nan,nan,,,nan,nan,nan,nan,nan,nan,nan,nan,nan,nan,nan,nan,nan,nan,nan,nan,nan,nan,nan,nan,nan,nan,nan,nan,,nan,nan,nan,,nan,,,,
nan,nan,nan,nan,nan,nan,nan,nan,nan,nan,nan,nan,nan,nan,nan,nan,nan,2072.0,0.0,0.0,0.0,0.0,0.0,0.0,0.0,10.0,0.0,0.0,0.0,0.0,0.0,0.0,0.0,2082.0,nan,nan,nan,,nan,nan,nan,nan,nan,nan,nan,,,,nan,nan,nan,nan,nan,nan,nan,nan,nan,nan,nan,nan,,nan,nan,,,nan,nan,nan,nan,nan,nan,nan,nan,nan,nan,nan,nan,nan,nan,nan,nan,nan,nan,nan,nan,nan,nan,nan,nan,,nan,nan,nan,,nan,,,,
nan,nan,nan,nan,nan,nan,nan,nan,nan,nan,nan,nan,nan,nan,nan,nan,nan,2215.0,0.0,0.0,0.0,0.0,0.0,0.0,0.0,12.0,0.0,0.0,0.0,0.0,0.0,0.0,0.0,2227.0,nan,nan,nan,,nan,nan,nan,nan,nan,nan,nan,,,,nan,nan,nan,nan,nan,nan,nan,nan,nan,nan,nan,nan,,nan,nan,,,nan,nan,nan,nan,nan,nan,nan,nan,nan,nan,nan,nan,nan,nan,nan,nan,nan,nan,nan,nan,nan,nan,nan,nan,,nan,nan,nan,,nan,,,,
nan,nan,nan,nan,nan,nan,nan,nan,nan,nan,nan,nan,nan,nan,nan,nan,nan,2082.0,0.0,0.0,0.0,0.0,0.0,0.0,0.0,16.0,0.0,0.0,0.0,0.0,0.0,0.0,0.0,2098.0,nan,nan,nan,,nan,nan,nan,nan,nan,nan,nan,,,,nan,nan,nan,nan,nan,nan,nan,nan,nan,nan,nan,nan,,nan,nan,,,nan,nan,nan,nan,nan,nan,nan,nan,nan,nan,nan,nan,nan,nan,nan,nan,nan,nan,nan,nan,nan,nan,nan,nan,,nan,nan,nan,,nan,,,,
nan,nan,nan,nan,nan,nan,nan,nan,nan,nan,nan,nan,nan,nan,nan,nan,nan,2126.0,0.0,0.0,0.0,0.0,0.0,0.0,0.0,8.0,0.0,0.0,0.0,0.0,0.0,0.0,0.0,2134.0,nan,nan,nan,,nan,nan,nan,nan,nan,nan,nan,,,,nan,nan,nan,nan,nan,nan,nan,nan,nan,nan,nan,nan,,nan,nan,,,nan,nan,nan,nan,nan,nan,nan,nan,nan,nan,nan,nan,nan,nan,nan,nan,nan,nan,nan,nan,nan,nan,nan,nan,,nan,nan,nan,,nan,,,,
nan,nan,nan,nan,nan,nan,nan,nan,nan,nan,nan,nan,nan,nan,nan,nan,nan,2086.0,0.0,0.0,0.0,0.0,0.0,0.0,0.0,19.0,0.0,0.0,0.0,0.0,0.0,0.0,0.0,2105.0,nan,nan,nan,,nan,nan,nan,nan,nan,nan,nan,,,,nan,nan,nan,nan,nan,nan,nan,nan,nan,nan,nan,nan,,nan,nan,,,nan,nan,nan,nan,nan,nan,nan,nan,nan,nan,nan,nan,nan,nan,nan,nan,nan,nan,nan,nan,nan,nan,nan,nan,,nan,nan,nan,,nan,,,,
nan,nan,nan,nan,nan,nan,nan,nan,nan,nan,nan,nan,nan,nan,nan,nan,nan,2165.0,0.0,0.0,0.0,0.0,0.0,0.0,0.0,12.0,0.0,0.0,0.0,0.0,0.0,0.0,0.0,2177.0,nan,nan,nan,,nan,nan,nan,nan,nan,nan,nan,,,,nan,nan,nan,nan,nan,nan,nan,nan,nan,nan,nan,nan,,nan,nan,,,nan,nan,nan,nan,nan,nan,nan,nan,nan,nan,nan,nan,nan,nan,nan,nan,nan,nan,nan,nan,nan,nan,nan,nan,,nan,nan,nan,,nan,,,,
nan,nan,nan,nan,nan,nan,nan,nan,nan,nan,nan,nan,nan,nan,nan,nan,nan,2181.0,0.0,0.0,0.0,0.0,0.0,0.0,0.0,13.0,0.0,0.0,0.0,0.0,0.0,0.0,0.0,2194.0,nan,nan,nan,,nan,nan,nan,nan,nan,nan,nan,,,,nan,nan,nan,nan,nan,nan,nan,nan,nan,nan,nan,nan,,nan,nan,,,nan,nan,nan,nan,nan,nan,nan,nan,nan,nan,nan,nan,nan,nan,nan,nan,nan,nan,nan,nan,nan,nan,nan,nan,,nan,nan,nan,,nan,,,,
nan,nan,nan,nan,nan,nan,nan,nan,nan,nan,nan,nan,nan,nan,nan,nan,nan,2218.0,0.0,0.0,0.0,0.0,0.0,0.0,0.0,8.0,0.0,0.0,0.0,0.0,0.0,0.0,0.0,2226.0,nan,nan,nan,,nan,nan,nan,nan,nan,nan,nan,,,,nan,nan,nan,nan,nan,nan,nan,nan,nan,nan,nan,nan,,nan,nan,,,nan,nan,nan,nan,nan,nan,nan,nan,nan,nan,nan,nan,nan,nan,nan,nan,nan,nan,nan,nan,nan,nan,nan,nan,,nan,nan,nan,,nan,,,,
nan,nan,nan,nan,nan,nan,nan,nan,nan,nan,nan,nan,nan,nan,nan,nan,nan,2246.0,0.0,0.0,0.0,0.0,0.0,0.0,0.0,15.0,0.0,0.0,0.0,0.0,0.0,0.0,0.0,2261.0,nan,nan,nan,,nan,nan,nan,nan,nan,nan,nan,,,,nan,nan,nan,nan,nan,nan,nan,nan,nan,nan,nan,nan,,nan,nan,,,nan,nan,nan,nan,nan,nan,nan,nan,nan,nan,nan,nan,nan,nan,nan,nan,nan,nan,nan,nan,nan,nan,nan,nan,,nan,nan,nan,,nan,,,,
nan,nan,nan,nan,nan,nan,nan,nan,nan,nan,nan,nan,nan,nan,nan,nan,nan,2158.0,0.0,0.0,0.0,0.0,0.0,0.0,0.0,18.0,0.0,0.0,0.0,0.0,0.0,0.0,0.0,2176.0,nan,nan,nan,,nan,nan,nan,nan,nan,nan,nan,,,,nan,nan,nan,nan,nan,nan,nan,nan,nan,nan,nan,nan,,nan,nan,,,nan,nan,nan,nan,nan,nan,nan,nan,nan,nan,nan,nan,nan,nan,nan,nan,nan,nan,nan,nan,nan,nan,nan,nan,,nan,nan,nan,,nan,,,,
nan,nan,nan,nan,nan,nan,nan,nan,nan,nan,nan,nan,nan,nan,nan,nan,nan,2142.0,0.0,0.0,0.0,0.0,0.0,0.0,0.0,15.0,0.0,0.0,0.0,0.0,0.0,0.0,0.0,2157.0,nan,nan,nan,,nan,nan,nan,nan,nan,nan,nan,,,,nan,nan,nan,nan,nan,nan,nan,nan,nan,nan,nan,nan,,nan,nan,,,nan,nan,nan,nan,nan,nan,nan,nan,nan,nan,nan,nan,nan,nan,nan,nan,nan,nan,nan,nan,nan,nan,nan,nan,,nan,nan,nan,,nan,,,,
nan,nan,nan,nan,nan,nan,nan,nan,nan,nan,nan,nan,nan,nan,nan,nan,nan,2146.0,0.0,0.0,0.0,0.0,0.0,0.0,0.0,11.0,0.0,0.0,0.0,0.0,0.0,0.0,0.0,2157.0,nan,nan,nan,,nan,nan,nan,nan,nan,nan,nan,,,,nan,nan,nan,nan,nan,nan,nan,nan,nan,nan,nan,nan,,nan,nan,,,nan,nan,nan,nan,nan,nan,nan,nan,nan,nan,nan,nan,nan,nan,nan,nan,nan,nan,nan,nan,nan,nan,nan,nan,,nan,nan,nan,,nan,,,,
nan,nan,nan,nan,nan,nan,nan,nan,nan,nan,nan,nan,nan,nan,nan,nan,nan,2143.0,0.0,0.0,0.0,0.0,0.0,0.0,0.0,12.0,0.0,0.0,0.0,0.0,0.0,0.0,0.0,2155.0,nan,nan,nan,,nan,nan,nan,nan,nan,nan,nan,,,,nan,nan,nan,nan,nan,nan,nan,nan,nan,nan,nan,nan,,nan,nan,,,nan,nan,nan,nan,nan,nan,nan,nan,nan,nan,nan,nan,nan,nan,nan,nan,nan,nan,nan,nan,nan,nan,nan,nan,,nan,nan,nan,,nan,,,,
nan,nan,nan,nan,nan,nan,nan,nan,nan,nan,nan,nan,nan,nan,nan,nan,nan,2193.0,0.0,0.0,0.0,0.0,0.0,0.0,0.0,11.0,0.0,0.0,0.0,0.0,0.0,0.0,0.0,2204.0,nan,nan,nan,,nan,nan,nan,nan,nan,nan,nan,,,,nan,nan,nan,nan,nan,nan,nan,nan,nan,nan,nan,nan,,nan,nan,,,nan,nan,nan,nan,nan,nan,nan,nan,nan,nan,nan,nan,nan,nan,nan,nan,nan,nan,nan,nan,nan,nan,nan,nan,,nan,nan,nan,,nan,,,,
nan,nan,nan,nan,nan,nan,nan,nan,nan,nan,nan,nan,nan,nan,nan,nan,nan,2120.0,0.0,0.0,0.0,0.0,0.0,0.0,0.0,17.0,0.0,0.0,0.0,0.0,0.0,0.0,0.0,2137.0,nan,nan,nan,,nan,nan,nan,nan,nan,nan,nan,,,,nan,nan,nan,nan,nan,nan,nan,nan,nan,nan,nan,nan,,nan,nan,,,nan,nan,nan,nan,nan,nan,nan,nan,nan,nan,nan,nan,nan,nan,nan,nan,nan,nan,nan,nan,nan,nan,nan,nan,,nan,nan,nan,,nan,,,,
nan,nan,nan,nan,nan,nan,nan,nan,nan,nan,nan,nan,nan,nan,nan,nan,nan,2060.0,0.0,0.0,0.0,0.0,0.0,0.0,0.0,21.0,0.0,0.0,0.0,0.0,0.0,0.0,0.0,2081.0,nan,nan,nan,,nan,nan,nan,nan,nan,nan,nan,,,,nan,nan,nan,nan,nan,nan,nan,nan,nan,nan,nan,nan,,nan,nan,,,nan,nan,nan,nan,nan,nan,nan,nan,nan,nan,nan,nan,nan,nan,nan,nan,nan,nan,nan,nan,nan,nan,nan,nan,,nan,nan,nan,,nan,,,,
nan,nan,nan,nan,nan,nan,nan,nan,nan,nan,nan,nan,nan,nan,nan,nan,nan,2175.0,0.0,0.0,0.0,0.0,0.0,0.0,0.0,10.0,0.0,0.0,0.0,0.0,0.0,0.0,0.0,2185.0,nan,nan,nan,,nan,nan,nan,nan,nan,nan,nan,,,,nan,nan,nan,nan,nan,nan,nan,nan,nan,nan,nan,nan,,nan,nan,,,nan,nan,nan,nan,nan,nan,nan,nan,nan,nan,nan,nan,nan,nan,nan,nan,nan,nan,nan,nan,nan,nan,nan,nan,,nan,nan,nan,,nan,,,,
nan,nan,nan,nan,nan,nan,nan,nan,nan,nan,nan,nan,nan,nan,nan,nan,nan,2114.0,0.0,0.0,0.0,0.0,0.0,0.0,0.0,10.0,0.0,0.0,0.0,0.0,0.0,0.0,0.0,2124.0,nan,nan,nan,,nan,nan,nan,nan,nan,nan,nan,,,,nan,nan,nan,nan,nan,nan,nan,nan,nan,nan,nan,nan,,nan,nan,,,nan,nan,nan,nan,nan,nan,nan,nan,nan,nan,nan,nan,nan,nan,nan,nan,nan,nan,nan,nan,nan,nan,nan,nan,,nan,nan,nan,,nan,,,,
nan,nan,nan,nan,nan,nan,nan,nan,nan,nan,nan,nan,nan,nan,nan,nan,nan,2155.0,0.0,0.0,0.0,0.0,0.0,0.0,0.0,16.0,0.0,0.0,0.0,0.0,0.0,0.0,0.0,2171.0,nan,nan,nan,,nan,nan,nan,nan,nan,nan,nan,,,,nan,nan,nan,nan,nan,nan,nan,nan,nan,nan,nan,nan,,nan,nan,,,nan,nan,nan,nan,nan,nan,nan,nan,nan,nan,nan,nan,nan,nan,nan,nan,nan,nan,nan,nan,nan,nan,nan,nan,,nan,nan,nan,,nan,,,,
nan,nan,nan,nan,nan,nan,nan,nan,nan,nan,nan,nan,nan,nan,nan,nan,nan,2123.0,0.0,0.0,0.0,0.0,0.0,0.0,0.0,8.0,0.0,0.0,0.0,0.0,0.0,0.0,0.0,2131.0,nan,nan,nan,,nan,nan,nan,nan,nan,nan,nan,,,,nan,nan,nan,nan,nan,nan,nan,nan,nan,nan,nan,nan,,nan,nan,,,nan,nan,nan,nan,nan,nan,nan,nan,nan,nan,nan,nan,nan,nan,nan,nan,nan,nan,nan,nan,nan,nan,nan,nan,,nan,nan,nan,,nan,,,,
nan,nan,nan,nan,nan,nan,nan,nan,nan,nan,nan,nan,nan,nan,nan,nan,nan,2134.0,0.0,0.0,0.0,0.0,0.0,0.0,0.0,13.0,0.0,0.0,0.0,0.0,0.0,0.0,0.0,2147.0,nan,nan,nan,,nan,nan,nan,nan,nan,nan,nan,,,,nan,nan,nan,nan,nan,nan,nan,nan,nan,nan,nan,nan,,nan,nan,,,nan,nan,nan,nan,nan,nan,nan,nan,nan,nan,nan,nan,nan,nan,nan,nan,nan,nan,nan,nan,nan,nan,nan,nan,,nan,nan,nan,,nan,,,,
nan,nan,nan,nan,nan,nan,nan,nan,nan,nan,nan,nan,nan,nan,nan,nan,nan,2173.0,0.0,0.0,0.0,0.0,0.0,0.0,0.0,19.0,0.0,0.0,0.0,0.0,0.0,0.0,0.0,2192.0,nan,nan,nan,,nan,nan,nan,nan,nan,nan,nan,,,,nan,nan,nan,nan,nan,nan,nan,nan,nan,nan,nan,nan,,nan,nan,,,nan,nan,nan,nan,nan,nan,nan,nan,nan,nan,nan,nan,nan,nan,nan,nan,nan,nan,nan,nan,nan,nan,nan,nan,,nan,nan,nan,,nan,,,,
nan,nan,nan,nan,nan,nan,nan,nan,nan,nan,nan,nan,nan,nan,nan,nan,nan,2137.0,0.0,0.0,0.0,0.0,0.0,0.0,0.0,7.0,0.0,0.0,0.0,0.0,0.0,0.0,0.0,2144.0,nan,nan,nan,,nan,nan,nan,nan,nan,nan,nan,,,,nan,nan,nan,nan,nan,nan,nan,nan,nan,nan,nan,nan,,nan,nan,,,nan,nan,nan,nan,nan,nan,nan,nan,nan,nan,nan,nan,nan,nan,nan,nan,nan,nan,nan,nan,nan,nan,nan,nan,,nan,nan,nan,,nan,,,,
nan,nan,nan,nan,nan,nan,nan,nan,nan,nan,nan,nan,nan,nan,nan,nan,nan,2131.0,0.0,0.0,0.0,0.0,0.0,0.0,0.0,18.0,0.0,0.0,0.0,0.0,0.0,0.0,0.0,2149.0,nan,nan,nan,,nan,nan,nan,nan,nan,nan,nan,,,,nan,nan,nan,nan,nan,nan,nan,nan,nan,nan,nan,nan,,nan,nan,,,nan,nan,nan,nan,nan,nan,nan,nan,nan,nan,nan,nan,nan,nan,nan,nan,nan,nan,nan,nan,nan,nan,nan,nan,,nan,nan,nan,,nan,,,,
nan,nan,nan,nan,nan,nan,nan,nan,nan,nan,nan,nan,nan,nan,nan,nan,nan,2081.0,0.0,0.0,0.0,0.0,0.0,0.0,0.0,13.0,0.0,0.0,0.0,0.0,0.0,0.0,0.0,2094.0,nan,nan,nan,,nan,nan,nan,nan,nan,nan,nan,,,,nan,nan,nan,nan,nan,nan,nan,nan,nan,nan,nan,nan,,nan,nan,,,nan,nan,nan,nan,nan,nan,nan,nan,nan,nan,nan,nan,nan,nan,nan,nan,nan,nan,nan,nan,nan,nan,nan,nan,,nan,nan,nan,,nan,,,,
nan,nan,nan,nan,nan,nan,nan,nan,nan,nan,nan,nan,nan,nan,nan,nan,nan,2099.0,0.0,0.0,0.0,0.0,0.0,0.0,0.0,12.0,0.0,0.0,0.0,0.0,0.0,0.0,0.0,2111.0,nan,nan,nan,,nan,nan,nan,nan,nan,nan,nan,,,,nan,nan,nan,nan,nan,nan,nan,nan,nan,nan,nan,nan,,nan,nan,,,nan,nan,nan,nan,nan,nan,nan,nan,nan,nan,nan,nan,nan,nan,nan,nan,nan,nan,nan,nan,nan,nan,nan,nan,,nan,nan,nan,,nan,,,,
nan,nan,nan,nan,nan,nan,nan,nan,nan,nan,nan,nan,nan,nan,nan,nan,nan,2147.0,0.0,0.0,0.0,0.0,0.0,0.0,0.0,7.0,0.0,0.0,0.0,0.0,0.0,0.0,0.0,2154.0,nan,nan,nan,,nan,nan,nan,nan,nan,nan,nan,,,,nan,nan,nan,nan,nan,nan,nan,nan,nan,nan,nan,nan,,nan,nan,,,nan,nan,nan,nan,nan,nan,nan,nan,nan,nan,nan,nan,nan,nan,nan,nan,nan,nan,nan,nan,nan,nan,nan,nan,,nan,nan,nan,,nan,,,,
nan,nan,nan,nan,nan,nan,nan,nan,nan,nan,nan,nan,nan,nan,nan,nan,nan,2093.0,0.0,0.0,0.0,0.0,0.0,0.0,0.0,13.0,0.0,0.0,0.0,0.0,0.0,0.0,0.0,2106.0,nan,nan,nan,,nan,nan,nan,nan,nan,nan,nan,,,,nan,nan,nan,nan,nan,nan,nan,nan,nan,nan,nan,nan,,nan,nan,,,nan,nan,nan,nan,nan,nan,nan,nan,nan,nan,nan,nan,nan,nan,nan,nan,nan,nan,nan,nan,nan,nan,nan,nan,,nan,nan,nan,,nan,,,,
nan,nan,nan,nan,nan,nan,nan,nan,nan,nan,nan,nan,nan,nan,nan,nan,nan,2098.0,0.0,0.0,0.0,0.0,0.0,0.0,0.0,12.0,0.0,0.0,0.0,0.0,0.0,0.0,0.0,2110.0,nan,nan,nan,,nan,nan,nan,nan,nan,nan,nan,,,,nan,nan,nan,nan,nan,nan,nan,nan,nan,nan,nan,nan,,nan,nan,,,nan,nan,nan,nan,nan,nan,nan,nan,nan,nan,nan,nan,nan,nan,nan,nan,nan,nan,nan,nan,nan,nan,nan,nan,,nan,nan,nan,,nan,,,,
nan,nan,nan,nan,nan,nan,nan,nan,nan,nan,nan,nan,nan,nan,nan,nan,nan,2160.0,0.0,0.0,0.0,0.0,0.0,0.0,0.0,15.0,0.0,0.0,0.0,0.0,0.0,0.0,0.0,2175.0,nan,nan,nan,,nan,nan,nan,nan,nan,nan,nan,,,,nan,nan,nan,nan,nan,nan,nan,nan,nan,nan,nan,nan,,nan,nan,,,nan,nan,nan,nan,nan,nan,nan,nan,nan,nan,nan,nan,nan,nan,nan,nan,nan,nan,nan,nan,nan,nan,nan,nan,,nan,nan,nan,,nan,,,,
nan,nan,nan,nan,nan,nan,nan,nan,nan,nan,nan,nan,nan,nan,nan,nan,nan,2171.0,0.0,0.0,0.0,0.0,0.0,0.0,0.0,15.0,0.0,0.0,0.0,0.0,0.0,0.0,0.0,2186.0,nan,nan,nan,,nan,nan,nan,nan,nan,nan,nan,,,,nan,nan,nan,nan,nan,nan,nan,nan,nan,nan,nan,nan,,nan,nan,,,nan,nan,nan,nan,nan,nan,nan,nan,nan,nan,nan,nan,nan,nan,nan,nan,nan,nan,nan,nan,nan,nan,nan,nan,,nan,nan,nan,,nan,,,,
nan,nan,nan,nan,nan,nan,nan,nan,nan,nan,nan,nan,nan,nan,nan,nan,nan,2139.0,0.0,0.0,0.0,0.0,0.0,0.0,0.0,15.0,0.0,0.0,0.0,0.0,0.0,0.0,0.0,2154.0,nan,nan,nan,,nan,nan,nan,nan,nan,nan,nan,,,,nan,nan,nan,nan,nan,nan,nan,nan,nan,nan,nan,nan,,nan,nan,,,nan,nan,nan,nan,nan,nan,nan,nan,nan,nan,nan,nan,nan,nan,nan,nan,nan,nan,nan,nan,nan,nan,nan,nan,,nan,nan,nan,,nan,,,,
nan,nan,nan,nan,nan,nan,nan,nan,nan,nan,nan,nan,nan,nan,nan,nan,nan,2191.0,0.0,0.0,0.0,0.0,0.0,0.0,0.0,17.0,0.0,0.0,0.0,0.0,0.0,0.0,0.0,2208.0,nan,nan,nan,,nan,nan,nan,nan,nan,nan,nan,,,,nan,nan,nan,nan,nan,nan,nan,nan,nan,nan,nan,nan,,nan,nan,,,nan,nan,nan,nan,nan,nan,nan,nan,nan,nan,nan,nan,nan,nan,nan,nan,nan,nan,nan,nan,nan,nan,nan,nan,,nan,nan,nan,,nan,,,,
nan,nan,nan,nan,nan,nan,nan,nan,nan,nan,nan,nan,nan,nan,nan,nan,nan,2169.0,0.0,0.0,0.0,0.0,0.0,0.0,0.0,9.0,0.0,0.0,0.0,0.0,0.0,0.0,0.0,2178.0,nan,nan,nan,,nan,nan,nan,nan,nan,nan,nan,,,,nan,nan,nan,nan,nan,nan,nan,nan,nan,nan,nan,nan,,nan,nan,,,nan,nan,nan,nan,nan,nan,nan,nan,nan,nan,nan,nan,nan,nan,nan,nan,nan,nan,nan,nan,nan,nan,nan,nan,,nan,nan,nan,,nan,,,,
nan,nan,nan,nan,nan,nan,nan,nan,nan,nan,nan,nan,nan,nan,nan,nan,nan,2103.0,0.0,0.0,0.0,0.0,0.0,0.0,0.0,15.0,0.0,0.0,0.0,0.0,0.0,0.0,0.0,2118.0,nan,nan,nan,,nan,nan,nan,nan,nan,nan,nan,,,,nan,nan,nan,nan,nan,nan,nan,nan,nan,nan,nan,nan,,nan,nan,,,nan,nan,nan,nan,nan,nan,nan,nan,nan,nan,nan,nan,nan,nan,nan,nan,nan,nan,nan,nan,nan,nan,nan,nan,,nan,nan,nan,,nan,,,,
nan,nan,nan,nan,nan,nan,nan,nan,nan,nan,nan,nan,nan,nan,nan,nan,nan,2188.0,0.0,0.0,0.0,0.0,0.0,0.0,0.0,6.0,0.0,0.0,0.0,0.0,0.0,0.0,0.0,2194.0,nan,nan,nan,,nan,nan,nan,nan,nan,nan,nan,,,,nan,nan,nan,nan,nan,nan,nan,nan,nan,nan,nan,nan,,nan,nan,,,nan,nan,nan,nan,nan,nan,nan,nan,nan,nan,nan,nan,nan,nan,nan,nan,nan,nan,nan,nan,nan,nan,nan,nan,,nan,nan,nan,,nan,,,,
nan,nan,nan,nan,nan,nan,nan,nan,nan,nan,nan,nan,nan,nan,nan,nan,nan,2158.0,0.0,0.0,0.0,0.0,0.0,0.0,0.0,6.0,0.0,0.0,0.0,0.0,0.0,0.0,0.0,2164.0,nan,nan,nan,,nan,nan,nan,nan,nan,nan,nan,,,,nan,nan,nan,nan,nan,nan,nan,nan,nan,nan,nan,nan,,nan,nan,,,nan,nan,nan,nan,nan,nan,nan,nan,nan,nan,nan,nan,nan,nan,nan,nan,nan,nan,nan,nan,nan,nan,nan,nan,,nan,nan,nan,,nan,,,,
nan,nan,nan,nan,nan,nan,nan,nan,nan,nan,nan,nan,nan,nan,nan,nan,nan,2219.0,0.0,0.0,0.0,0.0,0.0,0.0,0.0,11.0,0.0,0.0,0.0,0.0,0.0,0.0,0.0,2230.0,nan,nan,nan,,nan,nan,nan,nan,nan,nan,nan,,,,nan,nan,nan,nan,nan,nan,nan,nan,nan,nan,nan,nan,,nan,nan,,,nan,nan,nan,nan,nan,nan,nan,nan,nan,nan,nan,nan,nan,nan,nan,nan,nan,nan,nan,nan,nan,nan,nan,nan,,nan,nan,nan,,nan,,,,
nan,nan,nan,nan,nan,nan,nan,nan,nan,nan,nan,nan,nan,nan,nan,nan,nan,2148.0,0.0,0.0,0.0,0.0,0.0,0.0,0.0,10.0,0.0,0.0,0.0,0.0,0.0,0.0,0.0,2158.0,nan,nan,nan,,nan,nan,nan,nan,nan,nan,nan,,,,nan,nan,nan,nan,nan,nan,nan,nan,nan,nan,nan,nan,,nan,nan,,,nan,nan,nan,nan,nan,nan,nan,nan,nan,nan,nan,nan,nan,nan,nan,nan,nan,nan,nan,nan,nan,nan,nan,nan,,nan,nan,nan,,nan,,,,
nan,nan,nan,nan,nan,nan,nan,nan,nan,nan,nan,nan,nan,nan,nan,nan,nan,2080.0,0.0,0.0,0.0,0.0,0.0,0.0,0.0,9.0,0.0,0.0,0.0,0.0,0.0,0.0,0.0,2089.0,nan,nan,nan,,nan,nan,nan,nan,nan,nan,nan,,,,nan,nan,nan,nan,nan,nan,nan,nan,nan,nan,nan,nan,,nan,nan,,,nan,nan,nan,nan,nan,nan,nan,nan,nan,nan,nan,nan,nan,nan,nan,nan,nan,nan,nan,nan,nan,nan,nan,nan,,nan,nan,nan,,nan,,,,
nan,nan,nan,nan,nan,nan,nan,nan,nan,nan,nan,nan,nan,nan,nan,nan,nan,2167.0,0.0,0.0,0.0,0.0,0.0,0.0,0.0,19.0,0.0,0.0,0.0,0.0,0.0,0.0,0.0,2186.0,nan,nan,nan,,nan,nan,nan,nan,nan,nan,nan,,,,nan,nan,nan,nan,nan,nan,nan,nan,nan,nan,nan,nan,,nan,nan,,,nan,nan,nan,nan,nan,nan,nan,nan,nan,nan,nan,nan,nan,nan,nan,nan,nan,nan,nan,nan,nan,nan,nan,nan,,nan,nan,nan,,nan,,,,
nan,nan,nan,nan,nan,nan,nan,nan,nan,nan,nan,nan,nan,nan,nan,nan,nan,2163.0,0.0,0.0,0.0,0.0,0.0,0.0,0.0,10.0,0.0,0.0,0.0,0.0,0.0,0.0,0.0,2173.0,nan,nan,nan,,nan,nan,nan,nan,nan,nan,nan,,,,nan,nan,nan,nan,nan,nan,nan,nan,nan,nan,nan,nan,,nan,nan,,,nan,nan,nan,nan,nan,nan,nan,nan,nan,nan,nan,nan,nan,nan,nan,nan,nan,nan,nan,nan,nan,nan,nan,nan,,nan,nan,nan,,nan,,,,
nan,nan,nan,nan,nan,nan,nan,nan,nan,nan,nan,nan,nan,nan,nan,nan,nan,2157.0,0.0,0.0,0.0,0.0,0.0,0.0,0.0,12.0,0.0,0.0,0.0,0.0,0.0,0.0,0.0,2169.0,nan,nan,nan,,nan,nan,nan,nan,nan,nan,nan,,,,nan,nan,nan,nan,nan,nan,nan,nan,nan,nan,nan,nan,,nan,nan,,,nan,nan,nan,nan,nan,nan,nan,nan,nan,nan,nan,nan,nan,nan,nan,nan,nan,nan,nan,nan,nan,nan,nan,nan,,nan,nan,nan,,nan,,,,
nan,nan,nan,nan,nan,nan,nan,nan,nan,nan,nan,nan,nan,nan,nan,nan,nan,2249.0,0.0,0.0,0.0,0.0,0.0,0.0,0.0,13.0,0.0,0.0,0.0,0.0,0.0,0.0,0.0,2262.0,nan,nan,nan,,nan,nan,nan,nan,nan,nan,nan,,,,nan,nan,nan,nan,nan,nan,nan,nan,nan,nan,nan,nan,,nan,nan,,,nan,nan,nan,nan,nan,nan,nan,nan,nan,nan,nan,nan,nan,nan,nan,nan,nan,nan,nan,nan,nan,nan,nan,nan,,nan,nan,nan,,nan,,,,
nan,nan,nan,nan,nan,nan,nan,nan,nan,nan,nan,nan,nan,nan,nan,nan,nan,2147.0,0.0,0.0,0.0,0.0,0.0,0.0,0.0,12.0,0.0,0.0,0.0,0.0,0.0,0.0,0.0,2159.0,nan,nan,nan,,nan,nan,nan,nan,nan,nan,nan,,,,nan,nan,nan,nan,nan,nan,nan,nan,nan,nan,nan,nan,,nan,nan,,,nan,nan,nan,nan,nan,nan,nan,nan,nan,nan,nan,nan,nan,nan,nan,nan,nan,nan,nan,nan,nan,nan,nan,nan,,nan,nan,nan,,nan,,,,
nan,nan,nan,nan,nan,nan,nan,nan,nan,nan,nan,nan,nan,nan,nan,nan,nan,2185.0,0.0,0.0,0.0,0.0,0.0,0.0,0.0,15.0,0.0,0.0,0.0,0.0,0.0,0.0,0.0,2200.0,nan,nan,nan,,nan,nan,nan,nan,nan,nan,nan,,,,nan,nan,nan,nan,nan,nan,nan,nan,nan,nan,nan,nan,,nan,nan,,,nan,nan,nan,nan,nan,nan,nan,nan,nan,nan,nan,nan,nan,nan,nan,nan,nan,nan,nan,nan,nan,nan,nan,nan,,nan,nan,nan,,nan,,,,
nan,nan,nan,nan,nan,nan,nan,nan,nan,nan,nan,nan,nan,nan,nan,nan,nan,2114.0,0.0,0.0,0.0,0.0,0.0,0.0,0.0,13.0,0.0,0.0,0.0,0.0,0.0,0.0,0.0,2127.0,nan,nan,nan,,nan,nan,nan,nan,nan,nan,nan,,,,nan,nan,nan,nan,nan,nan,nan,nan,nan,nan,nan,nan,,nan,nan,,,nan,nan,nan,nan,nan,nan,nan,nan,nan,nan,nan,nan,nan,nan,nan,nan,nan,nan,nan,nan,nan,nan,nan,nan,,nan,nan,nan,,nan,,,,
nan,nan,nan,nan,nan,nan,nan,nan,nan,nan,nan,nan,nan,nan,nan,nan,nan,2158.0,0.0,0.0,0.0,0.0,0.0,0.0,0.0,16.0,0.0,0.0,0.0,0.0,0.0,0.0,0.0,2174.0,nan,nan,nan,,nan,nan,nan,nan,nan,nan,nan,,,,nan,nan,nan,nan,nan,nan,nan,nan,nan,nan,nan,nan,,nan,nan,,,nan,nan,nan,nan,nan,nan,nan,nan,nan,nan,nan,nan,nan,nan,nan,nan,nan,nan,nan,nan,nan,nan,nan,nan,,nan,nan,nan,,nan,,,,
nan,nan,nan,nan,nan,nan,nan,nan,nan,nan,nan,nan,nan,nan,nan,nan,nan,2133.0,0.0,0.0,0.0,0.0,0.0,0.0,0.0,6.0,0.0,0.0,0.0,0.0,0.0,0.0,0.0,2139.0,nan,nan,nan,,nan,nan,nan,nan,nan,nan,nan,,,,nan,nan,nan,nan,nan,nan,nan,nan,nan,nan,nan,nan,,nan,nan,,,nan,nan,nan,nan,nan,nan,nan,nan,nan,nan,nan,nan,nan,nan,nan,nan,nan,nan,nan,nan,nan,nan,nan,nan,,nan,nan,nan,,nan,,,,
nan,nan,nan,nan,nan,nan,nan,nan,nan,nan,nan,nan,nan,nan,nan,nan,nan,2249.0,0.0,0.0,0.0,0.0,0.0,0.0,0.0,15.0,0.0,0.0,0.0,0.0,0.0,0.0,0.0,2264.0,nan,nan,nan,,nan,nan,nan,nan,nan,nan,nan,,,,nan,nan,nan,nan,nan,nan,nan,nan,nan,nan,nan,nan,,nan,nan,,,nan,nan,nan,nan,nan,nan,nan,nan,nan,nan,nan,nan,nan,nan,nan,nan,nan,nan,nan,nan,nan,nan,nan,nan,,nan,nan,nan,,nan,,,,
nan,nan,nan,nan,nan,nan,nan,nan,nan,nan,nan,nan,nan,nan,nan,nan,nan,2152.0,0.0,0.0,0.0,0.0,0.0,0.0,0.0,12.0,0.0,0.0,0.0,0.0,0.0,0.0,0.0,2164.0,nan,nan,nan,,nan,nan,nan,nan,nan,nan,nan,,,,nan,nan,nan,nan,nan,nan,nan,nan,nan,nan,nan,nan,,nan,nan,,,nan,nan,nan,nan,nan,nan,nan,nan,nan,nan,nan,nan,nan,nan,nan,nan,nan,nan,nan,nan,nan,nan,nan,nan,,nan,nan,nan,,nan,,,,
nan,nan,nan,nan,nan,nan,nan,nan,nan,nan,nan,nan,nan,nan,nan,nan,nan,2205.0,0.0,0.0,0.0,0.0,0.0,0.0,0.0,10.0,0.0,0.0,0.0,0.0,0.0,0.0,0.0,2215.0,nan,nan,nan,,nan,nan,nan,nan,nan,nan,nan,,,,nan,nan,nan,nan,nan,nan,nan,nan,nan,nan,nan,nan,,nan,nan,,,nan,nan,nan,nan,nan,nan,nan,nan,nan,nan,nan,nan,nan,nan,nan,nan,nan,nan,nan,nan,nan,nan,nan,nan,,nan,nan,nan,,nan,,,,
nan,nan,nan,nan,nan,nan,nan,nan,nan,nan,nan,nan,nan,nan,nan,nan,nan,2130.0,0.0,0.0,0.0,0.0,0.0,0.0,0.0,19.0,0.0,0.0,0.0,0.0,0.0,0.0,0.0,2149.0,nan,nan,nan,,nan,nan,nan,nan,nan,nan,nan,,,,nan,nan,nan,nan,nan,nan,nan,nan,nan,nan,nan,nan,,nan,nan,,,nan,nan,nan,nan,nan,nan,nan,nan,nan,nan,nan,nan,nan,nan,nan,nan,nan,nan,nan,nan,nan,nan,nan,nan,,nan,nan,nan,,nan,,,,
nan,nan,nan,nan,nan,nan,nan,nan,nan,nan,nan,nan,nan,nan,nan,nan,nan,2166.0,0.0,0.0,0.0,0.0,0.0,0.0,0.0,15.0,0.0,0.0,0.0,0.0,0.0,0.0,0.0,2181.0,nan,nan,nan,,nan,nan,nan,nan,nan,nan,nan,,,,nan,nan,nan,nan,nan,nan,nan,nan,nan,nan,nan,nan,,nan,nan,,,nan,nan,nan,nan,nan,nan,nan,nan,nan,nan,nan,nan,nan,nan,nan,nan,nan,nan,nan,nan,nan,nan,nan,nan,,nan,nan,nan,,nan,,,,
nan,nan,nan,nan,nan,nan,nan,nan,nan,nan,nan,nan,nan,nan,nan,nan,nan,2164.0,0.0,0.0,0.0,0.0,0.0,0.0,0.0,13.0,0.0,0.0,0.0,0.0,0.0,0.0,0.0,2177.0,nan,nan,nan,,nan,nan,nan,nan,nan,nan,nan,,,,nan,nan,nan,nan,nan,nan,nan,nan,nan,nan,nan,nan,,nan,nan,,,nan,nan,nan,nan,nan,nan,nan,nan,nan,nan,nan,nan,nan,nan,nan,nan,nan,nan,nan,nan,nan,nan,nan,nan,,nan,nan,nan,,nan,,,,
nan,nan,nan,nan,nan,nan,nan,nan,nan,nan,nan,nan,nan,nan,nan,nan,nan,2028.0,0.0,0.0,0.0,0.0,0.0,0.0,0.0,12.0,0.0,0.0,0.0,0.0,0.0,0.0,0.0,2040.0,nan,nan,nan,,nan,nan,nan,nan,nan,nan,nan,,,,nan,nan,nan,nan,nan,nan,nan,nan,nan,nan,nan,nan,,nan,nan,,,nan,nan,nan,nan,nan,nan,nan,nan,nan,nan,nan,nan,nan,nan,nan,nan,nan,nan,nan,nan,nan,nan,nan,nan,,nan,nan,nan,,nan,,,,
nan,nan,nan,nan,nan,nan,nan,nan,nan,nan,nan,nan,nan,nan,nan,nan,nan,2160.0,0.0,0.0,0.0,0.0,0.0,0.0,0.0,8.0,0.0,0.0,0.0,0.0,0.0,0.0,0.0,2168.0,nan,nan,nan,,nan,nan,nan,nan,nan,nan,nan,,,,nan,nan,nan,nan,nan,nan,nan,nan,nan,nan,nan,nan,,nan,nan,,,nan,nan,nan,nan,nan,nan,nan,nan,nan,nan,nan,nan,nan,nan,nan,nan,nan,nan,nan,nan,nan,nan,nan,nan,,nan,nan,nan,,nan,,,,
nan,nan,nan,nan,nan,nan,nan,nan,nan,nan,nan,nan,nan,nan,nan,nan,nan,2109.0,0.0,0.0,0.0,0.0,0.0,0.0,0.0,7.0,0.0,0.0,0.0,0.0,0.0,0.0,0.0,2116.0,nan,nan,nan,,nan,nan,nan,nan,nan,nan,nan,,,,nan,nan,nan,nan,nan,nan,nan,nan,nan,nan,nan,nan,,nan,nan,,,nan,nan,nan,nan,nan,nan,nan,nan,nan,nan,nan,nan,nan,nan,nan,nan,nan,nan,nan,nan,nan,nan,nan,nan,,nan,nan,nan,,nan,,,,
nan,nan,nan,nan,nan,nan,nan,nan,nan,nan,nan,nan,nan,nan,nan,nan,nan,2125.0,0.0,0.0,0.0,0.0,0.0,0.0,0.0,9.0,0.0,0.0,0.0,0.0,0.0,0.0,0.0,2134.0,nan,nan,nan,,nan,nan,nan,nan,nan,nan,nan,,,,nan,nan,nan,nan,nan,nan,nan,nan,nan,nan,nan,nan,,nan,nan,,,nan,nan,nan,nan,nan,nan,nan,nan,nan,nan,nan,nan,nan,nan,nan,nan,nan,nan,nan,nan,nan,nan,nan,nan,,nan,nan,nan,,nan,,,,
nan,nan,nan,nan,nan,nan,nan,nan,nan,nan,nan,nan,nan,nan,nan,nan,nan,2262.0,0.0,0.0,0.0,0.0,0.0,0.0,0.0,11.0,0.0,0.0,0.0,0.0,0.0,0.0,0.0,2273.0,nan,nan,nan,,nan,nan,nan,nan,nan,nan,nan,,,,nan,nan,nan,nan,nan,nan,nan,nan,nan,nan,nan,nan,,nan,nan,,,nan,nan,nan,nan,nan,nan,nan,nan,nan,nan,nan,nan,nan,nan,nan,nan,nan,nan,nan,nan,nan,nan,nan,nan,,nan,nan,nan,,nan,,,,
nan,nan,nan,nan,nan,nan,nan,nan,nan,nan,nan,nan,nan,nan,nan,nan,nan,2154.0,0.0,0.0,0.0,0.0,0.0,0.0,0.0,8.0,0.0,0.0,0.0,0.0,0.0,0.0,0.0,2162.0,nan,nan,nan,,nan,nan,nan,nan,nan,nan,nan,,,,nan,nan,nan,nan,nan,nan,nan,nan,nan,nan,nan,nan,,nan,nan,,,nan,nan,nan,nan,nan,nan,nan,nan,nan,nan,nan,nan,nan,nan,nan,nan,nan,nan,nan,nan,nan,nan,nan,nan,,nan,nan,nan,,nan,,,,
nan,nan,nan,nan,nan,nan,nan,nan,nan,nan,nan,nan,nan,nan,nan,nan,nan,2124.0,0.0,0.0,0.0,0.0,0.0,0.0,0.0,13.0,0.0,0.0,0.0,0.0,0.0,0.0,0.0,2137.0,nan,nan,nan,,nan,nan,nan,nan,nan,nan,nan,,,,nan,nan,nan,nan,nan,nan,nan,nan,nan,nan,nan,nan,,nan,nan,,,nan,nan,nan,nan,nan,nan,nan,nan,nan,nan,nan,nan,nan,nan,nan,nan,nan,nan,nan,nan,nan,nan,nan,nan,,nan,nan,nan,,nan,,,,
nan,nan,nan,nan,nan,nan,nan,nan,nan,nan,nan,nan,nan,nan,nan,nan,nan,2080.0,0.0,0.0,0.0,0.0,0.0,0.0,0.0,15.0,0.0,0.0,0.0,0.0,0.0,0.0,0.0,2095.0,nan,nan,nan,,nan,nan,nan,nan,nan,nan,nan,,,,nan,nan,nan,nan,nan,nan,nan,nan,nan,nan,nan,nan,,nan,nan,,,nan,nan,nan,nan,nan,nan,nan,nan,nan,nan,nan,nan,nan,nan,nan,nan,nan,nan,nan,nan,nan,nan,nan,nan,,nan,nan,nan,,nan,,,,
nan,nan,nan,nan,nan,nan,nan,nan,nan,nan,nan,nan,nan,nan,nan,nan,nan,2183.0,0.0,0.0,0.0,0.0,0.0,0.0,0.0,11.0,0.0,0.0,0.0,0.0,0.0,0.0,0.0,2194.0,nan,nan,nan,,nan,nan,nan,nan,nan,nan,nan,,,,nan,nan,nan,nan,nan,nan,nan,nan,nan,nan,nan,nan,,nan,nan,,,nan,nan,nan,nan,nan,nan,nan,nan,nan,nan,nan,nan,nan,nan,nan,nan,nan,nan,nan,nan,nan,nan,nan,nan,,nan,nan,nan,,nan,,,,
nan,nan,nan,nan,nan,nan,nan,nan,nan,nan,nan,nan,nan,nan,nan,nan,nan,2212.0,0.0,0.0,0.0,0.0,0.0,0.0,0.0,13.0,0.0,0.0,0.0,0.0,0.0,0.0,0.0,2225.0,nan,nan,nan,,nan,nan,nan,nan,nan,nan,nan,,,,nan,nan,nan,nan,nan,nan,nan,nan,nan,nan,nan,nan,,nan,nan,,,nan,nan,nan,nan,nan,nan,nan,nan,nan,nan,nan,nan,nan,nan,nan,nan,nan,nan,nan,nan,nan,nan,nan,nan,,nan,nan,nan,,nan,,,,
nan,nan,nan,nan,nan,nan,nan,nan,nan,nan,nan,nan,nan,nan,nan,nan,nan,2077.0,0.0,0.0,0.0,0.0,0.0,0.0,0.0,11.0,0.0,0.0,0.0,0.0,0.0,0.0,0.0,2088.0,nan,nan,nan,,nan,nan,nan,nan,nan,nan,nan,,,,nan,nan,nan,nan,nan,nan,nan,nan,nan,nan,nan,nan,,nan,nan,,,nan,nan,nan,nan,nan,nan,nan,nan,nan,nan,nan,nan,nan,nan,nan,nan,nan,nan,nan,nan,nan,nan,nan,nan,,nan,nan,nan,,nan,,,,
nan,nan,nan,nan,nan,nan,nan,nan,nan,nan,nan,nan,nan,nan,nan,nan,nan,2172.0,0.0,0.0,0.0,0.0,0.0,0.0,0.0,10.0,0.0,0.0,0.0,0.0,0.0,0.0,0.0,2182.0,nan,nan,nan,,nan,nan,nan,nan,nan,nan,nan,,,,nan,nan,nan,nan,nan,nan,nan,nan,nan,nan,nan,nan,,nan,nan,,,nan,nan,nan,nan,nan,nan,nan,nan,nan,nan,nan,nan,nan,nan,nan,nan,nan,nan,nan,nan,nan,nan,nan,nan,,nan,nan,nan,,nan,,,,
nan,nan,nan,nan,nan,nan,nan,nan,nan,nan,nan,nan,nan,nan,nan,nan,nan,2153.0,0.0,0.0,0.0,0.0,0.0,0.0,0.0,17.0,0.0,0.0,0.0,0.0,0.0,0.0,0.0,2170.0,nan,nan,nan,,nan,nan,nan,nan,nan,nan,nan,,,,nan,nan,nan,nan,nan,nan,nan,nan,nan,nan,nan,nan,,nan,nan,,,nan,nan,nan,nan,nan,nan,nan,nan,nan,nan,nan,nan,nan,nan,nan,nan,nan,nan,nan,nan,nan,nan,nan,nan,,nan,nan,nan,,nan,,,,
nan,nan,nan,nan,nan,nan,nan,nan,nan,nan,nan,nan,nan,nan,nan,nan,nan,2068.0,0.0,0.0,0.0,0.0,0.0,0.0,0.0,6.0,0.0,0.0,0.0,0.0,0.0,0.0,0.0,2074.0,nan,nan,nan,,nan,nan,nan,nan,nan,nan,nan,,,,nan,nan,nan,nan,nan,nan,nan,nan,nan,nan,nan,nan,,nan,nan,,,nan,nan,nan,nan,nan,nan,nan,nan,nan,nan,nan,nan,nan,nan,nan,nan,nan,nan,nan,nan,nan,nan,nan,nan,,nan,nan,nan,,nan,,,,
nan,nan,nan,nan,nan,nan,nan,nan,nan,nan,nan,nan,nan,nan,nan,nan,nan,2128.0,0.0,0.0,0.0,0.0,0.0,0.0,0.0,8.0,0.0,0.0,0.0,0.0,0.0,0.0,0.0,2136.0,nan,nan,nan,,nan,nan,nan,nan,nan,nan,nan,,,,nan,nan,nan,nan,nan,nan,nan,nan,nan,nan,nan,nan,,nan,nan,,,nan,nan,nan,nan,nan,nan,nan,nan,nan,nan,nan,nan,nan,nan,nan,nan,nan,nan,nan,nan,nan,nan,nan,nan,,nan,nan,nan,,nan,,,,
nan,nan,nan,nan,nan,nan,nan,nan,nan,nan,nan,nan,nan,nan,nan,nan,nan,2087.0,0.0,0.0,0.0,0.0,0.0,0.0,0.0,8.0,0.0,0.0,0.0,0.0,0.0,0.0,0.0,2095.0,nan,nan,nan,,nan,nan,nan,nan,nan,nan,nan,,,,nan,nan,nan,nan,nan,nan,nan,nan,nan,nan,nan,nan,,nan,nan,,,nan,nan,nan,nan,nan,nan,nan,nan,nan,nan,nan,nan,nan,nan,nan,nan,nan,nan,nan,nan,nan,nan,nan,nan,,nan,nan,nan,,nan,,,,
nan,nan,nan,nan,nan,nan,nan,nan,nan,nan,nan,nan,nan,nan,nan,nan,nan,2101.0,0.0,0.0,0.0,0.0,0.0,0.0,0.0,12.0,0.0,0.0,0.0,0.0,0.0,0.0,0.0,2113.0,nan,nan,nan,,nan,nan,nan,nan,nan,nan,nan,,,,nan,nan,nan,nan,nan,nan,nan,nan,nan,nan,nan,nan,,nan,nan,,,nan,nan,nan,nan,nan,nan,nan,nan,nan,nan,nan,nan,nan,nan,nan,nan,nan,nan,nan,nan,nan,nan,nan,nan,,nan,nan,nan,,nan,,,,
nan,nan,nan,nan,nan,nan,nan,nan,nan,nan,nan,nan,nan,nan,nan,nan,nan,2157.0,0.0,0.0,0.0,0.0,0.0,0.0,0.0,19.0,0.0,0.0,0.0,0.0,0.0,0.0,0.0,2176.0,nan,nan,nan,,nan,nan,nan,nan,nan,nan,nan,,,,nan,nan,nan,nan,nan,nan,nan,nan,nan,nan,nan,nan,,nan,nan,,,nan,nan,nan,nan,nan,nan,nan,nan,nan,nan,nan,nan,nan,nan,nan,nan,nan,nan,nan,nan,nan,nan,nan,nan,,nan,nan,nan,,nan,,,,
nan,nan,nan,nan,nan,nan,nan,nan,nan,nan,nan,nan,nan,nan,nan,nan,nan,2181.0,0.0,0.0,0.0,0.0,0.0,0.0,0.0,8.0,0.0,0.0,0.0,0.0,0.0,0.0,0.0,2189.0,nan,nan,nan,,nan,nan,nan,nan,nan,nan,nan,,,,nan,nan,nan,nan,nan,nan,nan,nan,nan,nan,nan,nan,,nan,nan,,,nan,nan,nan,nan,nan,nan,nan,nan,nan,nan,nan,nan,nan,nan,nan,nan,nan,nan,nan,nan,nan,nan,nan,nan,,nan,nan,nan,,nan,,,,
nan,nan,nan,nan,nan,nan,nan,nan,nan,nan,nan,nan,nan,nan,nan,nan,nan,2159.0,0.0,0.0,0.0,0.0,0.0,0.0,0.0,12.0,0.0,0.0,0.0,0.0,0.0,0.0,0.0,2171.0,nan,nan,nan,,nan,nan,nan,nan,nan,nan,nan,,,,nan,nan,nan,nan,nan,nan,nan,nan,nan,nan,nan,nan,,nan,nan,,,nan,nan,nan,nan,nan,nan,nan,nan,nan,nan,nan,nan,nan,nan,nan,nan,nan,nan,nan,nan,nan,nan,nan,nan,,nan,nan,nan,,nan,,,,
nan,nan,nan,nan,nan,nan,nan,nan,nan,nan,nan,nan,nan,nan,nan,nan,nan,2138.0,0.0,0.0,0.0,0.0,0.0,0.0,0.0,11.0,0.0,0.0,0.0,0.0,0.0,0.0,0.0,2149.0,nan,nan,nan,,nan,nan,nan,nan,nan,nan,nan,,,,nan,nan,nan,nan,nan,nan,nan,nan,nan,nan,nan,nan,,nan,nan,,,nan,nan,nan,nan,nan,nan,nan,nan,nan,nan,nan,nan,nan,nan,nan,nan,nan,nan,nan,nan,nan,nan,nan,nan,,nan,nan,nan,,nan,,,,
nan,nan,nan,nan,nan,nan,nan,nan,nan,nan,nan,nan,nan,nan,nan,nan,nan,2205.0,0.0,0.0,0.0,0.0,0.0,0.0,0.0,12.0,0.0,0.0,0.0,0.0,0.0,0.0,0.0,2217.0,nan,nan,nan,,nan,nan,nan,nan,nan,nan,nan,,,,nan,nan,nan,nan,nan,nan,nan,nan,nan,nan,nan,nan,,nan,nan,,,nan,nan,nan,nan,nan,nan,nan,nan,nan,nan,nan,nan,nan,nan,nan,nan,nan,nan,nan,nan,nan,nan,nan,nan,,nan,nan,nan,,nan,,,,
nan,nan,nan,nan,nan,nan,nan,nan,nan,nan,nan,nan,nan,nan,nan,nan,nan,2175.0,0.0,0.0,0.0,0.0,0.0,0.0,0.0,11.0,0.0,0.0,0.0,0.0,0.0,0.0,0.0,2186.0,nan,nan,nan,,nan,nan,nan,nan,nan,nan,nan,,,,nan,nan,nan,nan,nan,nan,nan,nan,nan,nan,nan,nan,,nan,nan,,,nan,nan,nan,nan,nan,nan,nan,nan,nan,nan,nan,nan,nan,nan,nan,nan,nan,nan,nan,nan,nan,nan,nan,nan,,nan,nan,nan,,nan,,,,
nan,nan,nan,nan,nan,nan,nan,nan,nan,nan,nan,nan,nan,nan,nan,nan,nan,2171.0,0.0,0.0,0.0,0.0,0.0,0.0,0.0,17.0,0.0,0.0,0.0,0.0,0.0,0.0,0.0,2188.0,nan,nan,nan,,nan,nan,nan,nan,nan,nan,nan,,,,nan,nan,nan,nan,nan,nan,nan,nan,nan,nan,nan,nan,,nan,nan,,,nan,nan,nan,nan,nan,nan,nan,nan,nan,nan,nan,nan,nan,nan,nan,nan,nan,nan,nan,nan,nan,nan,nan,nan,,nan,nan,nan,,nan,,,,
nan,nan,nan,nan,nan,nan,nan,nan,nan,nan,nan,nan,nan,nan,nan,nan,nan,2188.0,0.0,0.0,0.0,0.0,0.0,0.0,0.0,8.0,0.0,0.0,0.0,0.0,0.0,0.0,0.0,2196.0,nan,nan,nan,,nan,nan,nan,nan,nan,nan,nan,,,,nan,nan,nan,nan,nan,nan,nan,nan,nan,nan,nan,nan,,nan,nan,,,nan,nan,nan,nan,nan,nan,nan,nan,nan,nan,nan,nan,nan,nan,nan,nan,nan,nan,nan,nan,nan,nan,nan,nan,,nan,nan,nan,,nan,,,,
nan,nan,nan,nan,nan,nan,nan,nan,nan,nan,nan,nan,nan,nan,nan,nan,nan,2168.0,0.0,0.0,0.0,0.0,0.0,0.0,0.0,8.0,0.0,0.0,0.0,0.0,0.0,0.0,0.0,2176.0,nan,nan,nan,,nan,nan,nan,nan,nan,nan,nan,,,,nan,nan,nan,nan,nan,nan,nan,nan,nan,nan,nan,nan,,nan,nan,,,nan,nan,nan,nan,nan,nan,nan,nan,nan,nan,nan,nan,nan,nan,nan,nan,nan,nan,nan,nan,nan,nan,nan,nan,,nan,nan,nan,,nan,,,,
nan,nan,nan,nan,nan,nan,nan,nan,nan,nan,nan,nan,nan,nan,nan,nan,nan,2145.0,0.0,0.0,0.0,0.0,0.0,0.0,0.0,7.0,0.0,0.0,0.0,0.0,0.0,0.0,0.0,2152.0,nan,nan,nan,,nan,nan,nan,nan,nan,nan,nan,,,,nan,nan,nan,nan,nan,nan,nan,nan,nan,nan,nan,nan,,nan,nan,,,nan,nan,nan,nan,nan,nan,nan,nan,nan,nan,nan,nan,nan,nan,nan,nan,nan,nan,nan,nan,nan,nan,nan,nan,,nan,nan,nan,,nan,,,,
nan,nan,nan,nan,nan,nan,nan,nan,nan,nan,nan,nan,nan,nan,nan,nan,nan,2131.0,0.0,0.0,0.0,0.0,0.0,0.0,0.0,12.0,0.0,0.0,0.0,0.0,0.0,0.0,0.0,2143.0,nan,nan,nan,,nan,nan,nan,nan,nan,nan,nan,,,,nan,nan,nan,nan,nan,nan,nan,nan,nan,nan,nan,nan,,nan,nan,,,nan,nan,nan,nan,nan,nan,nan,nan,nan,nan,nan,nan,nan,nan,nan,nan,nan,nan,nan,nan,nan,nan,nan,nan,,nan,nan,nan,,nan,,,,
nan,nan,nan,nan,nan,nan,nan,nan,nan,nan,nan,nan,nan,nan,nan,nan,nan,2201.0,0.0,0.0,0.0,0.0,0.0,0.0,0.0,11.0,0.0,0.0,0.0,0.0,0.0,0.0,0.0,2212.0,nan,nan,nan,,nan,nan,nan,nan,nan,nan,nan,,,,nan,nan,nan,nan,nan,nan,nan,nan,nan,nan,nan,nan,,nan,nan,,,nan,nan,nan,nan,nan,nan,nan,nan,nan,nan,nan,nan,nan,nan,nan,nan,nan,nan,nan,nan,nan,nan,nan,nan,,nan,nan,nan,,nan,,,,
nan,nan,nan,nan,nan,nan,nan,nan,nan,nan,nan,nan,nan,nan,nan,nan,nan,2157.0,0.0,0.0,0.0,0.0,0.0,0.0,0.0,16.0,0.0,0.0,0.0,0.0,0.0,0.0,0.0,2173.0,nan,nan,nan,,nan,nan,nan,nan,nan,nan,nan,,,,nan,nan,nan,nan,nan,nan,nan,nan,nan,nan,nan,nan,,nan,nan,,,nan,nan,nan,nan,nan,nan,nan,nan,nan,nan,nan,nan,nan,nan,nan,nan,nan,nan,nan,nan,nan,nan,nan,nan,,nan,nan,nan,,nan,,,,
nan,nan,nan,nan,nan,nan,nan,nan,nan,nan,nan,nan,nan,nan,nan,nan,nan,2148.0,0.0,0.0,0.0,0.0,0.0,0.0,0.0,18.0,0.0,0.0,0.0,0.0,0.0,0.0,0.0,2166.0,nan,nan,nan,,nan,nan,nan,nan,nan,nan,nan,,,,nan,nan,nan,nan,nan,nan,nan,nan,nan,nan,nan,nan,,nan,nan,,,nan,nan,nan,nan,nan,nan,nan,nan,nan,nan,nan,nan,nan,nan,nan,nan,nan,nan,nan,nan,nan,nan,nan,nan,,nan,nan,nan,,nan,,,,
nan,nan,nan,nan,nan,nan,nan,nan,nan,nan,nan,nan,nan,nan,nan,nan,nan,2182.0,0.0,0.0,0.0,0.0,0.0,0.0,0.0,6.0,0.0,0.0,0.0,0.0,0.0,0.0,0.0,2188.0,nan,nan,nan,,nan,nan,nan,nan,nan,nan,nan,,,,nan,nan,nan,nan,nan,nan,nan,nan,nan,nan,nan,nan,,nan,nan,,,nan,nan,nan,nan,nan,nan,nan,nan,nan,nan,nan,nan,nan,nan,nan,nan,nan,nan,nan,nan,nan,nan,nan,nan,,nan,nan,nan,,nan,,,,
nan,nan,nan,nan,nan,nan,nan,nan,nan,nan,nan,nan,nan,nan,nan,nan,nan,2196.0,0.0,0.0,0.0,0.0,0.0,0.0,0.0,10.0,0.0,0.0,0.0,0.0,0.0,0.0,0.0,2206.0,nan,nan,nan,,nan,nan,nan,nan,nan,nan,nan,,,,nan,nan,nan,nan,nan,nan,nan,nan,nan,nan,nan,nan,,nan,nan,,,nan,nan,nan,nan,nan,nan,nan,nan,nan,nan,nan,nan,nan,nan,nan,nan,nan,nan,nan,nan,nan,nan,nan,nan,,nan,nan,nan,,nan,,,,
nan,nan,nan,nan,nan,nan,nan,nan,nan,nan,nan,nan,nan,nan,nan,nan,nan,2097.0,0.0,0.0,0.0,0.0,0.0,0.0,0.0,15.0,0.0,0.0,0.0,0.0,0.0,0.0,0.0,2112.0,nan,nan,nan,,nan,nan,nan,nan,nan,nan,nan,,,,nan,nan,nan,nan,nan,nan,nan,nan,nan,nan,nan,nan,,nan,nan,,,nan,nan,nan,nan,nan,nan,nan,nan,nan,nan,nan,nan,nan,nan,nan,nan,nan,nan,nan,nan,nan,nan,nan,nan,,nan,nan,nan,,nan,,,,
nan,nan,nan,nan,nan,nan,nan,nan,nan,nan,nan,nan,nan,nan,nan,nan,nan,2121.0,0.0,0.0,0.0,0.0,0.0,0.0,0.0,15.0,0.0,0.0,0.0,0.0,0.0,0.0,0.0,2136.0,nan,nan,nan,,nan,nan,nan,nan,nan,nan,nan,,,,nan,nan,nan,nan,nan,nan,nan,nan,nan,nan,nan,nan,,nan,nan,,,nan,nan,nan,nan,nan,nan,nan,nan,nan,nan,nan,nan,nan,nan,nan,nan,nan,nan,nan,nan,nan,nan,nan,nan,,nan,nan,nan,,nan,,,,
nan,nan,nan,nan,nan,nan,nan,nan,nan,nan,nan,nan,nan,nan,nan,nan,nan,2220.0,0.0,0.0,0.0,0.0,0.0,0.0,0.0,12.0,0.0,0.0,0.0,0.0,0.0,0.0,0.0,2232.0,nan,nan,nan,,nan,nan,nan,nan,nan,nan,nan,,,,nan,nan,nan,nan,nan,nan,nan,nan,nan,nan,nan,nan,,nan,nan,,,nan,nan,nan,nan,nan,nan,nan,nan,nan,nan,nan,nan,nan,nan,nan,nan,nan,nan,nan,nan,nan,nan,nan,nan,,nan,nan,nan,,nan,,,,
nan,nan,nan,nan,nan,nan,nan,nan,nan,nan,nan,nan,nan,nan,nan,nan,nan,2210.0,0.0,0.0,0.0,0.0,0.0,0.0,0.0,15.0,0.0,0.0,0.0,0.0,0.0,0.0,0.0,2225.0,nan,nan,nan,,nan,nan,nan,nan,nan,nan,nan,,,,nan,nan,nan,nan,nan,nan,nan,nan,nan,nan,nan,nan,,nan,nan,,,nan,nan,nan,nan,nan,nan,nan,nan,nan,nan,nan,nan,nan,nan,nan,nan,nan,nan,nan,nan,nan,nan,nan,nan,,nan,nan,nan,,nan,,,,
nan,nan,nan,nan,nan,nan,nan,nan,nan,nan,nan,nan,nan,nan,nan,nan,nan,2162.0,0.0,0.0,0.0,0.0,0.0,0.0,0.0,15.0,0.0,0.0,0.0,0.0,0.0,0.0,0.0,2177.0,nan,nan,nan,,nan,nan,nan,nan,nan,nan,nan,,,,nan,nan,nan,nan,nan,nan,nan,nan,nan,nan,nan,nan,,nan,nan,,,nan,nan,nan,nan,nan,nan,nan,nan,nan,nan,nan,nan,nan,nan,nan,nan,nan,nan,nan,nan,nan,nan,nan,nan,,nan,nan,nan,,nan,,,,
nan,nan,nan,nan,nan,nan,nan,nan,nan,nan,nan,nan,nan,nan,nan,nan,nan,2146.0,0.0,0.0,0.0,0.0,0.0,0.0,0.0,13.0,0.0,0.0,0.0,0.0,0.0,0.0,0.0,2159.0,nan,nan,nan,,nan,nan,nan,nan,nan,nan,nan,,,,nan,nan,nan,nan,nan,nan,nan,nan,nan,nan,nan,nan,,nan,nan,,,nan,nan,nan,nan,nan,nan,nan,nan,nan,nan,nan,nan,nan,nan,nan,nan,nan,nan,nan,nan,nan,nan,nan,nan,,nan,nan,nan,,nan,,,,
nan,nan,nan,nan,nan,nan,nan,nan,nan,nan,nan,nan,nan,nan,nan,nan,nan,2133.0,0.0,0.0,0.0,0.0,0.0,0.0,0.0,14.0,0.0,0.0,0.0,0.0,0.0,0.0,0.0,2147.0,nan,nan,nan,,nan,nan,nan,nan,nan,nan,nan,,,,nan,nan,nan,nan,nan,nan,nan,nan,nan,nan,nan,nan,,nan,nan,,,nan,nan,nan,nan,nan,nan,nan,nan,nan,nan,nan,nan,nan,nan,nan,nan,nan,nan,nan,nan,nan,nan,nan,nan,,nan,nan,nan,,nan,,,,
nan,nan,nan,nan,nan,nan,nan,nan,nan,nan,nan,nan,nan,nan,nan,nan,nan,2123.0,0.0,0.0,0.0,0.0,0.0,0.0,0.0,19.0,0.0,0.0,0.0,0.0,0.0,0.0,0.0,2142.0,nan,nan,nan,,nan,nan,nan,nan,nan,nan,nan,,,,nan,nan,nan,nan,nan,nan,nan,nan,nan,nan,nan,nan,,nan,nan,,,nan,nan,nan,nan,nan,nan,nan,nan,nan,nan,nan,nan,nan,nan,nan,nan,nan,nan,nan,nan,nan,nan,nan,nan,,nan,nan,nan,,nan,,,,
nan,nan,nan,nan,nan,nan,nan,nan,nan,nan,nan,nan,nan,nan,nan,nan,nan,2127.0,0.0,0.0,0.0,0.0,0.0,0.0,0.0,16.0,0.0,0.0,0.0,0.0,0.0,0.0,0.0,2143.0,nan,nan,nan,,nan,nan,nan,nan,nan,nan,nan,,,,nan,nan,nan,nan,nan,nan,nan,nan,nan,nan,nan,nan,,nan,nan,,,nan,nan,nan,nan,nan,nan,nan,nan,nan,nan,nan,nan,nan,nan,nan,nan,nan,nan,nan,nan,nan,nan,nan,nan,,nan,nan,nan,,nan,,,,
nan,nan,nan,nan,nan,nan,nan,nan,nan,nan,nan,nan,nan,nan,nan,nan,nan,2158.0,0.0,0.0,0.0,0.0,0.0,0.0,0.0,10.0,0.0,0.0,0.0,0.0,0.0,0.0,0.0,2168.0,nan,nan,nan,,nan,nan,nan,nan,nan,nan,nan,,,,nan,nan,nan,nan,nan,nan,nan,nan,nan,nan,nan,nan,,nan,nan,,,nan,nan,nan,nan,nan,nan,nan,nan,nan,nan,nan,nan,nan,nan,nan,nan,nan,nan,nan,nan,nan,nan,nan,nan,,nan,nan,nan,,nan,,,,
nan,nan,nan,nan,nan,nan,nan,nan,nan,nan,nan,nan,nan,nan,nan,nan,nan,2193.0,0.0,0.0,0.0,0.0,0.0,0.0,0.0,12.0,0.0,0.0,0.0,0.0,0.0,0.0,0.0,2205.0,nan,nan,nan,,nan,nan,nan,nan,nan,nan,nan,,,,nan,nan,nan,nan,nan,nan,nan,nan,nan,nan,nan,nan,,nan,nan,,,nan,nan,nan,nan,nan,nan,nan,nan,nan,nan,nan,nan,nan,nan,nan,nan,nan,nan,nan,nan,nan,nan,nan,nan,,nan,nan,nan,,nan,,,,
nan,nan,nan,nan,nan,nan,nan,nan,nan,nan,nan,nan,nan,nan,nan,nan,nan,2081.0,0.0,0.0,0.0,0.0,0.0,0.0,0.0,9.0,0.0,0.0,0.0,0.0,0.0,0.0,0.0,2090.0,nan,nan,nan,,nan,nan,nan,nan,nan,nan,nan,,,,nan,nan,nan,nan,nan,nan,nan,nan,nan,nan,nan,nan,,nan,nan,,,nan,nan,nan,nan,nan,nan,nan,nan,nan,nan,nan,nan,nan,nan,nan,nan,nan,nan,nan,nan,nan,nan,nan,nan,,nan,nan,nan,,nan,,,,
nan,nan,nan,nan,nan,nan,nan,nan,nan,nan,nan,nan,nan,nan,nan,nan,nan,1996.0,0.0,0.0,0.0,0.0,0.0,0.0,0.0,15.0,0.0,0.0,0.0,0.0,0.0,0.0,0.0,2011.0,nan,nan,nan,,nan,nan,nan,nan,nan,nan,nan,,,,nan,nan,nan,nan,nan,nan,nan,nan,nan,nan,nan,nan,,nan,nan,,,nan,nan,nan,nan,nan,nan,nan,nan,nan,nan,nan,nan,nan,nan,nan,nan,nan,nan,nan,nan,nan,nan,nan,nan,,nan,nan,nan,,nan,,,,
nan,nan,nan,nan,nan,nan,nan,nan,nan,nan,nan,nan,nan,nan,nan,nan,nan,2092.0,0.0,0.0,0.0,0.0,0.0,0.0,0.0,17.0,0.0,0.0,0.0,0.0,0.0,0.0,0.0,2109.0,nan,nan,nan,,nan,nan,nan,nan,nan,nan,nan,,,,nan,nan,nan,nan,nan,nan,nan,nan,nan,nan,nan,nan,,nan,nan,,,nan,nan,nan,nan,nan,nan,nan,nan,nan,nan,nan,nan,nan,nan,nan,nan,nan,nan,nan,nan,nan,nan,nan,nan,,nan,nan,nan,,nan,,,,
nan,nan,nan,nan,nan,nan,nan,nan,nan,nan,nan,nan,nan,nan,nan,nan,nan,2207.0,0.0,0.0,0.0,0.0,0.0,0.0,0.0,15.0,0.0,0.0,0.0,0.0,0.0,0.0,0.0,2222.0,nan,nan,nan,,nan,nan,nan,nan,nan,nan,nan,,,,nan,nan,nan,nan,nan,nan,nan,nan,nan,nan,nan,nan,,nan,nan,,,nan,nan,nan,nan,nan,nan,nan,nan,nan,nan,nan,nan,nan,nan,nan,nan,nan,nan,nan,nan,nan,nan,nan,nan,,nan,nan,nan,,nan,,,,
nan,nan,nan,nan,nan,nan,nan,nan,nan,nan,nan,nan,nan,nan,nan,nan,nan,2182.0,0.0,0.0,0.0,0.0,0.0,0.0,0.0,11.0,0.0,0.0,0.0,0.0,0.0,0.0,0.0,2193.0,nan,nan,nan,,nan,nan,nan,nan,nan,nan,nan,,,,nan,nan,nan,nan,nan,nan,nan,nan,nan,nan,nan,nan,,nan,nan,,,nan,nan,nan,nan,nan,nan,nan,nan,nan,nan,nan,nan,nan,nan,nan,nan,nan,nan,nan,nan,nan,nan,nan,nan,,nan,nan,nan,,nan,,,,
nan,nan,nan,nan,nan,nan,nan,nan,nan,nan,nan,nan,nan,nan,nan,nan,nan,2204.0,0.0,0.0,0.0,0.0,0.0,0.0,0.0,7.0,0.0,0.0,0.0,0.0,0.0,0.0,0.0,2211.0,nan,nan,nan,,nan,nan,nan,nan,nan,nan,nan,,,,nan,nan,nan,nan,nan,nan,nan,nan,nan,nan,nan,nan,,nan,nan,,,nan,nan,nan,nan,nan,nan,nan,nan,nan,nan,nan,nan,nan,nan,nan,nan,nan,nan,nan,nan,nan,nan,nan,nan,,nan,nan,nan,,nan,,,,
nan,nan,nan,nan,nan,nan,nan,nan,nan,nan,nan,nan,nan,nan,nan,nan,nan,2199.0,0.0,0.0,0.0,0.0,0.0,0.0,0.0,16.0,0.0,0.0,0.0,0.0,0.0,0.0,0.0,2215.0,nan,nan,nan,,nan,nan,nan,nan,nan,nan,nan,,,,nan,nan,nan,nan,nan,nan,nan,nan,nan,nan,nan,nan,,nan,nan,,,nan,nan,nan,nan,nan,nan,nan,nan,nan,nan,nan,nan,nan,nan,nan,nan,nan,nan,nan,nan,nan,nan,nan,nan,,nan,nan,nan,,nan,,,,
nan,nan,nan,nan,nan,nan,nan,nan,nan,nan,nan,nan,nan,nan,nan,nan,nan,2103.0,0.0,0.0,0.0,0.0,0.0,0.0,0.0,12.0,0.0,0.0,0.0,0.0,0.0,0.0,0.0,2115.0,nan,nan,nan,,nan,nan,nan,nan,nan,nan,nan,,,,nan,nan,nan,nan,nan,nan,nan,nan,nan,nan,nan,nan,,nan,nan,,,nan,nan,nan,nan,nan,nan,nan,nan,nan,nan,nan,nan,nan,nan,nan,nan,nan,nan,nan,nan,nan,nan,nan,nan,,nan,nan,nan,,nan,,,,
nan,nan,nan,nan,nan,nan,nan,nan,nan,nan,nan,nan,nan,nan,nan,nan,nan,2189.0,0.0,0.0,0.0,0.0,0.0,0.0,0.0,19.0,0.0,0.0,0.0,0.0,0.0,0.0,0.0,2208.0,nan,nan,nan,,nan,nan,nan,nan,nan,nan,nan,,,,nan,nan,nan,nan,nan,nan,nan,nan,nan,nan,nan,nan,,nan,nan,,,nan,nan,nan,nan,nan,nan,nan,nan,nan,nan,nan,nan,nan,nan,nan,nan,nan,nan,nan,nan,nan,nan,nan,nan,,nan,nan,nan,,nan,,,,
nan,nan,nan,nan,nan,nan,nan,nan,nan,nan,nan,nan,nan,nan,nan,nan,nan,2183.0,0.0,0.0,0.0,0.0,0.0,0.0,0.0,9.0,0.0,0.0,0.0,0.0,0.0,0.0,0.0,2192.0,nan,nan,nan,,nan,nan,nan,nan,nan,nan,nan,,,,nan,nan,nan,nan,nan,nan,nan,nan,nan,nan,nan,nan,,nan,nan,,,nan,nan,nan,nan,nan,nan,nan,nan,nan,nan,nan,nan,nan,nan,nan,nan,nan,nan,nan,nan,nan,nan,nan,nan,,nan,nan,nan,,nan,,,,
nan,nan,nan,nan,nan,nan,nan,nan,nan,nan,nan,nan,nan,nan,nan,nan,nan,2177.0,0.0,0.0,0.0,0.0,0.0,0.0,0.0,8.0,0.0,0.0,0.0,0.0,0.0,0.0,0.0,2185.0,nan,nan,nan,,nan,nan,nan,nan,nan,nan,nan,,,,nan,nan,nan,nan,nan,nan,nan,nan,nan,nan,nan,nan,,nan,nan,,,nan,nan,nan,nan,nan,nan,nan,nan,nan,nan,nan,nan,nan,nan,nan,nan,nan,nan,nan,nan,nan,nan,nan,nan,,nan,nan,nan,,nan,,,,
nan,nan,nan,nan,nan,nan,nan,nan,nan,nan,nan,nan,nan,nan,nan,nan,nan,2162.0,0.0,0.0,0.0,0.0,0.0,0.0,0.0,10.0,0.0,0.0,0.0,0.0,0.0,0.0,0.0,2172.0,nan,nan,nan,,nan,nan,nan,nan,nan,nan,nan,,,,nan,nan,nan,nan,nan,nan,nan,nan,nan,nan,nan,nan,,nan,nan,,,nan,nan,nan,nan,nan,nan,nan,nan,nan,nan,nan,nan,nan,nan,nan,nan,nan,nan,nan,nan,nan,nan,nan,nan,,nan,nan,nan,,nan,,,,
nan,nan,nan,nan,nan,nan,nan,nan,nan,nan,nan,nan,nan,nan,nan,nan,nan,2197.0,0.0,0.0,0.0,0.0,0.0,0.0,0.0,13.0,0.0,0.0,0.0,0.0,0.0,0.0,0.0,2210.0,nan,nan,nan,,nan,nan,nan,nan,nan,nan,nan,,,,nan,nan,nan,nan,nan,nan,nan,nan,nan,nan,nan,nan,,nan,nan,,,nan,nan,nan,nan,nan,nan,nan,nan,nan,nan,nan,nan,nan,nan,nan,nan,nan,nan,nan,nan,nan,nan,nan,nan,,nan,nan,nan,,nan,,,,
nan,nan,nan,nan,nan,nan,nan,nan,nan,nan,nan,nan,nan,nan,nan,nan,nan,2188.0,0.0,0.0,0.0,0.0,0.0,0.0,0.0,10.0,0.0,0.0,0.0,0.0,0.0,0.0,0.0,2198.0,nan,nan,nan,,nan,nan,nan,nan,nan,nan,nan,,,,nan,nan,nan,nan,nan,nan,nan,nan,nan,nan,nan,nan,,nan,nan,,,nan,nan,nan,nan,nan,nan,nan,nan,nan,nan,nan,nan,nan,nan,nan,nan,nan,nan,nan,nan,nan,nan,nan,nan,,nan,nan,nan,,nan,,,,
nan,nan,nan,nan,nan,nan,nan,nan,nan,nan,nan,nan,nan,nan,nan,nan,nan,2138.0,0.0,0.0,0.0,0.0,0.0,0.0,0.0,9.0,0.0,0.0,0.0,0.0,0.0,0.0,0.0,2147.0,nan,nan,nan,,nan,nan,nan,nan,nan,nan,nan,,,,nan,nan,nan,nan,nan,nan,nan,nan,nan,nan,nan,nan,,nan,nan,,,nan,nan,nan,nan,nan,nan,nan,nan,nan,nan,nan,nan,nan,nan,nan,nan,nan,nan,nan,nan,nan,nan,nan,nan,,nan,nan,nan,,nan,,,,
nan,nan,nan,nan,nan,nan,nan,nan,nan,nan,nan,nan,nan,nan,nan,nan,nan,2177.0,0.0,0.0,0.0,0.0,0.0,0.0,0.0,14.0,0.0,0.0,0.0,0.0,0.0,0.0,0.0,2191.0,nan,nan,nan,,nan,nan,nan,nan,nan,nan,nan,,,,nan,nan,nan,nan,nan,nan,nan,nan,nan,nan,nan,nan,,nan,nan,,,nan,nan,nan,nan,nan,nan,nan,nan,nan,nan,nan,nan,nan,nan,nan,nan,nan,nan,nan,nan,nan,nan,nan,nan,,nan,nan,nan,,nan,,,,
nan,nan,nan,nan,nan,nan,nan,nan,nan,nan,nan,nan,nan,nan,nan,nan,nan,2126.0,0.0,0.0,0.0,0.0,0.0,0.0,0.0,10.0,0.0,0.0,0.0,0.0,0.0,0.0,0.0,2136.0,nan,nan,nan,,nan,nan,nan,nan,nan,nan,nan,,,,nan,nan,nan,nan,nan,nan,nan,nan,nan,nan,nan,nan,,nan,nan,,,nan,nan,nan,nan,nan,nan,nan,nan,nan,nan,nan,nan,nan,nan,nan,nan,nan,nan,nan,nan,nan,nan,nan,nan,,nan,nan,nan,,nan,,,,
nan,nan,nan,nan,nan,nan,nan,nan,nan,nan,nan,nan,nan,nan,nan,nan,nan,2163.0,0.0,0.0,0.0,0.0,0.0,0.0,0.0,9.0,0.0,0.0,0.0,0.0,0.0,0.0,0.0,2172.0,nan,nan,nan,,nan,nan,nan,nan,nan,nan,nan,,,,nan,nan,nan,nan,nan,nan,nan,nan,nan,nan,nan,nan,,nan,nan,,,nan,nan,nan,nan,nan,nan,nan,nan,nan,nan,nan,nan,nan,nan,nan,nan,nan,nan,nan,nan,nan,nan,nan,nan,,nan,nan,nan,,nan,,,,
nan,nan,nan,nan,nan,nan,nan,nan,nan,nan,nan,nan,nan,nan,nan,nan,nan,2117.0,0.0,0.0,0.0,0.0,0.0,0.0,0.0,13.0,0.0,0.0,0.0,0.0,0.0,0.0,0.0,2130.0,nan,nan,nan,,nan,nan,nan,nan,nan,nan,nan,,,,nan,nan,nan,nan,nan,nan,nan,nan,nan,nan,nan,nan,,nan,nan,,,nan,nan,nan,nan,nan,nan,nan,nan,nan,nan,nan,nan,nan,nan,nan,nan,nan,nan,nan,nan,nan,nan,nan,nan,,nan,nan,nan,,nan,,,,
nan,nan,nan,nan,nan,nan,nan,nan,nan,nan,nan,nan,nan,nan,nan,nan,nan,2054.0,0.0,0.0,0.0,0.0,0.0,0.0,0.0,11.0,0.0,0.0,0.0,0.0,0.0,0.0,0.0,2065.0,nan,nan,nan,,nan,nan,nan,nan,nan,nan,nan,,,,nan,nan,nan,nan,nan,nan,nan,nan,nan,nan,nan,nan,,nan,nan,,,nan,nan,nan,nan,nan,nan,nan,nan,nan,nan,nan,nan,nan,nan,nan,nan,nan,nan,nan,nan,nan,nan,nan,nan,,nan,nan,nan,,nan,,,,
nan,nan,nan,nan,nan,nan,nan,nan,nan,nan,nan,nan,nan,nan,nan,nan,nan,2077.0,0.0,0.0,0.0,0.0,0.0,0.0,0.0,13.0,0.0,0.0,0.0,0.0,0.0,0.0,0.0,2090.0,nan,nan,nan,,nan,nan,nan,nan,nan,nan,nan,,,,nan,nan,nan,nan,nan,nan,nan,nan,nan,nan,nan,nan,,nan,nan,,,nan,nan,nan,nan,nan,nan,nan,nan,nan,nan,nan,nan,nan,nan,nan,nan,nan,nan,nan,nan,nan,nan,nan,nan,,nan,nan,nan,,nan,,,,
nan,nan,nan,nan,nan,nan,nan,nan,nan,nan,nan,nan,nan,nan,nan,nan,nan,2190.0,0.0,0.0,0.0,0.0,0.0,0.0,0.0,15.0,0.0,0.0,0.0,0.0,0.0,0.0,0.0,2205.0,nan,nan,nan,,nan,nan,nan,nan,nan,nan,nan,,,,nan,nan,nan,nan,nan,nan,nan,nan,nan,nan,nan,nan,,nan,nan,,,nan,nan,nan,nan,nan,nan,nan,nan,nan,nan,nan,nan,nan,nan,nan,nan,nan,nan,nan,nan,nan,nan,nan,nan,,nan,nan,nan,,nan,,,,
nan,nan,nan,nan,nan,nan,nan,nan,nan,nan,nan,nan,nan,nan,nan,nan,nan,2130.0,0.0,0.0,0.0,0.0,0.0,0.0,0.0,15.0,0.0,0.0,0.0,0.0,0.0,0.0,0.0,2145.0,nan,nan,nan,,nan,nan,nan,nan,nan,nan,nan,,,,nan,nan,nan,nan,nan,nan,nan,nan,nan,nan,nan,nan,,nan,nan,,,nan,nan,nan,nan,nan,nan,nan,nan,nan,nan,nan,nan,nan,nan,nan,nan,nan,nan,nan,nan,nan,nan,nan,nan,,nan,nan,nan,,nan,,,,
nan,nan,nan,nan,nan,nan,nan,nan,nan,nan,nan,nan,nan,nan,nan,nan,nan,2131.0,0.0,0.0,0.0,0.0,0.0,0.0,0.0,17.0,0.0,0.0,0.0,0.0,0.0,0.0,0.0,2148.0,nan,nan,nan,,nan,nan,nan,nan,nan,nan,nan,,,,nan,nan,nan,nan,nan,nan,nan,nan,nan,nan,nan,nan,,nan,nan,,,nan,nan,nan,nan,nan,nan,nan,nan,nan,nan,nan,nan,nan,nan,nan,nan,nan,nan,nan,nan,nan,nan,nan,nan,,nan,nan,nan,,nan,,,,
nan,nan,nan,nan,nan,nan,nan,nan,nan,nan,nan,nan,nan,nan,nan,nan,nan,2127.0,0.0,0.0,0.0,0.0,0.0,0.0,0.0,16.0,0.0,0.0,0.0,0.0,0.0,0.0,0.0,2143.0,nan,nan,nan,,nan,nan,nan,nan,nan,nan,nan,,,,nan,nan,nan,nan,nan,nan,nan,nan,nan,nan,nan,nan,,nan,nan,,,nan,nan,nan,nan,nan,nan,nan,nan,nan,nan,nan,nan,nan,nan,nan,nan,nan,nan,nan,nan,nan,nan,nan,nan,,nan,nan,nan,,nan,,,,
nan,nan,nan,nan,nan,nan,nan,nan,nan,nan,nan,nan,nan,nan,nan,nan,nan,2222.0,0.0,0.0,0.0,0.0,0.0,0.0,0.0,12.0,0.0,0.0,0.0,0.0,0.0,0.0,0.0,2234.0,nan,nan,nan,,nan,nan,nan,nan,nan,nan,nan,,,,nan,nan,nan,nan,nan,nan,nan,nan,nan,nan,nan,nan,,nan,nan,,,nan,nan,nan,nan,nan,nan,nan,nan,nan,nan,nan,nan,nan,nan,nan,nan,nan,nan,nan,nan,nan,nan,nan,nan,,nan,nan,nan,,nan,,,,
nan,nan,nan,nan,nan,nan,nan,nan,nan,nan,nan,nan,nan,nan,nan,nan,nan,2071.0,0.0,0.0,0.0,0.0,0.0,0.0,0.0,11.0,0.0,0.0,0.0,0.0,0.0,0.0,0.0,2082.0,nan,nan,nan,,nan,nan,nan,nan,nan,nan,nan,,,,nan,nan,nan,nan,nan,nan,nan,nan,nan,nan,nan,nan,,nan,nan,,,nan,nan,nan,nan,nan,nan,nan,nan,nan,nan,nan,nan,nan,nan,nan,nan,nan,nan,nan,nan,nan,nan,nan,nan,,nan,nan,nan,,nan,,,,
nan,nan,nan,nan,nan,nan,nan,nan,nan,nan,nan,nan,nan,nan,nan,nan,nan,2175.0,0.0,0.0,0.0,0.0,0.0,0.0,0.0,18.0,0.0,0.0,0.0,0.0,0.0,0.0,0.0,2193.0,nan,nan,nan,,nan,nan,nan,nan,nan,nan,nan,,,,nan,nan,nan,nan,nan,nan,nan,nan,nan,nan,nan,nan,,nan,nan,,,nan,nan,nan,nan,nan,nan,nan,nan,nan,nan,nan,nan,nan,nan,nan,nan,nan,nan,nan,nan,nan,nan,nan,nan,,nan,nan,nan,,nan,,,,
nan,nan,nan,nan,nan,nan,nan,nan,nan,nan,nan,nan,nan,nan,nan,nan,nan,2082.0,0.0,0.0,0.0,0.0,0.0,0.0,0.0,14.0,0.0,0.0,0.0,0.0,0.0,0.0,0.0,2096.0,nan,nan,nan,,nan,nan,nan,nan,nan,nan,nan,,,,nan,nan,nan,nan,nan,nan,nan,nan,nan,nan,nan,nan,,nan,nan,,,nan,nan,nan,nan,nan,nan,nan,nan,nan,nan,nan,nan,nan,nan,nan,nan,nan,nan,nan,nan,nan,nan,nan,nan,,nan,nan,nan,,nan,,,,
nan,nan,nan,nan,nan,nan,nan,nan,nan,nan,nan,nan,nan,nan,nan,nan,nan,2124.0,0.0,0.0,0.0,0.0,0.0,0.0,0.0,14.0,0.0,0.0,0.0,0.0,0.0,0.0,0.0,2138.0,nan,nan,nan,,nan,nan,nan,nan,nan,nan,nan,,,,nan,nan,nan,nan,nan,nan,nan,nan,nan,nan,nan,nan,,nan,nan,,,nan,nan,nan,nan,nan,nan,nan,nan,nan,nan,nan,nan,nan,nan,nan,nan,nan,nan,nan,nan,nan,nan,nan,nan,,nan,nan,nan,,nan,,,,
nan,nan,nan,nan,nan,nan,nan,nan,nan,nan,nan,nan,nan,nan,nan,nan,nan,2135.0,0.0,0.0,0.0,0.0,0.0,0.0,0.0,13.0,0.0,0.0,0.0,0.0,0.0,0.0,0.0,2148.0,nan,nan,nan,,nan,nan,nan,nan,nan,nan,nan,,,,nan,nan,nan,nan,nan,nan,nan,nan,nan,nan,nan,nan,,nan,nan,,,nan,nan,nan,nan,nan,nan,nan,nan,nan,nan,nan,nan,nan,nan,nan,nan,nan,nan,nan,nan,nan,nan,nan,nan,,nan,nan,nan,,nan,,,,
nan,nan,nan,nan,nan,nan,nan,nan,nan,nan,nan,nan,nan,nan,nan,nan,nan,2177.0,0.0,0.0,0.0,0.0,0.0,0.0,0.0,13.0,0.0,0.0,0.0,0.0,0.0,0.0,0.0,2190.0,nan,nan,nan,,nan,nan,nan,nan,nan,nan,nan,,,,nan,nan,nan,nan,nan,nan,nan,nan,nan,nan,nan,nan,,nan,nan,,,nan,nan,nan,nan,nan,nan,nan,nan,nan,nan,nan,nan,nan,nan,nan,nan,nan,nan,nan,nan,nan,nan,nan,nan,,nan,nan,nan,,nan,,,,
nan,nan,nan,nan,nan,nan,nan,nan,nan,nan,nan,nan,nan,nan,nan,nan,nan,2128.0,0.0,0.0,0.0,0.0,0.0,0.0,0.0,12.0,0.0,0.0,0.0,0.0,0.0,0.0,0.0,2140.0,nan,nan,nan,,nan,nan,nan,nan,nan,nan,nan,,,,nan,nan,nan,nan,nan,nan,nan,nan,nan,nan,nan,nan,,nan,nan,,,nan,nan,nan,nan,nan,nan,nan,nan,nan,nan,nan,nan,nan,nan,nan,nan,nan,nan,nan,nan,nan,nan,nan,nan,,nan,nan,nan,,nan,,,,
nan,nan,nan,nan,nan,nan,nan,nan,nan,nan,nan,nan,nan,nan,nan,nan,nan,2120.0,0.0,0.0,0.0,0.0,0.0,0.0,0.0,11.0,0.0,0.0,0.0,0.0,0.0,0.0,0.0,2131.0,nan,nan,nan,,nan,nan,nan,nan,nan,nan,nan,,,,nan,nan,nan,nan,nan,nan,nan,nan,nan,nan,nan,nan,,nan,nan,,,nan,nan,nan,nan,nan,nan,nan,nan,nan,nan,nan,nan,nan,nan,nan,nan,nan,nan,nan,nan,nan,nan,nan,nan,,nan,nan,nan,,nan,,,,
nan,nan,nan,nan,nan,nan,nan,nan,nan,nan,nan,nan,nan,nan,nan,nan,nan,2156.0,0.0,0.0,0.0,0.0,0.0,0.0,0.0,11.0,0.0,0.0,0.0,0.0,0.0,0.0,0.0,2167.0,nan,nan,nan,,nan,nan,nan,nan,nan,nan,nan,,,,nan,nan,nan,nan,nan,nan,nan,nan,nan,nan,nan,nan,,nan,nan,,,nan,nan,nan,nan,nan,nan,nan,nan,nan,nan,nan,nan,nan,nan,nan,nan,nan,nan,nan,nan,nan,nan,nan,nan,,nan,nan,nan,,nan,,,,
nan,nan,nan,nan,nan,nan,nan,nan,nan,nan,nan,nan,nan,nan,nan,nan,nan,2124.0,0.0,0.0,0.0,0.0,0.0,0.0,0.0,12.0,0.0,0.0,0.0,0.0,0.0,0.0,0.0,2136.0,nan,nan,nan,,nan,nan,nan,nan,nan,nan,nan,,,,nan,nan,nan,nan,nan,nan,nan,nan,nan,nan,nan,nan,,nan,nan,,,nan,nan,nan,nan,nan,nan,nan,nan,nan,nan,nan,nan,nan,nan,nan,nan,nan,nan,nan,nan,nan,nan,nan,nan,,nan,nan,nan,,nan,,,,
nan,nan,nan,nan,nan,nan,nan,nan,nan,nan,nan,nan,nan,nan,nan,nan,nan,2171.0,0.0,0.0,0.0,0.0,0.0,0.0,0.0,7.0,0.0,0.0,0.0,0.0,0.0,0.0,0.0,2178.0,nan,nan,nan,,nan,nan,nan,nan,nan,nan,nan,,,,nan,nan,nan,nan,nan,nan,nan,nan,nan,nan,nan,nan,,nan,nan,,,nan,nan,nan,nan,nan,nan,nan,nan,nan,nan,nan,nan,nan,nan,nan,nan,nan,nan,nan,nan,nan,nan,nan,nan,,nan,nan,nan,,nan,,,,
nan,nan,nan,nan,nan,nan,nan,nan,nan,nan,nan,nan,nan,nan,nan,nan,nan,2124.0,0.0,0.0,0.0,0.0,0.0,0.0,0.0,14.0,0.0,0.0,0.0,0.0,0.0,0.0,0.0,2138.0,nan,nan,nan,,nan,nan,nan,nan,nan,nan,nan,,,,nan,nan,nan,nan,nan,nan,nan,nan,nan,nan,nan,nan,,nan,nan,,,nan,nan,nan,nan,nan,nan,nan,nan,nan,nan,nan,nan,nan,nan,nan,nan,nan,nan,nan,nan,nan,nan,nan,nan,,nan,nan,nan,,nan,,,,
nan,nan,nan,nan,nan,nan,nan,nan,nan,nan,nan,nan,nan,nan,nan,nan,nan,2118.0,0.0,0.0,0.0,0.0,0.0,0.0,0.0,14.0,0.0,0.0,0.0,0.0,0.0,0.0,0.0,2132.0,nan,nan,nan,,nan,nan,nan,nan,nan,nan,nan,,,,nan,nan,nan,nan,nan,nan,nan,nan,nan,nan,nan,nan,,nan,nan,,,nan,nan,nan,nan,nan,nan,nan,nan,nan,nan,nan,nan,nan,nan,nan,nan,nan,nan,nan,nan,nan,nan,nan,nan,,nan,nan,nan,,nan,,,,
nan,nan,nan,nan,nan,nan,nan,nan,nan,nan,nan,nan,nan,nan,nan,nan,nan,2147.0,0.0,0.0,0.0,0.0,0.0,0.0,0.0,14.0,0.0,0.0,0.0,0.0,0.0,0.0,0.0,2161.0,nan,nan,nan,,nan,nan,nan,nan,nan,nan,nan,,,,nan,nan,nan,nan,nan,nan,nan,nan,nan,nan,nan,nan,,nan,nan,,,nan,nan,nan,nan,nan,nan,nan,nan,nan,nan,nan,nan,nan,nan,nan,nan,nan,nan,nan,nan,nan,nan,nan,nan,,nan,nan,nan,,nan,,,,
nan,nan,nan,nan,nan,nan,nan,nan,nan,nan,nan,nan,nan,nan,nan,nan,nan,2172.0,0.0,0.0,0.0,0.0,0.0,0.0,0.0,14.0,0.0,0.0,0.0,0.0,0.0,0.0,0.0,2186.0,nan,nan,nan,,nan,nan,nan,nan,nan,nan,nan,,,,nan,nan,nan,nan,nan,nan,nan,nan,nan,nan,nan,nan,,nan,nan,,,nan,nan,nan,nan,nan,nan,nan,nan,nan,nan,nan,nan,nan,nan,nan,nan,nan,nan,nan,nan,nan,nan,nan,nan,,nan,nan,nan,,nan,,,,
nan,nan,nan,nan,nan,nan,nan,nan,nan,nan,nan,nan,nan,nan,nan,nan,nan,2162.0,0.0,0.0,0.0,0.0,0.0,0.0,0.0,13.0,0.0,0.0,0.0,0.0,0.0,0.0,0.0,2175.0,nan,nan,nan,,nan,nan,nan,nan,nan,nan,nan,,,,nan,nan,nan,nan,nan,nan,nan,nan,nan,nan,nan,nan,,nan,nan,,,nan,nan,nan,nan,nan,nan,nan,nan,nan,nan,nan,nan,nan,nan,nan,nan,nan,nan,nan,nan,nan,nan,nan,nan,,nan,nan,nan,,nan,,,,
nan,nan,nan,nan,nan,nan,nan,nan,nan,nan,nan,nan,nan,nan,nan,nan,nan,2091.0,0.0,0.0,0.0,0.0,0.0,0.0,0.0,15.0,0.0,0.0,0.0,0.0,0.0,0.0,0.0,2106.0,nan,nan,nan,,nan,nan,nan,nan,nan,nan,nan,,,,nan,nan,nan,nan,nan,nan,nan,nan,nan,nan,nan,nan,,nan,nan,,,nan,nan,nan,nan,nan,nan,nan,nan,nan,nan,nan,nan,nan,nan,nan,nan,nan,nan,nan,nan,nan,nan,nan,nan,,nan,nan,nan,,nan,,,,
nan,nan,nan,nan,nan,nan,nan,nan,nan,nan,nan,nan,nan,nan,nan,nan,nan,2107.0,0.0,0.0,0.0,0.0,0.0,0.0,0.0,15.0,0.0,0.0,0.0,0.0,0.0,0.0,0.0,2122.0,nan,nan,nan,,nan,nan,nan,nan,nan,nan,nan,,,,nan,nan,nan,nan,nan,nan,nan,nan,nan,nan,nan,nan,,nan,nan,,,nan,nan,nan,nan,nan,nan,nan,nan,nan,nan,nan,nan,nan,nan,nan,nan,nan,nan,nan,nan,nan,nan,nan,nan,,nan,nan,nan,,nan,,,,
nan,nan,nan,nan,nan,nan,nan,nan,nan,nan,nan,nan,nan,nan,nan,nan,nan,2257.0,0.0,0.0,0.0,0.0,0.0,0.0,0.0,6.0,0.0,0.0,0.0,0.0,0.0,0.0,0.0,2263.0,nan,nan,nan,,nan,nan,nan,nan,nan,nan,nan,,,,nan,nan,nan,nan,nan,nan,nan,nan,nan,nan,nan,nan,,nan,nan,,,nan,nan,nan,nan,nan,nan,nan,nan,nan,nan,nan,nan,nan,nan,nan,nan,nan,nan,nan,nan,nan,nan,nan,nan,,nan,nan,nan,,nan,,,,
nan,nan,nan,nan,nan,nan,nan,nan,nan,nan,nan,nan,nan,nan,nan,nan,nan,2148.0,0.0,0.0,0.0,0.0,0.0,0.0,0.0,10.0,0.0,0.0,0.0,0.0,0.0,0.0,0.0,2158.0,nan,nan,nan,,nan,nan,nan,nan,nan,nan,nan,,,,nan,nan,nan,nan,nan,nan,nan,nan,nan,nan,nan,nan,,nan,nan,,,nan,nan,nan,nan,nan,nan,nan,nan,nan,nan,nan,nan,nan,nan,nan,nan,nan,nan,nan,nan,nan,nan,nan,nan,,nan,nan,nan,,nan,,,,
nan,nan,nan,nan,nan,nan,nan,nan,nan,nan,nan,nan,nan,nan,nan,nan,nan,2104.0,0.0,0.0,0.0,0.0,0.0,0.0,0.0,20.0,0.0,0.0,0.0,0.0,0.0,0.0,0.0,2124.0,nan,nan,nan,,nan,nan,nan,nan,nan,nan,nan,,,,nan,nan,nan,nan,nan,nan,nan,nan,nan,nan,nan,nan,,nan,nan,,,nan,nan,nan,nan,nan,nan,nan,nan,nan,nan,nan,nan,nan,nan,nan,nan,nan,nan,nan,nan,nan,nan,nan,nan,,nan,nan,nan,,nan,,,,
nan,nan,nan,nan,nan,nan,nan,nan,nan,nan,nan,nan,nan,nan,nan,nan,nan,2118.0,0.0,0.0,0.0,0.0,0.0,0.0,0.0,14.0,0.0,0.0,0.0,0.0,0.0,0.0,0.0,2132.0,nan,nan,nan,,nan,nan,nan,nan,nan,nan,nan,,,,nan,nan,nan,nan,nan,nan,nan,nan,nan,nan,nan,nan,,nan,nan,,,nan,nan,nan,nan,nan,nan,nan,nan,nan,nan,nan,nan,nan,nan,nan,nan,nan,nan,nan,nan,nan,nan,nan,nan,,nan,nan,nan,,nan,,,,
nan,nan,nan,nan,nan,nan,nan,nan,nan,nan,nan,nan,nan,nan,nan,nan,nan,2137.0,0.0,0.0,0.0,0.0,0.0,0.0,0.0,12.0,0.0,0.0,0.0,0.0,0.0,0.0,0.0,2149.0,nan,nan,nan,,nan,nan,nan,nan,nan,nan,nan,,,,nan,nan,nan,nan,nan,nan,nan,nan,nan,nan,nan,nan,,nan,nan,,,nan,nan,nan,nan,nan,nan,nan,nan,nan,nan,nan,nan,nan,nan,nan,nan,nan,nan,nan,nan,nan,nan,nan,nan,,nan,nan,nan,,nan,,,,
nan,nan,nan,nan,nan,nan,nan,nan,nan,nan,nan,nan,nan,nan,nan,nan,nan,2189.0,0.0,0.0,0.0,0.0,0.0,0.0,0.0,8.0,0.0,0.0,0.0,0.0,0.0,0.0,0.0,2197.0,nan,nan,nan,,nan,nan,nan,nan,nan,nan,nan,,,,nan,nan,nan,nan,nan,nan,nan,nan,nan,nan,nan,nan,,nan,nan,,,nan,nan,nan,nan,nan,nan,nan,nan,nan,nan,nan,nan,nan,nan,nan,nan,nan,nan,nan,nan,nan,nan,nan,nan,,nan,nan,nan,,nan,,,,
nan,nan,nan,nan,nan,nan,nan,nan,nan,nan,nan,nan,nan,nan,nan,nan,nan,2108.0,0.0,0.0,0.0,0.0,0.0,0.0,0.0,13.0,0.0,0.0,0.0,0.0,0.0,0.0,0.0,2121.0,nan,nan,nan,,nan,nan,nan,nan,nan,nan,nan,,,,nan,nan,nan,nan,nan,nan,nan,nan,nan,nan,nan,nan,,nan,nan,,,nan,nan,nan,nan,nan,nan,nan,nan,nan,nan,nan,nan,nan,nan,nan,nan,nan,nan,nan,nan,nan,nan,nan,nan,,nan,nan,nan,,nan,,,,
nan,nan,nan,nan,nan,nan,nan,nan,nan,nan,nan,nan,nan,nan,nan,nan,nan,2130.0,0.0,0.0,0.0,0.0,0.0,0.0,0.0,23.0,0.0,0.0,0.0,0.0,0.0,0.0,0.0,2153.0,nan,nan,nan,,nan,nan,nan,nan,nan,nan,nan,,,,nan,nan,nan,nan,nan,nan,nan,nan,nan,nan,nan,nan,,nan,nan,,,nan,nan,nan,nan,nan,nan,nan,nan,nan,nan,nan,nan,nan,nan,nan,nan,nan,nan,nan,nan,nan,nan,nan,nan,,nan,nan,nan,,nan,,,,
nan,nan,nan,nan,nan,nan,nan,nan,nan,nan,nan,nan,nan,nan,nan,nan,nan,2138.0,0.0,0.0,0.0,0.0,0.0,0.0,0.0,7.0,0.0,0.0,0.0,0.0,0.0,0.0,0.0,2145.0,nan,nan,nan,,nan,nan,nan,nan,nan,nan,nan,,,,nan,nan,nan,nan,nan,nan,nan,nan,nan,nan,nan,nan,,nan,nan,,,nan,nan,nan,nan,nan,nan,nan,nan,nan,nan,nan,nan,nan,nan,nan,nan,nan,nan,nan,nan,nan,nan,nan,nan,,nan,nan,nan,,nan,,,,
nan,nan,nan,nan,nan,nan,nan,nan,nan,nan,nan,nan,nan,nan,nan,nan,nan,2155.0,0.0,0.0,0.0,0.0,0.0,0.0,0.0,18.0,0.0,0.0,0.0,0.0,0.0,0.0,0.0,2173.0,nan,nan,nan,,nan,nan,nan,nan,nan,nan,nan,,,,nan,nan,nan,nan,nan,nan,nan,nan,nan,nan,nan,nan,,nan,nan,,,nan,nan,nan,nan,nan,nan,nan,nan,nan,nan,nan,nan,nan,nan,nan,nan,nan,nan,nan,nan,nan,nan,nan,nan,,nan,nan,nan,,nan,,,,
nan,nan,nan,nan,nan,nan,nan,nan,nan,nan,nan,nan,nan,nan,nan,nan,nan,2106.0,0.0,0.0,0.0,0.0,0.0,0.0,0.0,12.0,0.0,0.0,0.0,0.0,0.0,0.0,0.0,2118.0,nan,nan,nan,,nan,nan,nan,nan,nan,nan,nan,,,,nan,nan,nan,nan,nan,nan,nan,nan,nan,nan,nan,nan,,nan,nan,,,nan,nan,nan,nan,nan,nan,nan,nan,nan,nan,nan,nan,nan,nan,nan,nan,nan,nan,nan,nan,nan,nan,nan,nan,,nan,nan,nan,,nan,,,,
nan,nan,nan,nan,nan,nan,nan,nan,nan,nan,nan,nan,nan,nan,nan,nan,nan,2218.0,0.0,0.0,0.0,0.0,0.0,0.0,0.0,12.0,0.0,0.0,0.0,0.0,0.0,0.0,0.0,2230.0,nan,nan,nan,,nan,nan,nan,nan,nan,nan,nan,,,,nan,nan,nan,nan,nan,nan,nan,nan,nan,nan,nan,nan,,nan,nan,,,nan,nan,nan,nan,nan,nan,nan,nan,nan,nan,nan,nan,nan,nan,nan,nan,nan,nan,nan,nan,nan,nan,nan,nan,,nan,nan,nan,,nan,,,,
nan,nan,nan,nan,nan,nan,nan,nan,nan,nan,nan,nan,nan,nan,nan,nan,nan,2194.0,0.0,0.0,0.0,0.0,0.0,0.0,0.0,11.0,0.0,0.0,0.0,0.0,0.0,0.0,0.0,2205.0,nan,nan,nan,,nan,nan,nan,nan,nan,nan,nan,,,,nan,nan,nan,nan,nan,nan,nan,nan,nan,nan,nan,nan,,nan,nan,,,nan,nan,nan,nan,nan,nan,nan,nan,nan,nan,nan,nan,nan,nan,nan,nan,nan,nan,nan,nan,nan,nan,nan,nan,,nan,nan,nan,,nan,,,,
nan,nan,nan,nan,nan,nan,nan,nan,nan,nan,nan,nan,nan,nan,nan,nan,nan,2135.0,0.0,0.0,0.0,0.0,0.0,0.0,0.0,11.0,0.0,0.0,0.0,0.0,0.0,0.0,0.0,2146.0,nan,nan,nan,,nan,nan,nan,nan,nan,nan,nan,,,,nan,nan,nan,nan,nan,nan,nan,nan,nan,nan,nan,nan,,nan,nan,,,nan,nan,nan,nan,nan,nan,nan,nan,nan,nan,nan,nan,nan,nan,nan,nan,nan,nan,nan,nan,nan,nan,nan,nan,,nan,nan,nan,,nan,,,,
nan,nan,nan,nan,nan,nan,nan,nan,nan,nan,nan,nan,nan,nan,nan,nan,nan,2204.0,0.0,0.0,0.0,0.0,0.0,0.0,0.0,8.0,0.0,0.0,0.0,0.0,0.0,0.0,0.0,2212.0,nan,nan,nan,,nan,nan,nan,nan,nan,nan,nan,,,,nan,nan,nan,nan,nan,nan,nan,nan,nan,nan,nan,nan,,nan,nan,,,nan,nan,nan,nan,nan,nan,nan,nan,nan,nan,nan,nan,nan,nan,nan,nan,nan,nan,nan,nan,nan,nan,nan,nan,,nan,nan,nan,,nan,,,,
nan,nan,nan,nan,nan,nan,nan,nan,nan,nan,nan,nan,nan,nan,nan,nan,nan,2154.0,0.0,0.0,0.0,0.0,0.0,0.0,0.0,21.0,0.0,0.0,0.0,0.0,0.0,0.0,0.0,2175.0,nan,nan,nan,,nan,nan,nan,nan,nan,nan,nan,,,,nan,nan,nan,nan,nan,nan,nan,nan,nan,nan,nan,nan,,nan,nan,,,nan,nan,nan,nan,nan,nan,nan,nan,nan,nan,nan,nan,nan,nan,nan,nan,nan,nan,nan,nan,nan,nan,nan,nan,,nan,nan,nan,,nan,,,,
nan,nan,nan,nan,nan,nan,nan,nan,nan,nan,nan,nan,nan,nan,nan,nan,nan,2181.0,0.0,0.0,0.0,0.0,0.0,0.0,0.0,8.0,0.0,0.0,0.0,0.0,0.0,0.0,0.0,2189.0,nan,nan,nan,,nan,nan,nan,nan,nan,nan,nan,,,,nan,nan,nan,nan,nan,nan,nan,nan,nan,nan,nan,nan,,nan,nan,,,nan,nan,nan,nan,nan,nan,nan,nan,nan,nan,nan,nan,nan,nan,nan,nan,nan,nan,nan,nan,nan,nan,nan,nan,,nan,nan,nan,,nan,,,,
nan,nan,nan,nan,nan,nan,nan,nan,nan,nan,nan,nan,nan,nan,nan,nan,nan,2161.0,0.0,0.0,0.0,0.0,0.0,0.0,0.0,11.0,0.0,0.0,0.0,0.0,0.0,0.0,0.0,2172.0,nan,nan,nan,,nan,nan,nan,nan,nan,nan,nan,,,,nan,nan,nan,nan,nan,nan,nan,nan,nan,nan,nan,nan,,nan,nan,,,nan,nan,nan,nan,nan,nan,nan,nan,nan,nan,nan,nan,nan,nan,nan,nan,nan,nan,nan,nan,nan,nan,nan,nan,,nan,nan,nan,,nan,,,,
nan,nan,nan,nan,nan,nan,nan,nan,nan,nan,nan,nan,nan,nan,nan,nan,nan,2209.0,0.0,0.0,0.0,0.0,0.0,0.0,0.0,9.0,0.0,0.0,0.0,0.0,0.0,0.0,0.0,2218.0,nan,nan,nan,,nan,nan,nan,nan,nan,nan,nan,,,,nan,nan,nan,nan,nan,nan,nan,nan,nan,nan,nan,nan,,nan,nan,,,nan,nan,nan,nan,nan,nan,nan,nan,nan,nan,nan,nan,nan,nan,nan,nan,nan,nan,nan,nan,nan,nan,nan,nan,,nan,nan,nan,,nan,,,,
nan,nan,nan,nan,nan,nan,nan,nan,nan,nan,nan,nan,nan,nan,nan,nan,nan,2111.0,0.0,0.0,0.0,0.0,0.0,0.0,0.0,12.0,0.0,0.0,0.0,0.0,0.0,0.0,0.0,2123.0,nan,nan,nan,,nan,nan,nan,nan,nan,nan,nan,,,,nan,nan,nan,nan,nan,nan,nan,nan,nan,nan,nan,nan,,nan,nan,,,nan,nan,nan,nan,nan,nan,nan,nan,nan,nan,nan,nan,nan,nan,nan,nan,nan,nan,nan,nan,nan,nan,nan,nan,,nan,nan,nan,,nan,,,,
nan,nan,nan,nan,nan,nan,nan,nan,nan,nan,nan,nan,nan,nan,nan,nan,nan,2101.0,0.0,0.0,0.0,0.0,0.0,0.0,0.0,10.0,0.0,0.0,0.0,0.0,0.0,0.0,0.0,2111.0,nan,nan,nan,,nan,nan,nan,nan,nan,nan,nan,,,,nan,nan,nan,nan,nan,nan,nan,nan,nan,nan,nan,nan,,nan,nan,,,nan,nan,nan,nan,nan,nan,nan,nan,nan,nan,nan,nan,nan,nan,nan,nan,nan,nan,nan,nan,nan,nan,nan,nan,,nan,nan,nan,,nan,,,,
nan,nan,nan,nan,nan,nan,nan,nan,nan,nan,nan,nan,nan,nan,nan,nan,nan,2079.0,0.0,0.0,0.0,0.0,0.0,0.0,0.0,11.0,0.0,0.0,0.0,0.0,0.0,0.0,0.0,2090.0,nan,nan,nan,,nan,nan,nan,nan,nan,nan,nan,,,,nan,nan,nan,nan,nan,nan,nan,nan,nan,nan,nan,nan,,nan,nan,,,nan,nan,nan,nan,nan,nan,nan,nan,nan,nan,nan,nan,nan,nan,nan,nan,nan,nan,nan,nan,nan,nan,nan,nan,,nan,nan,nan,,nan,,,,
nan,nan,nan,nan,nan,nan,nan,nan,nan,nan,nan,nan,nan,nan,nan,nan,nan,2127.0,0.0,0.0,0.0,0.0,0.0,0.0,0.0,11.0,0.0,0.0,0.0,0.0,0.0,0.0,0.0,2138.0,nan,nan,nan,,nan,nan,nan,nan,nan,nan,nan,,,,nan,nan,nan,nan,nan,nan,nan,nan,nan,nan,nan,nan,,nan,nan,,,nan,nan,nan,nan,nan,nan,nan,nan,nan,nan,nan,nan,nan,nan,nan,nan,nan,nan,nan,nan,nan,nan,nan,nan,,nan,nan,nan,,nan,,,,
nan,nan,nan,nan,nan,nan,nan,nan,nan,nan,nan,nan,nan,nan,nan,nan,nan,2229.0,0.0,0.0,0.0,0.0,0.0,0.0,0.0,18.0,0.0,0.0,0.0,0.0,0.0,0.0,0.0,2247.0,nan,nan,nan,,nan,nan,nan,nan,nan,nan,nan,,,,nan,nan,nan,nan,nan,nan,nan,nan,nan,nan,nan,nan,,nan,nan,,,nan,nan,nan,nan,nan,nan,nan,nan,nan,nan,nan,nan,nan,nan,nan,nan,nan,nan,nan,nan,nan,nan,nan,nan,,nan,nan,nan,,nan,,,,
nan,nan,nan,nan,nan,nan,nan,nan,nan,nan,nan,nan,nan,nan,nan,nan,nan,2124.0,0.0,0.0,0.0,0.0,0.0,0.0,0.0,11.0,0.0,0.0,0.0,0.0,0.0,0.0,0.0,2135.0,nan,nan,nan,,nan,nan,nan,nan,nan,nan,nan,,,,nan,nan,nan,nan,nan,nan,nan,nan,nan,nan,nan,nan,,nan,nan,,,nan,nan,nan,nan,nan,nan,nan,nan,nan,nan,nan,nan,nan,nan,nan,nan,nan,nan,nan,nan,nan,nan,nan,nan,,nan,nan,nan,,nan,,,,
nan,nan,nan,nan,nan,nan,nan,nan,nan,nan,nan,nan,nan,nan,nan,nan,nan,2142.0,0.0,0.0,0.0,0.0,0.0,0.0,0.0,14.0,0.0,0.0,0.0,0.0,0.0,0.0,0.0,2156.0,nan,nan,nan,,nan,nan,nan,nan,nan,nan,nan,,,,nan,nan,nan,nan,nan,nan,nan,nan,nan,nan,nan,nan,,nan,nan,,,nan,nan,nan,nan,nan,nan,nan,nan,nan,nan,nan,nan,nan,nan,nan,nan,nan,nan,nan,nan,nan,nan,nan,nan,,nan,nan,nan,,nan,,,,
nan,nan,nan,nan,nan,nan,nan,nan,nan,nan,nan,nan,nan,nan,nan,nan,nan,2168.0,0.0,0.0,0.0,0.0,0.0,0.0,0.0,15.0,0.0,0.0,0.0,0.0,0.0,0.0,0.0,2183.0,nan,nan,nan,,nan,nan,nan,nan,nan,nan,nan,,,,nan,nan,nan,nan,nan,nan,nan,nan,nan,nan,nan,nan,,nan,nan,,,nan,nan,nan,nan,nan,nan,nan,nan,nan,nan,nan,nan,nan,nan,nan,nan,nan,nan,nan,nan,nan,nan,nan,nan,,nan,nan,nan,,nan,,,,
nan,nan,nan,nan,nan,nan,nan,nan,nan,nan,nan,nan,nan,nan,nan,nan,nan,2158.0,0.0,0.0,0.0,0.0,0.0,0.0,0.0,6.0,0.0,0.0,0.0,0.0,0.0,0.0,0.0,2164.0,nan,nan,nan,,nan,nan,nan,nan,nan,nan,nan,,,,nan,nan,nan,nan,nan,nan,nan,nan,nan,nan,nan,nan,,nan,nan,,,nan,nan,nan,nan,nan,nan,nan,nan,nan,nan,nan,nan,nan,nan,nan,nan,nan,nan,nan,nan,nan,nan,nan,nan,,nan,nan,nan,,nan,,,,
nan,nan,nan,nan,nan,nan,nan,nan,nan,nan,nan,nan,nan,nan,nan,nan,nan,2079.0,0.0,0.0,0.0,0.0,0.0,0.0,0.0,8.0,0.0,0.0,0.0,0.0,0.0,0.0,0.0,2087.0,nan,nan,nan,,nan,nan,nan,nan,nan,nan,nan,,,,nan,nan,nan,nan,nan,nan,nan,nan,nan,nan,nan,nan,,nan,nan,,,nan,nan,nan,nan,nan,nan,nan,nan,nan,nan,nan,nan,nan,nan,nan,nan,nan,nan,nan,nan,nan,nan,nan,nan,,nan,nan,nan,,nan,,,,
nan,nan,nan,nan,nan,nan,nan,nan,nan,nan,nan,nan,nan,nan,nan,nan,nan,2248.0,0.0,0.0,0.0,0.0,0.0,0.0,0.0,17.0,0.0,0.0,0.0,0.0,0.0,0.0,0.0,2265.0,nan,nan,nan,,nan,nan,nan,nan,nan,nan,nan,,,,nan,nan,nan,nan,nan,nan,nan,nan,nan,nan,nan,nan,,nan,nan,,,nan,nan,nan,nan,nan,nan,nan,nan,nan,nan,nan,nan,nan,nan,nan,nan,nan,nan,nan,nan,nan,nan,nan,nan,,nan,nan,nan,,nan,,,,
nan,nan,nan,nan,nan,nan,nan,nan,nan,nan,nan,nan,nan,nan,nan,nan,nan,2291.0,0.0,0.0,0.0,0.0,0.0,0.0,0.0,10.0,0.0,0.0,0.0,0.0,0.0,0.0,0.0,2301.0,nan,nan,nan,,nan,nan,nan,nan,nan,nan,nan,,,,nan,nan,nan,nan,nan,nan,nan,nan,nan,nan,nan,nan,,nan,nan,,,nan,nan,nan,nan,nan,nan,nan,nan,nan,nan,nan,nan,nan,nan,nan,nan,nan,nan,nan,nan,nan,nan,nan,nan,,nan,nan,nan,,nan,,,,
nan,nan,nan,nan,nan,nan,nan,nan,nan,nan,nan,nan,nan,nan,nan,nan,nan,2161.0,0.0,0.0,0.0,0.0,0.0,0.0,0.0,11.0,0.0,0.0,0.0,0.0,0.0,0.0,0.0,2172.0,nan,nan,nan,,nan,nan,nan,nan,nan,nan,nan,,,,nan,nan,nan,nan,nan,nan,nan,nan,nan,nan,nan,nan,,nan,nan,,,nan,nan,nan,nan,nan,nan,nan,nan,nan,nan,nan,nan,nan,nan,nan,nan,nan,nan,nan,nan,nan,nan,nan,nan,,nan,nan,nan,,nan,,,,
nan,nan,nan,nan,nan,nan,nan,nan,nan,nan,nan,nan,nan,nan,nan,nan,nan,2137.0,0.0,0.0,0.0,0.0,0.0,0.0,0.0,13.0,0.0,0.0,0.0,0.0,0.0,0.0,0.0,2150.0,nan,nan,nan,,nan,nan,nan,nan,nan,nan,nan,,,,nan,nan,nan,nan,nan,nan,nan,nan,nan,nan,nan,nan,,nan,nan,,,nan,nan,nan,nan,nan,nan,nan,nan,nan,nan,nan,nan,nan,nan,nan,nan,nan,nan,nan,nan,nan,nan,nan,nan,,nan,nan,nan,,nan,,,,
nan,nan,nan,nan,nan,nan,nan,nan,nan,nan,nan,nan,nan,nan,nan,nan,nan,2043.0,0.0,0.0,0.0,0.0,0.0,0.0,0.0,5.0,0.0,0.0,0.0,0.0,0.0,0.0,0.0,2048.0,nan,nan,nan,,nan,nan,nan,nan,nan,nan,nan,,,,nan,nan,nan,nan,nan,nan,nan,nan,nan,nan,nan,nan,,nan,nan,,,nan,nan,nan,nan,nan,nan,nan,nan,nan,nan,nan,nan,nan,nan,nan,nan,nan,nan,nan,nan,nan,nan,nan,nan,,nan,nan,nan,,nan,,,,
nan,nan,nan,nan,nan,nan,nan,nan,nan,nan,nan,nan,nan,nan,nan,nan,nan,2082.0,0.0,0.0,0.0,0.0,0.0,0.0,0.0,12.0,0.0,0.0,0.0,0.0,0.0,0.0,0.0,2094.0,nan,nan,nan,,nan,nan,nan,nan,nan,nan,nan,,,,nan,nan,nan,nan,nan,nan,nan,nan,nan,nan,nan,nan,,nan,nan,,,nan,nan,nan,nan,nan,nan,nan,nan,nan,nan,nan,nan,nan,nan,nan,nan,nan,nan,nan,nan,nan,nan,nan,nan,,nan,nan,nan,,nan,,,,
nan,nan,nan,nan,nan,nan,nan,nan,nan,nan,nan,nan,nan,nan,nan,nan,nan,2244.0,0.0,0.0,0.0,0.0,0.0,0.0,0.0,13.0,0.0,0.0,0.0,0.0,0.0,0.0,0.0,2257.0,nan,nan,nan,,nan,nan,nan,nan,nan,nan,nan,,,,nan,nan,nan,nan,nan,nan,nan,nan,nan,nan,nan,nan,,nan,nan,,,nan,nan,nan,nan,nan,nan,nan,nan,nan,nan,nan,nan,nan,nan,nan,nan,nan,nan,nan,nan,nan,nan,nan,nan,,nan,nan,nan,,nan,,,,
nan,nan,nan,nan,nan,nan,nan,nan,nan,nan,nan,nan,nan,nan,nan,nan,nan,2075.0,0.0,0.0,0.0,0.0,0.0,0.0,0.0,12.0,0.0,0.0,0.0,0.0,0.0,0.0,0.0,2087.0,nan,nan,nan,,nan,nan,nan,nan,nan,nan,nan,,,,nan,nan,nan,nan,nan,nan,nan,nan,nan,nan,nan,nan,,nan,nan,,,nan,nan,nan,nan,nan,nan,nan,nan,nan,nan,nan,nan,nan,nan,nan,nan,nan,nan,nan,nan,nan,nan,nan,nan,,nan,nan,nan,,nan,,,,
nan,nan,nan,nan,nan,nan,nan,nan,nan,nan,nan,nan,nan,nan,nan,nan,nan,2119.0,0.0,0.0,0.0,0.0,0.0,0.0,0.0,6.0,0.0,0.0,0.0,0.0,0.0,0.0,0.0,2125.0,nan,nan,nan,,nan,nan,nan,nan,nan,nan,nan,,,,nan,nan,nan,nan,nan,nan,nan,nan,nan,nan,nan,nan,,nan,nan,,,nan,nan,nan,nan,nan,nan,nan,nan,nan,nan,nan,nan,nan,nan,nan,nan,nan,nan,nan,nan,nan,nan,nan,nan,,nan,nan,nan,,nan,,,,
nan,nan,nan,nan,nan,nan,nan,nan,nan,nan,nan,nan,nan,nan,nan,nan,nan,2217.0,0.0,0.0,0.0,0.0,0.0,0.0,0.0,14.0,0.0,0.0,0.0,0.0,0.0,0.0,0.0,2231.0,nan,nan,nan,,nan,nan,nan,nan,nan,nan,nan,,,,nan,nan,nan,nan,nan,nan,nan,nan,nan,nan,nan,nan,,nan,nan,,,nan,nan,nan,nan,nan,nan,nan,nan,nan,nan,nan,nan,nan,nan,nan,nan,nan,nan,nan,nan,nan,nan,nan,nan,,nan,nan,nan,,nan,,,,
nan,nan,nan,nan,nan,nan,nan,nan,nan,nan,nan,nan,nan,nan,nan,nan,nan,2133.0,0.0,0.0,0.0,0.0,0.0,0.0,0.0,9.0,0.0,0.0,0.0,0.0,0.0,0.0,0.0,2142.0,nan,nan,nan,,nan,nan,nan,nan,nan,nan,nan,,,,nan,nan,nan,nan,nan,nan,nan,nan,nan,nan,nan,nan,,nan,nan,,,nan,nan,nan,nan,nan,nan,nan,nan,nan,nan,nan,nan,nan,nan,nan,nan,nan,nan,nan,nan,nan,nan,nan,nan,,nan,nan,nan,,nan,,,,
nan,nan,nan,nan,nan,nan,nan,nan,nan,nan,nan,nan,nan,nan,nan,nan,nan,2159.0,0.0,0.0,0.0,0.0,0.0,0.0,0.0,17.0,0.0,0.0,0.0,0.0,0.0,0.0,0.0,2176.0,nan,nan,nan,,nan,nan,nan,nan,nan,nan,nan,,,,nan,nan,nan,nan,nan,nan,nan,nan,nan,nan,nan,nan,,nan,nan,,,nan,nan,nan,nan,nan,nan,nan,nan,nan,nan,nan,nan,nan,nan,nan,nan,nan,nan,nan,nan,nan,nan,nan,nan,,nan,nan,nan,,nan,,,,
nan,nan,nan,nan,nan,nan,nan,nan,nan,nan,nan,nan,nan,nan,nan,nan,nan,2164.0,0.0,0.0,0.0,0.0,0.0,0.0,0.0,9.0,0.0,0.0,0.0,0.0,0.0,0.0,0.0,2173.0,nan,nan,nan,,nan,nan,nan,nan,nan,nan,nan,,,,nan,nan,nan,nan,nan,nan,nan,nan,nan,nan,nan,nan,,nan,nan,,,nan,nan,nan,nan,nan,nan,nan,nan,nan,nan,nan,nan,nan,nan,nan,nan,nan,nan,nan,nan,nan,nan,nan,nan,,nan,nan,nan,,nan,,,,
nan,nan,nan,nan,nan,nan,nan,nan,nan,nan,nan,nan,nan,nan,nan,nan,nan,2109.0,0.0,0.0,0.0,0.0,0.0,0.0,0.0,18.0,0.0,0.0,0.0,0.0,0.0,0.0,0.0,2127.0,nan,nan,nan,,nan,nan,nan,nan,nan,nan,nan,,,,nan,nan,nan,nan,nan,nan,nan,nan,nan,nan,nan,nan,,nan,nan,,,nan,nan,nan,nan,nan,nan,nan,nan,nan,nan,nan,nan,nan,nan,nan,nan,nan,nan,nan,nan,nan,nan,nan,nan,,nan,nan,nan,,nan,,,,
nan,nan,nan,nan,nan,nan,nan,nan,nan,nan,nan,nan,nan,nan,nan,nan,nan,2096.0,0.0,0.0,0.0,0.0,0.0,0.0,0.0,8.0,0.0,0.0,0.0,0.0,0.0,0.0,0.0,2104.0,nan,nan,nan,,nan,nan,nan,nan,nan,nan,nan,,,,nan,nan,nan,nan,nan,nan,nan,nan,nan,nan,nan,nan,,nan,nan,,,nan,nan,nan,nan,nan,nan,nan,nan,nan,nan,nan,nan,nan,nan,nan,nan,nan,nan,nan,nan,nan,nan,nan,nan,,nan,nan,nan,,nan,,,,
nan,nan,nan,nan,nan,nan,nan,nan,nan,nan,nan,nan,nan,nan,nan,nan,nan,2134.0,0.0,0.0,0.0,0.0,0.0,0.0,0.0,11.0,0.0,0.0,0.0,0.0,0.0,0.0,0.0,2145.0,nan,nan,nan,,nan,nan,nan,nan,nan,nan,nan,,,,nan,nan,nan,nan,nan,nan,nan,nan,nan,nan,nan,nan,,nan,nan,,,nan,nan,nan,nan,nan,nan,nan,nan,nan,nan,nan,nan,nan,nan,nan,nan,nan,nan,nan,nan,nan,nan,nan,nan,,nan,nan,nan,,nan,,,,
nan,nan,nan,nan,nan,nan,nan,nan,nan,nan,nan,nan,nan,nan,nan,nan,nan,2200.0,0.0,0.0,0.0,0.0,0.0,0.0,0.0,11.0,0.0,0.0,0.0,0.0,0.0,0.0,0.0,2211.0,nan,nan,nan,,nan,nan,nan,nan,nan,nan,nan,,,,nan,nan,nan,nan,nan,nan,nan,nan,nan,nan,nan,nan,,nan,nan,,,nan,nan,nan,nan,nan,nan,nan,nan,nan,nan,nan,nan,nan,nan,nan,nan,nan,nan,nan,nan,nan,nan,nan,nan,,nan,nan,nan,,nan,,,,
nan,nan,nan,nan,nan,nan,nan,nan,nan,nan,nan,nan,nan,nan,nan,nan,nan,2094.0,0.0,0.0,0.0,0.0,0.0,0.0,0.0,16.0,0.0,0.0,0.0,0.0,0.0,0.0,0.0,2110.0,nan,nan,nan,,nan,nan,nan,nan,nan,nan,nan,,,,nan,nan,nan,nan,nan,nan,nan,nan,nan,nan,nan,nan,,nan,nan,,,nan,nan,nan,nan,nan,nan,nan,nan,nan,nan,nan,nan,nan,nan,nan,nan,nan,nan,nan,nan,nan,nan,nan,nan,,nan,nan,nan,,nan,,,,
nan,nan,nan,nan,nan,nan,nan,nan,nan,nan,nan,nan,nan,nan,nan,nan,nan,2116.0,0.0,0.0,0.0,0.0,0.0,0.0,0.0,10.0,0.0,0.0,0.0,0.0,0.0,0.0,0.0,2126.0,nan,nan,nan,,nan,nan,nan,nan,nan,nan,nan,,,,nan,nan,nan,nan,nan,nan,nan,nan,nan,nan,nan,nan,,nan,nan,,,nan,nan,nan,nan,nan,nan,nan,nan,nan,nan,nan,nan,nan,nan,nan,nan,nan,nan,nan,nan,nan,nan,nan,nan,,nan,nan,nan,,nan,,,,
nan,nan,nan,nan,nan,nan,nan,nan,nan,nan,nan,nan,nan,nan,nan,nan,nan,2153.0,0.0,0.0,0.0,0.0,0.0,0.0,0.0,9.0,0.0,0.0,0.0,0.0,0.0,0.0,0.0,2162.0,nan,nan,nan,,nan,nan,nan,nan,nan,nan,nan,,,,nan,nan,nan,nan,nan,nan,nan,nan,nan,nan,nan,nan,,nan,nan,,,nan,nan,nan,nan,nan,nan,nan,nan,nan,nan,nan,nan,nan,nan,nan,nan,nan,nan,nan,nan,nan,nan,nan,nan,,nan,nan,nan,,nan,,,,
nan,nan,nan,nan,nan,nan,nan,nan,nan,nan,nan,nan,nan,nan,nan,nan,nan,2188.0,0.0,0.0,0.0,0.0,0.0,0.0,0.0,12.0,0.0,0.0,0.0,0.0,0.0,0.0,0.0,2200.0,nan,nan,nan,,nan,nan,nan,nan,nan,nan,nan,,,,nan,nan,nan,nan,nan,nan,nan,nan,nan,nan,nan,nan,,nan,nan,,,nan,nan,nan,nan,nan,nan,nan,nan,nan,nan,nan,nan,nan,nan,nan,nan,nan,nan,nan,nan,nan,nan,nan,nan,,nan,nan,nan,,nan,,,,
nan,nan,nan,nan,nan,nan,nan,nan,nan,nan,nan,nan,nan,nan,nan,nan,nan,2143.0,0.0,0.0,0.0,0.0,0.0,0.0,0.0,11.0,0.0,0.0,0.0,0.0,0.0,0.0,0.0,2154.0,nan,nan,nan,,nan,nan,nan,nan,nan,nan,nan,,,,nan,nan,nan,nan,nan,nan,nan,nan,nan,nan,nan,nan,,nan,nan,,,nan,nan,nan,nan,nan,nan,nan,nan,nan,nan,nan,nan,nan,nan,nan,nan,nan,nan,nan,nan,nan,nan,nan,nan,,nan,nan,nan,,nan,,,,
nan,nan,nan,nan,nan,nan,nan,nan,nan,nan,nan,nan,nan,nan,nan,nan,nan,2104.0,0.0,0.0,0.0,0.0,0.0,0.0,0.0,9.0,0.0,0.0,0.0,0.0,0.0,0.0,0.0,2113.0,nan,nan,nan,,nan,nan,nan,nan,nan,nan,nan,,,,nan,nan,nan,nan,nan,nan,nan,nan,nan,nan,nan,nan,,nan,nan,,,nan,nan,nan,nan,nan,nan,nan,nan,nan,nan,nan,nan,nan,nan,nan,nan,nan,nan,nan,nan,nan,nan,nan,nan,,nan,nan,nan,,nan,,,,
nan,nan,nan,nan,nan,nan,nan,nan,nan,nan,nan,nan,nan,nan,nan,nan,nan,2165.0,0.0,0.0,0.0,0.0,0.0,0.0,0.0,16.0,0.0,0.0,0.0,0.0,0.0,0.0,0.0,2181.0,nan,nan,nan,,nan,nan,nan,nan,nan,nan,nan,,,,nan,nan,nan,nan,nan,nan,nan,nan,nan,nan,nan,nan,,nan,nan,,,nan,nan,nan,nan,nan,nan,nan,nan,nan,nan,nan,nan,nan,nan,nan,nan,nan,nan,nan,nan,nan,nan,nan,nan,,nan,nan,nan,,nan,,,,
nan,nan,nan,nan,nan,nan,nan,nan,nan,nan,nan,nan,nan,nan,nan,nan,nan,2128.0,0.0,0.0,0.0,0.0,0.0,0.0,0.0,10.0,0.0,0.0,0.0,0.0,0.0,0.0,0.0,2138.0,nan,nan,nan,,nan,nan,nan,nan,nan,nan,nan,,,,nan,nan,nan,nan,nan,nan,nan,nan,nan,nan,nan,nan,,nan,nan,,,nan,nan,nan,nan,nan,nan,nan,nan,nan,nan,nan,nan,nan,nan,nan,nan,nan,nan,nan,nan,nan,nan,nan,nan,,nan,nan,nan,,nan,,,,
nan,nan,nan,nan,nan,nan,nan,nan,nan,nan,nan,nan,nan,nan,nan,nan,nan,2173.0,0.0,0.0,0.0,0.0,0.0,0.0,0.0,14.0,0.0,0.0,0.0,0.0,0.0,0.0,0.0,2187.0,nan,nan,nan,,nan,nan,nan,nan,nan,nan,nan,,,,nan,nan,nan,nan,nan,nan,nan,nan,nan,nan,nan,nan,,nan,nan,,,nan,nan,nan,nan,nan,nan,nan,nan,nan,nan,nan,nan,nan,nan,nan,nan,nan,nan,nan,nan,nan,nan,nan,nan,,nan,nan,nan,,nan,,,,
nan,nan,nan,nan,nan,nan,nan,nan,nan,nan,nan,nan,nan,nan,nan,nan,nan,2184.0,0.0,0.0,0.0,0.0,0.0,0.0,0.0,20.0,0.0,0.0,0.0,0.0,0.0,0.0,0.0,2204.0,nan,nan,nan,,nan,nan,nan,nan,nan,nan,nan,,,,nan,nan,nan,nan,nan,nan,nan,nan,nan,nan,nan,nan,,nan,nan,,,nan,nan,nan,nan,nan,nan,nan,nan,nan,nan,nan,nan,nan,nan,nan,nan,nan,nan,nan,nan,nan,nan,nan,nan,,nan,nan,nan,,nan,,,,
nan,nan,nan,nan,nan,nan,nan,nan,nan,nan,nan,nan,nan,nan,nan,nan,nan,2192.0,0.0,0.0,0.0,0.0,0.0,0.0,0.0,15.0,0.0,0.0,0.0,0.0,0.0,0.0,0.0,2207.0,nan,nan,nan,,nan,nan,nan,nan,nan,nan,nan,,,,nan,nan,nan,nan,nan,nan,nan,nan,nan,nan,nan,nan,,nan,nan,,,nan,nan,nan,nan,nan,nan,nan,nan,nan,nan,nan,nan,nan,nan,nan,nan,nan,nan,nan,nan,nan,nan,nan,nan,,nan,nan,nan,,nan,,,,
nan,nan,nan,nan,nan,nan,nan,nan,nan,nan,nan,nan,nan,nan,nan,nan,nan,2101.0,0.0,0.0,0.0,0.0,0.0,0.0,0.0,16.0,0.0,0.0,0.0,0.0,0.0,0.0,0.0,2117.0,nan,nan,nan,,nan,nan,nan,nan,nan,nan,nan,,,,nan,nan,nan,nan,nan,nan,nan,nan,nan,nan,nan,nan,,nan,nan,,,nan,nan,nan,nan,nan,nan,nan,nan,nan,nan,nan,nan,nan,nan,nan,nan,nan,nan,nan,nan,nan,nan,nan,nan,,nan,nan,nan,,nan,,,,
nan,nan,nan,nan,nan,nan,nan,nan,nan,nan,nan,nan,nan,nan,nan,nan,nan,2151.0,0.0,0.0,0.0,0.0,0.0,0.0,0.0,5.0,0.0,0.0,0.0,0.0,0.0,0.0,0.0,2156.0,nan,nan,nan,,nan,nan,nan,nan,nan,nan,nan,,,,nan,nan,nan,nan,nan,nan,nan,nan,nan,nan,nan,nan,,nan,nan,,,nan,nan,nan,nan,nan,nan,nan,nan,nan,nan,nan,nan,nan,nan,nan,nan,nan,nan,nan,nan,nan,nan,nan,nan,,nan,nan,nan,,nan,,,,
nan,nan,nan,nan,nan,nan,nan,nan,nan,nan,nan,nan,nan,nan,nan,nan,nan,2157.0,0.0,0.0,0.0,0.0,0.0,0.0,0.0,14.0,0.0,0.0,0.0,0.0,0.0,0.0,0.0,2171.0,nan,nan,nan,,nan,nan,nan,nan,nan,nan,nan,,,,nan,nan,nan,nan,nan,nan,nan,nan,nan,nan,nan,nan,,nan,nan,,,nan,nan,nan,nan,nan,nan,nan,nan,nan,nan,nan,nan,nan,nan,nan,nan,nan,nan,nan,nan,nan,nan,nan,nan,,nan,nan,nan,,nan,,,,
nan,nan,nan,nan,nan,nan,nan,nan,nan,nan,nan,nan,nan,nan,nan,nan,nan,2109.0,0.0,0.0,0.0,0.0,0.0,0.0,0.0,17.0,0.0,0.0,0.0,0.0,0.0,0.0,0.0,2126.0,nan,nan,nan,,nan,nan,nan,nan,nan,nan,nan,,,,nan,nan,nan,nan,nan,nan,nan,nan,nan,nan,nan,nan,,nan,nan,,,nan,nan,nan,nan,nan,nan,nan,nan,nan,nan,nan,nan,nan,nan,nan,nan,nan,nan,nan,nan,nan,nan,nan,nan,,nan,nan,nan,,nan,,,,
nan,nan,nan,nan,nan,nan,nan,nan,nan,nan,nan,nan,nan,nan,nan,nan,nan,2118.0,0.0,0.0,0.0,0.0,0.0,0.0,0.0,12.0,0.0,0.0,0.0,0.0,0.0,0.0,0.0,2130.0,nan,nan,nan,,nan,nan,nan,nan,nan,nan,nan,,,,nan,nan,nan,nan,nan,nan,nan,nan,nan,nan,nan,nan,,nan,nan,,,nan,nan,nan,nan,nan,nan,nan,nan,nan,nan,nan,nan,nan,nan,nan,nan,nan,nan,nan,nan,nan,nan,nan,nan,,nan,nan,nan,,nan,,,,
nan,nan,nan,nan,nan,nan,nan,nan,nan,nan,nan,nan,nan,nan,nan,nan,nan,2105.0,0.0,0.0,0.0,0.0,0.0,0.0,0.0,11.0,0.0,0.0,0.0,0.0,0.0,0.0,0.0,2116.0,nan,nan,nan,,nan,nan,nan,nan,nan,nan,nan,,,,nan,nan,nan,nan,nan,nan,nan,nan,nan,nan,nan,nan,,nan,nan,,,nan,nan,nan,nan,nan,nan,nan,nan,nan,nan,nan,nan,nan,nan,nan,nan,nan,nan,nan,nan,nan,nan,nan,nan,,nan,nan,nan,,nan,,,,
nan,nan,nan,nan,nan,nan,nan,nan,nan,nan,nan,nan,nan,nan,nan,nan,nan,2104.0,0.0,0.0,0.0,0.0,0.0,0.0,0.0,21.0,0.0,0.0,0.0,0.0,0.0,0.0,0.0,2125.0,nan,nan,nan,,nan,nan,nan,nan,nan,nan,nan,,,,nan,nan,nan,nan,nan,nan,nan,nan,nan,nan,nan,nan,,nan,nan,,,nan,nan,nan,nan,nan,nan,nan,nan,nan,nan,nan,nan,nan,nan,nan,nan,nan,nan,nan,nan,nan,nan,nan,nan,,nan,nan,nan,,nan,,,,
nan,nan,nan,nan,nan,nan,nan,nan,nan,nan,nan,nan,nan,nan,nan,nan,nan,2109.0,0.0,0.0,0.0,0.0,0.0,0.0,0.0,13.0,0.0,0.0,0.0,0.0,0.0,0.0,0.0,2122.0,nan,nan,nan,,nan,nan,nan,nan,nan,nan,nan,,,,nan,nan,nan,nan,nan,nan,nan,nan,nan,nan,nan,nan,,nan,nan,,,nan,nan,nan,nan,nan,nan,nan,nan,nan,nan,nan,nan,nan,nan,nan,nan,nan,nan,nan,nan,nan,nan,nan,nan,,nan,nan,nan,,nan,,,,
nan,nan,nan,nan,nan,nan,nan,nan,nan,nan,nan,nan,nan,nan,nan,nan,nan,2184.0,0.0,0.0,0.0,0.0,0.0,0.0,0.0,13.0,0.0,0.0,0.0,0.0,0.0,0.0,0.0,2197.0,nan,nan,nan,,nan,nan,nan,nan,nan,nan,nan,,,,nan,nan,nan,nan,nan,nan,nan,nan,nan,nan,nan,nan,,nan,nan,,,nan,nan,nan,nan,nan,nan,nan,nan,nan,nan,nan,nan,nan,nan,nan,nan,nan,nan,nan,nan,nan,nan,nan,nan,,nan,nan,nan,,nan,,,,
nan,nan,nan,nan,nan,nan,nan,nan,nan,nan,nan,nan,nan,nan,nan,nan,nan,2182.0,0.0,0.0,0.0,0.0,0.0,0.0,0.0,9.0,0.0,0.0,0.0,0.0,0.0,0.0,0.0,2191.0,nan,nan,nan,,nan,nan,nan,nan,nan,nan,nan,,,,nan,nan,nan,nan,nan,nan,nan,nan,nan,nan,nan,nan,,nan,nan,,,nan,nan,nan,nan,nan,nan,nan,nan,nan,nan,nan,nan,nan,nan,nan,nan,nan,nan,nan,nan,nan,nan,nan,nan,,nan,nan,nan,,nan,,,,
nan,nan,nan,nan,nan,nan,nan,nan,nan,nan,nan,nan,nan,nan,nan,nan,nan,2263.0,0.0,0.0,0.0,0.0,0.0,0.0,0.0,16.0,0.0,0.0,0.0,0.0,0.0,0.0,0.0,2279.0,nan,nan,nan,,nan,nan,nan,nan,nan,nan,nan,,,,nan,nan,nan,nan,nan,nan,nan,nan,nan,nan,nan,nan,,nan,nan,,,nan,nan,nan,nan,nan,nan,nan,nan,nan,nan,nan,nan,nan,nan,nan,nan,nan,nan,nan,nan,nan,nan,nan,nan,,nan,nan,nan,,nan,,,,
nan,nan,nan,nan,nan,nan,nan,nan,nan,nan,nan,nan,nan,nan,nan,nan,nan,2175.0,0.0,0.0,0.0,0.0,0.0,0.0,0.0,13.0,0.0,0.0,0.0,0.0,0.0,0.0,0.0,2188.0,nan,nan,nan,,nan,nan,nan,nan,nan,nan,nan,,,,nan,nan,nan,nan,nan,nan,nan,nan,nan,nan,nan,nan,,nan,nan,,,nan,nan,nan,nan,nan,nan,nan,nan,nan,nan,nan,nan,nan,nan,nan,nan,nan,nan,nan,nan,nan,nan,nan,nan,,nan,nan,nan,,nan,,,,
nan,nan,nan,nan,nan,nan,nan,nan,nan,nan,nan,nan,nan,nan,nan,nan,nan,2111.0,0.0,0.0,0.0,0.0,0.0,0.0,0.0,6.0,0.0,0.0,0.0,0.0,0.0,0.0,0.0,2117.0,nan,nan,nan,,nan,nan,nan,nan,nan,nan,nan,,,,nan,nan,nan,nan,nan,nan,nan,nan,nan,nan,nan,nan,,nan,nan,,,nan,nan,nan,nan,nan,nan,nan,nan,nan,nan,nan,nan,nan,nan,nan,nan,nan,nan,nan,nan,nan,nan,nan,nan,,nan,nan,nan,,nan,,,,
nan,nan,nan,nan,nan,nan,nan,nan,nan,nan,nan,nan,nan,nan,nan,nan,nan,2212.0,0.0,0.0,0.0,0.0,0.0,0.0,0.0,6.0,0.0,0.0,0.0,0.0,0.0,0.0,0.0,2218.0,nan,nan,nan,,nan,nan,nan,nan,nan,nan,nan,,,,nan,nan,nan,nan,nan,nan,nan,nan,nan,nan,nan,nan,,nan,nan,,,nan,nan,nan,nan,nan,nan,nan,nan,nan,nan,nan,nan,nan,nan,nan,nan,nan,nan,nan,nan,nan,nan,nan,nan,,nan,nan,nan,,nan,,,,
nan,nan,nan,nan,nan,nan,nan,nan,nan,nan,nan,nan,nan,nan,nan,nan,nan,2151.0,0.0,0.0,0.0,0.0,0.0,0.0,0.0,8.0,0.0,0.0,0.0,0.0,0.0,0.0,0.0,2159.0,nan,nan,nan,,nan,nan,nan,nan,nan,nan,nan,,,,nan,nan,nan,nan,nan,nan,nan,nan,nan,nan,nan,nan,,nan,nan,,,nan,nan,nan,nan,nan,nan,nan,nan,nan,nan,nan,nan,nan,nan,nan,nan,nan,nan,nan,nan,nan,nan,nan,nan,,nan,nan,nan,,nan,,,,
nan,nan,nan,nan,nan,nan,nan,nan,nan,nan,nan,nan,nan,nan,nan,nan,nan,2155.0,0.0,0.0,0.0,0.0,0.0,0.0,0.0,25.0,0.0,0.0,0.0,0.0,0.0,0.0,0.0,2180.0,nan,nan,nan,,nan,nan,nan,nan,nan,nan,nan,,,,nan,nan,nan,nan,nan,nan,nan,nan,nan,nan,nan,nan,,nan,nan,,,nan,nan,nan,nan,nan,nan,nan,nan,nan,nan,nan,nan,nan,nan,nan,nan,nan,nan,nan,nan,nan,nan,nan,nan,,nan,nan,nan,,nan,,,,
nan,nan,nan,nan,nan,nan,nan,nan,nan,nan,nan,nan,nan,nan,nan,nan,nan,2220.0,0.0,0.0,0.0,0.0,0.0,0.0,0.0,6.0,0.0,0.0,0.0,0.0,0.0,0.0,0.0,2226.0,nan,nan,nan,,nan,nan,nan,nan,nan,nan,nan,,,,nan,nan,nan,nan,nan,nan,nan,nan,nan,nan,nan,nan,,nan,nan,,,nan,nan,nan,nan,nan,nan,nan,nan,nan,nan,nan,nan,nan,nan,nan,nan,nan,nan,nan,nan,nan,nan,nan,nan,,nan,nan,nan,,nan,,,,
nan,nan,nan,nan,nan,nan,nan,nan,nan,nan,nan,nan,nan,nan,nan,nan,nan,2134.0,0.0,0.0,0.0,0.0,0.0,0.0,0.0,9.0,0.0,0.0,0.0,0.0,0.0,0.0,0.0,2143.0,nan,nan,nan,,nan,nan,nan,nan,nan,nan,nan,,,,nan,nan,nan,nan,nan,nan,nan,nan,nan,nan,nan,nan,,nan,nan,,,nan,nan,nan,nan,nan,nan,nan,nan,nan,nan,nan,nan,nan,nan,nan,nan,nan,nan,nan,nan,nan,nan,nan,nan,,nan,nan,nan,,nan,,,,
nan,nan,nan,nan,nan,nan,nan,nan,nan,nan,nan,nan,nan,nan,nan,nan,nan,2181.0,0.0,0.0,0.0,0.0,0.0,0.0,0.0,11.0,0.0,0.0,0.0,0.0,0.0,0.0,0.0,2192.0,nan,nan,nan,,nan,nan,nan,nan,nan,nan,nan,,,,nan,nan,nan,nan,nan,nan,nan,nan,nan,nan,nan,nan,,nan,nan,,,nan,nan,nan,nan,nan,nan,nan,nan,nan,nan,nan,nan,nan,nan,nan,nan,nan,nan,nan,nan,nan,nan,nan,nan,,nan,nan,nan,,nan,,,,
nan,nan,nan,nan,nan,nan,nan,nan,nan,nan,nan,nan,nan,nan,nan,nan,nan,2175.0,0.0,0.0,0.0,0.0,0.0,0.0,0.0,12.0,0.0,0.0,0.0,0.0,0.0,0.0,0.0,2187.0,nan,nan,nan,,nan,nan,nan,nan,nan,nan,nan,,,,nan,nan,nan,nan,nan,nan,nan,nan,nan,nan,nan,nan,,nan,nan,,,nan,nan,nan,nan,nan,nan,nan,nan,nan,nan,nan,nan,nan,nan,nan,nan,nan,nan,nan,nan,nan,nan,nan,nan,,nan,nan,nan,,nan,,,,
nan,nan,nan,nan,nan,nan,nan,nan,nan,nan,nan,nan,nan,nan,nan,nan,nan,2115.0,0.0,0.0,0.0,0.0,0.0,0.0,0.0,13.0,0.0,0.0,0.0,0.0,0.0,0.0,0.0,2128.0,nan,nan,nan,,nan,nan,nan,nan,nan,nan,nan,,,,nan,nan,nan,nan,nan,nan,nan,nan,nan,nan,nan,nan,,nan,nan,,,nan,nan,nan,nan,nan,nan,nan,nan,nan,nan,nan,nan,nan,nan,nan,nan,nan,nan,nan,nan,nan,nan,nan,nan,,nan,nan,nan,,nan,,,,
nan,nan,nan,nan,nan,nan,nan,nan,nan,nan,nan,nan,nan,nan,nan,nan,nan,2174.0,0.0,0.0,0.0,0.0,0.0,0.0,0.0,17.0,0.0,0.0,0.0,0.0,0.0,0.0,0.0,2191.0,nan,nan,nan,,nan,nan,nan,nan,nan,nan,nan,,,,nan,nan,nan,nan,nan,nan,nan,nan,nan,nan,nan,nan,,nan,nan,,,nan,nan,nan,nan,nan,nan,nan,nan,nan,nan,nan,nan,nan,nan,nan,nan,nan,nan,nan,nan,nan,nan,nan,nan,,nan,nan,nan,,nan,,,,
nan,nan,nan,nan,nan,nan,nan,nan,nan,nan,nan,nan,nan,nan,nan,nan,nan,2150.0,0.0,0.0,0.0,0.0,0.0,0.0,0.0,2.0,0.0,0.0,0.0,0.0,0.0,0.0,0.0,2152.0,nan,nan,nan,,nan,nan,nan,nan,nan,nan,nan,,,,nan,nan,nan,nan,nan,nan,nan,nan,nan,nan,nan,nan,,nan,nan,,,nan,nan,nan,nan,nan,nan,nan,nan,nan,nan,nan,nan,nan,nan,nan,nan,nan,nan,nan,nan,nan,nan,nan,nan,,nan,nan,nan,,nan,,,,
nan,nan,nan,nan,nan,nan,nan,nan,nan,nan,nan,nan,nan,nan,nan,nan,nan,2038.0,0.0,0.0,0.0,0.0,0.0,0.0,0.0,8.0,0.0,0.0,0.0,0.0,0.0,0.0,0.0,2046.0,nan,nan,nan,,nan,nan,nan,nan,nan,nan,nan,,,,nan,nan,nan,nan,nan,nan,nan,nan,nan,nan,nan,nan,,nan,nan,,,nan,nan,nan,nan,nan,nan,nan,nan,nan,nan,nan,nan,nan,nan,nan,nan,nan,nan,nan,nan,nan,nan,nan,nan,,nan,nan,nan,,nan,,,,
nan,nan,nan,nan,nan,nan,nan,nan,nan,nan,nan,nan,nan,nan,nan,nan,nan,2186.0,0.0,0.0,0.0,0.0,0.0,0.0,0.0,5.0,0.0,0.0,0.0,0.0,0.0,0.0,0.0,2191.0,nan,nan,nan,,nan,nan,nan,nan,nan,nan,nan,,,,nan,nan,nan,nan,nan,nan,nan,nan,nan,nan,nan,nan,,nan,nan,,,nan,nan,nan,nan,nan,nan,nan,nan,nan,nan,nan,nan,nan,nan,nan,nan,nan,nan,nan,nan,nan,nan,nan,nan,,nan,nan,nan,,nan,,,,
nan,nan,nan,nan,nan,nan,nan,nan,nan,nan,nan,nan,nan,nan,nan,nan,nan,2161.0,0.0,0.0,0.0,0.0,0.0,0.0,0.0,12.0,0.0,0.0,0.0,0.0,0.0,0.0,0.0,2173.0,nan,nan,nan,,nan,nan,nan,nan,nan,nan,nan,,,,nan,nan,nan,nan,nan,nan,nan,nan,nan,nan,nan,nan,,nan,nan,,,nan,nan,nan,nan,nan,nan,nan,nan,nan,nan,nan,nan,nan,nan,nan,nan,nan,nan,nan,nan,nan,nan,nan,nan,,nan,nan,nan,,nan,,,,
nan,nan,nan,nan,nan,nan,nan,nan,nan,nan,nan,nan,nan,nan,nan,nan,nan,2193.0,0.0,0.0,0.0,0.0,0.0,0.0,0.0,18.0,0.0,0.0,0.0,0.0,0.0,0.0,0.0,2211.0,nan,nan,nan,,nan,nan,nan,nan,nan,nan,nan,,,,nan,nan,nan,nan,nan,nan,nan,nan,nan,nan,nan,nan,,nan,nan,,,nan,nan,nan,nan,nan,nan,nan,nan,nan,nan,nan,nan,nan,nan,nan,nan,nan,nan,nan,nan,nan,nan,nan,nan,,nan,nan,nan,,nan,,,,
nan,nan,nan,nan,nan,nan,nan,nan,nan,nan,nan,nan,nan,nan,nan,nan,nan,2202.0,0.0,0.0,0.0,0.0,0.0,0.0,0.0,11.0,0.0,0.0,0.0,0.0,0.0,0.0,0.0,2213.0,nan,nan,nan,,nan,nan,nan,nan,nan,nan,nan,,,,nan,nan,nan,nan,nan,nan,nan,nan,nan,nan,nan,nan,,nan,nan,,,nan,nan,nan,nan,nan,nan,nan,nan,nan,nan,nan,nan,nan,nan,nan,nan,nan,nan,nan,nan,nan,nan,nan,nan,,nan,nan,nan,,nan,,,,
nan,nan,nan,nan,nan,nan,nan,nan,nan,nan,nan,nan,nan,nan,nan,nan,nan,2152.0,0.0,0.0,0.0,0.0,0.0,0.0,0.0,17.0,0.0,0.0,0.0,0.0,0.0,0.0,0.0,2169.0,nan,nan,nan,,nan,nan,nan,nan,nan,nan,nan,,,,nan,nan,nan,nan,nan,nan,nan,nan,nan,nan,nan,nan,,nan,nan,,,nan,nan,nan,nan,nan,nan,nan,nan,nan,nan,nan,nan,nan,nan,nan,nan,nan,nan,nan,nan,nan,nan,nan,nan,,nan,nan,nan,,nan,,,,
nan,nan,nan,nan,nan,nan,nan,nan,nan,nan,nan,nan,nan,nan,nan,nan,nan,2283.0,0.0,0.0,0.0,0.0,0.0,0.0,0.0,13.0,0.0,0.0,0.0,0.0,0.0,0.0,0.0,2296.0,nan,nan,nan,,nan,nan,nan,nan,nan,nan,nan,,,,nan,nan,nan,nan,nan,nan,nan,nan,nan,nan,nan,nan,,nan,nan,,,nan,nan,nan,nan,nan,nan,nan,nan,nan,nan,nan,nan,nan,nan,nan,nan,nan,nan,nan,nan,nan,nan,nan,nan,,nan,nan,nan,,nan,,,,
nan,nan,nan,nan,nan,nan,nan,nan,nan,nan,nan,nan,nan,nan,nan,nan,nan,2173.0,0.0,0.0,0.0,0.0,0.0,0.0,0.0,14.0,0.0,0.0,0.0,0.0,0.0,0.0,0.0,2187.0,nan,nan,nan,,nan,nan,nan,nan,nan,nan,nan,,,,nan,nan,nan,nan,nan,nan,nan,nan,nan,nan,nan,nan,,nan,nan,,,nan,nan,nan,nan,nan,nan,nan,nan,nan,nan,nan,nan,nan,nan,nan,nan,nan,nan,nan,nan,nan,nan,nan,nan,,nan,nan,nan,,nan,,,,
nan,nan,nan,nan,nan,nan,nan,nan,nan,nan,nan,nan,nan,nan,nan,nan,nan,2063.0,0.0,0.0,0.0,0.0,0.0,0.0,0.0,9.0,0.0,0.0,0.0,0.0,0.0,0.0,0.0,2072.0,nan,nan,nan,,nan,nan,nan,nan,nan,nan,nan,,,,nan,nan,nan,nan,nan,nan,nan,nan,nan,nan,nan,nan,,nan,nan,,,nan,nan,nan,nan,nan,nan,nan,nan,nan,nan,nan,nan,nan,nan,nan,nan,nan,nan,nan,nan,nan,nan,nan,nan,,nan,nan,nan,,nan,,,,
nan,nan,nan,nan,nan,nan,nan,nan,nan,nan,nan,nan,nan,nan,nan,nan,nan,2204.0,0.0,0.0,0.0,0.0,0.0,0.0,0.0,13.0,0.0,0.0,0.0,0.0,0.0,0.0,0.0,2217.0,nan,nan,nan,,nan,nan,nan,nan,nan,nan,nan,,,,nan,nan,nan,nan,nan,nan,nan,nan,nan,nan,nan,nan,,nan,nan,,,nan,nan,nan,nan,nan,nan,nan,nan,nan,nan,nan,nan,nan,nan,nan,nan,nan,nan,nan,nan,nan,nan,nan,nan,,nan,nan,nan,,nan,,,,
nan,nan,nan,nan,nan,nan,nan,nan,nan,nan,nan,nan,nan,nan,nan,nan,nan,2164.0,0.0,0.0,0.0,0.0,0.0,0.0,0.0,13.0,0.0,0.0,0.0,0.0,0.0,0.0,0.0,2177.0,nan,nan,nan,,nan,nan,nan,nan,nan,nan,nan,,,,nan,nan,nan,nan,nan,nan,nan,nan,nan,nan,nan,nan,,nan,nan,,,nan,nan,nan,nan,nan,nan,nan,nan,nan,nan,nan,nan,nan,nan,nan,nan,nan,nan,nan,nan,nan,nan,nan,nan,,nan,nan,nan,,nan,,,,
nan,nan,nan,nan,nan,nan,nan,nan,nan,nan,nan,nan,nan,nan,nan,nan,nan,2175.0,0.0,0.0,0.0,0.0,0.0,0.0,0.0,14.0,0.0,0.0,0.0,0.0,0.0,0.0,0.0,2189.0,nan,nan,nan,,nan,nan,nan,nan,nan,nan,nan,,,,nan,nan,nan,nan,nan,nan,nan,nan,nan,nan,nan,nan,,nan,nan,,,nan,nan,nan,nan,nan,nan,nan,nan,nan,nan,nan,nan,nan,nan,nan,nan,nan,nan,nan,nan,nan,nan,nan,nan,,nan,nan,nan,,nan,,,,
nan,nan,nan,nan,nan,nan,nan,nan,nan,nan,nan,nan,nan,nan,nan,nan,nan,2109.0,0.0,0.0,0.0,0.0,0.0,0.0,0.0,14.0,0.0,0.0,0.0,0.0,0.0,0.0,0.0,2123.0,nan,nan,nan,,nan,nan,nan,nan,nan,nan,nan,,,,nan,nan,nan,nan,nan,nan,nan,nan,nan,nan,nan,nan,,nan,nan,,,nan,nan,nan,nan,nan,nan,nan,nan,nan,nan,nan,nan,nan,nan,nan,nan,nan,nan,nan,nan,nan,nan,nan,nan,,nan,nan,nan,,nan,,,,
nan,nan,nan,nan,nan,nan,nan,nan,nan,nan,nan,nan,nan,nan,nan,nan,nan,2182.0,0.0,0.0,0.0,0.0,0.0,0.0,0.0,11.0,0.0,0.0,0.0,0.0,0.0,0.0,0.0,2193.0,nan,nan,nan,,nan,nan,nan,nan,nan,nan,nan,,,,nan,nan,nan,nan,nan,nan,nan,nan,nan,nan,nan,nan,,nan,nan,,,nan,nan,nan,nan,nan,nan,nan,nan,nan,nan,nan,nan,nan,nan,nan,nan,nan,nan,nan,nan,nan,nan,nan,nan,,nan,nan,nan,,nan,,,,
nan,nan,nan,nan,nan,nan,nan,nan,nan,nan,nan,nan,nan,nan,nan,nan,nan,2211.0,0.0,0.0,0.0,0.0,0.0,0.0,0.0,15.0,0.0,0.0,0.0,0.0,0.0,0.0,0.0,2226.0,nan,nan,nan,,nan,nan,nan,nan,nan,nan,nan,,,,nan,nan,nan,nan,nan,nan,nan,nan,nan,nan,nan,nan,,nan,nan,,,nan,nan,nan,nan,nan,nan,nan,nan,nan,nan,nan,nan,nan,nan,nan,nan,nan,nan,nan,nan,nan,nan,nan,nan,,nan,nan,nan,,nan,,,,
nan,nan,nan,nan,nan,nan,nan,nan,nan,nan,nan,nan,nan,nan,nan,nan,nan,2145.0,0.0,0.0,0.0,0.0,0.0,0.0,0.0,18.0,0.0,0.0,0.0,0.0,0.0,0.0,0.0,2163.0,nan,nan,nan,,nan,nan,nan,nan,nan,nan,nan,,,,nan,nan,nan,nan,nan,nan,nan,nan,nan,nan,nan,nan,,nan,nan,,,nan,nan,nan,nan,nan,nan,nan,nan,nan,nan,nan,nan,nan,nan,nan,nan,nan,nan,nan,nan,nan,nan,nan,nan,,nan,nan,nan,,nan,,,,
nan,nan,nan,nan,nan,nan,nan,nan,nan,nan,nan,nan,nan,nan,nan,nan,nan,2089.0,0.0,0.0,0.0,0.0,0.0,0.0,0.0,15.0,0.0,0.0,0.0,0.0,0.0,0.0,0.0,2104.0,nan,nan,nan,,nan,nan,nan,nan,nan,nan,nan,,,,nan,nan,nan,nan,nan,nan,nan,nan,nan,nan,nan,nan,,nan,nan,,,nan,nan,nan,nan,nan,nan,nan,nan,nan,nan,nan,nan,nan,nan,nan,nan,nan,nan,nan,nan,nan,nan,nan,nan,,nan,nan,nan,,nan,,,,
nan,nan,nan,nan,nan,nan,nan,nan,nan,nan,nan,nan,nan,nan,nan,nan,nan,2160.0,0.0,0.0,0.0,0.0,0.0,0.0,0.0,15.0,0.0,0.0,0.0,0.0,0.0,0.0,0.0,2175.0,nan,nan,nan,,nan,nan,nan,nan,nan,nan,nan,,,,nan,nan,nan,nan,nan,nan,nan,nan,nan,nan,nan,nan,,nan,nan,,,nan,nan,nan,nan,nan,nan,nan,nan,nan,nan,nan,nan,nan,nan,nan,nan,nan,nan,nan,nan,nan,nan,nan,nan,,nan,nan,nan,,nan,,,,
nan,nan,nan,nan,nan,nan,nan,nan,nan,nan,nan,nan,nan,nan,nan,nan,nan,2194.0,0.0,0.0,0.0,0.0,0.0,0.0,0.0,10.0,0.0,0.0,0.0,0.0,0.0,0.0,0.0,2204.0,nan,nan,nan,,nan,nan,nan,nan,nan,nan,nan,,,,nan,nan,nan,nan,nan,nan,nan,nan,nan,nan,nan,nan,,nan,nan,,,nan,nan,nan,nan,nan,nan,nan,nan,nan,nan,nan,nan,nan,nan,nan,nan,nan,nan,nan,nan,nan,nan,nan,nan,,nan,nan,nan,,nan,,,,
nan,nan,nan,nan,nan,nan,nan,nan,nan,nan,nan,nan,nan,nan,nan,nan,nan,2132.0,0.0,0.0,0.0,0.0,0.0,0.0,0.0,12.0,0.0,0.0,0.0,0.0,0.0,0.0,0.0,2144.0,nan,nan,nan,,nan,nan,nan,nan,nan,nan,nan,,,,nan,nan,nan,nan,nan,nan,nan,nan,nan,nan,nan,nan,,nan,nan,,,nan,nan,nan,nan,nan,nan,nan,nan,nan,nan,nan,nan,nan,nan,nan,nan,nan,nan,nan,nan,nan,nan,nan,nan,,nan,nan,nan,,nan,,,,
nan,nan,nan,nan,nan,nan,nan,nan,nan,nan,nan,nan,nan,nan,nan,nan,nan,2180.0,0.0,0.0,0.0,0.0,0.0,0.0,0.0,19.0,0.0,0.0,0.0,0.0,0.0,0.0,0.0,2199.0,nan,nan,nan,,nan,nan,nan,nan,nan,nan,nan,,,,nan,nan,nan,nan,nan,nan,nan,nan,nan,nan,nan,nan,,nan,nan,,,nan,nan,nan,nan,nan,nan,nan,nan,nan,nan,nan,nan,nan,nan,nan,nan,nan,nan,nan,nan,nan,nan,nan,nan,,nan,nan,nan,,nan,,,,
nan,nan,nan,nan,nan,nan,nan,nan,nan,nan,nan,nan,nan,nan,nan,nan,nan,2186.0,0.0,0.0,0.0,0.0,0.0,0.0,0.0,14.0,0.0,0.0,0.0,0.0,0.0,0.0,0.0,2200.0,nan,nan,nan,,nan,nan,nan,nan,nan,nan,nan,,,,nan,nan,nan,nan,nan,nan,nan,nan,nan,nan,nan,nan,,nan,nan,,,nan,nan,nan,nan,nan,nan,nan,nan,nan,nan,nan,nan,nan,nan,nan,nan,nan,nan,nan,nan,nan,nan,nan,nan,,nan,nan,nan,,nan,,,,
nan,nan,nan,nan,nan,nan,nan,nan,nan,nan,nan,nan,nan,nan,nan,nan,nan,2020.0,0.0,0.0,0.0,0.0,0.0,0.0,0.0,13.0,0.0,0.0,0.0,0.0,0.0,0.0,0.0,2033.0,nan,nan,nan,,nan,nan,nan,nan,nan,nan,nan,,,,nan,nan,nan,nan,nan,nan,nan,nan,nan,nan,nan,nan,,nan,nan,,,nan,nan,nan,nan,nan,nan,nan,nan,nan,nan,nan,nan,nan,nan,nan,nan,nan,nan,nan,nan,nan,nan,nan,nan,,nan,nan,nan,,nan,,,,
nan,nan,nan,nan,nan,nan,nan,nan,nan,nan,nan,nan,nan,nan,nan,nan,nan,2125.0,0.0,0.0,0.0,0.0,0.0,0.0,0.0,17.0,0.0,0.0,0.0,0.0,0.0,0.0,0.0,2142.0,nan,nan,nan,,nan,nan,nan,nan,nan,nan,nan,,,,nan,nan,nan,nan,nan,nan,nan,nan,nan,nan,nan,nan,,nan,nan,,,nan,nan,nan,nan,nan,nan,nan,nan,nan,nan,nan,nan,nan,nan,nan,nan,nan,nan,nan,nan,nan,nan,nan,nan,,nan,nan,nan,,nan,,,,
nan,nan,nan,nan,nan,nan,nan,nan,nan,nan,nan,nan,nan,nan,nan,nan,nan,2212.0,0.0,0.0,0.0,0.0,0.0,0.0,0.0,11.0,0.0,0.0,0.0,0.0,0.0,0.0,0.0,2223.0,nan,nan,nan,,nan,nan,nan,nan,nan,nan,nan,,,,nan,nan,nan,nan,nan,nan,nan,nan,nan,nan,nan,nan,,nan,nan,,,nan,nan,nan,nan,nan,nan,nan,nan,nan,nan,nan,nan,nan,nan,nan,nan,nan,nan,nan,nan,nan,nan,nan,nan,,nan,nan,nan,,nan,,,,
nan,nan,nan,nan,nan,nan,nan,nan,nan,nan,nan,nan,nan,nan,nan,nan,nan,2165.0,0.0,0.0,0.0,0.0,0.0,0.0,0.0,14.0,0.0,0.0,0.0,0.0,0.0,0.0,0.0,2179.0,nan,nan,nan,,nan,nan,nan,nan,nan,nan,nan,,,,nan,nan,nan,nan,nan,nan,nan,nan,nan,nan,nan,nan,,nan,nan,,,nan,nan,nan,nan,nan,nan,nan,nan,nan,nan,nan,nan,nan,nan,nan,nan,nan,nan,nan,nan,nan,nan,nan,nan,,nan,nan,nan,,nan,,,,
nan,nan,nan,nan,nan,nan,nan,nan,nan,nan,nan,nan,nan,nan,nan,nan,nan,2156.0,0.0,0.0,0.0,0.0,0.0,0.0,0.0,11.0,0.0,0.0,0.0,0.0,0.0,0.0,0.0,2167.0,nan,nan,nan,,nan,nan,nan,nan,nan,nan,nan,,,,nan,nan,nan,nan,nan,nan,nan,nan,nan,nan,nan,nan,,nan,nan,,,nan,nan,nan,nan,nan,nan,nan,nan,nan,nan,nan,nan,nan,nan,nan,nan,nan,nan,nan,nan,nan,nan,nan,nan,,nan,nan,nan,,nan,,,,
nan,nan,nan,nan,nan,nan,nan,nan,nan,nan,nan,nan,nan,nan,nan,nan,nan,2196.0,0.0,0.0,0.0,0.0,0.0,0.0,0.0,11.0,0.0,0.0,0.0,0.0,0.0,0.0,0.0,2207.0,nan,nan,nan,,nan,nan,nan,nan,nan,nan,nan,,,,nan,nan,nan,nan,nan,nan,nan,nan,nan,nan,nan,nan,,nan,nan,,,nan,nan,nan,nan,nan,nan,nan,nan,nan,nan,nan,nan,nan,nan,nan,nan,nan,nan,nan,nan,nan,nan,nan,nan,,nan,nan,nan,,nan,,,,
nan,nan,nan,nan,nan,nan,nan,nan,nan,nan,nan,nan,nan,nan,nan,nan,nan,2249.0,0.0,0.0,0.0,0.0,0.0,0.0,0.0,15.0,0.0,0.0,0.0,0.0,0.0,0.0,0.0,2264.0,nan,nan,nan,,nan,nan,nan,nan,nan,nan,nan,,,,nan,nan,nan,nan,nan,nan,nan,nan,nan,nan,nan,nan,,nan,nan,,,nan,nan,nan,nan,nan,nan,nan,nan,nan,nan,nan,nan,nan,nan,nan,nan,nan,nan,nan,nan,nan,nan,nan,nan,,nan,nan,nan,,nan,,,,
nan,nan,nan,nan,nan,nan,nan,nan,nan,nan,nan,nan,nan,nan,nan,nan,nan,2076.0,0.0,0.0,0.0,0.0,0.0,0.0,0.0,14.0,0.0,0.0,0.0,0.0,0.0,0.0,0.0,2090.0,nan,nan,nan,,nan,nan,nan,nan,nan,nan,nan,,,,nan,nan,nan,nan,nan,nan,nan,nan,nan,nan,nan,nan,,nan,nan,,,nan,nan,nan,nan,nan,nan,nan,nan,nan,nan,nan,nan,nan,nan,nan,nan,nan,nan,nan,nan,nan,nan,nan,nan,,nan,nan,nan,,nan,,,,
nan,nan,nan,nan,nan,nan,nan,nan,nan,nan,nan,nan,nan,nan,nan,nan,nan,2149.0,0.0,0.0,0.0,0.0,0.0,0.0,0.0,9.0,0.0,0.0,0.0,0.0,0.0,0.0,0.0,2158.0,nan,nan,nan,,nan,nan,nan,nan,nan,nan,nan,,,,nan,nan,nan,nan,nan,nan,nan,nan,nan,nan,nan,nan,,nan,nan,,,nan,nan,nan,nan,nan,nan,nan,nan,nan,nan,nan,nan,nan,nan,nan,nan,nan,nan,nan,nan,nan,nan,nan,nan,,nan,nan,nan,,nan,,,,
nan,nan,nan,nan,nan,nan,nan,nan,nan,nan,nan,nan,nan,nan,nan,nan,nan,2063.0,0.0,0.0,0.0,0.0,0.0,0.0,0.0,17.0,0.0,0.0,0.0,0.0,0.0,0.0,0.0,2080.0,nan,nan,nan,,nan,nan,nan,nan,nan,nan,nan,,,,nan,nan,nan,nan,nan,nan,nan,nan,nan,nan,nan,nan,,nan,nan,,,nan,nan,nan,nan,nan,nan,nan,nan,nan,nan,nan,nan,nan,nan,nan,nan,nan,nan,nan,nan,nan,nan,nan,nan,,nan,nan,nan,,nan,,,,
nan,nan,nan,nan,nan,nan,nan,nan,nan,nan,nan,nan,nan,nan,nan,nan,nan,2237.0,0.0,0.0,0.0,0.0,0.0,0.0,0.0,14.0,0.0,0.0,0.0,0.0,0.0,0.0,0.0,2251.0,nan,nan,nan,,nan,nan,nan,nan,nan,nan,nan,,,,nan,nan,nan,nan,nan,nan,nan,nan,nan,nan,nan,nan,,nan,nan,,,nan,nan,nan,nan,nan,nan,nan,nan,nan,nan,nan,nan,nan,nan,nan,nan,nan,nan,nan,nan,nan,nan,nan,nan,,nan,nan,nan,,nan,,,,
nan,nan,nan,nan,nan,nan,nan,nan,nan,nan,nan,nan,nan,nan,nan,nan,nan,2106.0,0.0,0.0,0.0,0.0,0.0,0.0,0.0,12.0,0.0,0.0,0.0,0.0,0.0,0.0,0.0,2118.0,nan,nan,nan,,nan,nan,nan,nan,nan,nan,nan,,,,nan,nan,nan,nan,nan,nan,nan,nan,nan,nan,nan,nan,,nan,nan,,,nan,nan,nan,nan,nan,nan,nan,nan,nan,nan,nan,nan,nan,nan,nan,nan,nan,nan,nan,nan,nan,nan,nan,nan,,nan,nan,nan,,nan,,,,
nan,nan,nan,nan,nan,nan,nan,nan,nan,nan,nan,nan,nan,nan,nan,nan,nan,2173.0,0.0,0.0,0.0,0.0,0.0,0.0,0.0,17.0,0.0,0.0,0.0,0.0,0.0,0.0,0.0,2190.0,nan,nan,nan,,nan,nan,nan,nan,nan,nan,nan,,,,nan,nan,nan,nan,nan,nan,nan,nan,nan,nan,nan,nan,,nan,nan,,,nan,nan,nan,nan,nan,nan,nan,nan,nan,nan,nan,nan,nan,nan,nan,nan,nan,nan,nan,nan,nan,nan,nan,nan,,nan,nan,nan,,nan,,,,
nan,nan,nan,nan,nan,nan,nan,nan,nan,nan,nan,nan,nan,nan,nan,nan,nan,2068.0,0.0,0.0,0.0,0.0,0.0,0.0,0.0,12.0,0.0,0.0,0.0,0.0,0.0,0.0,0.0,2080.0,nan,nan,nan,,nan,nan,nan,nan,nan,nan,nan,,,,nan,nan,nan,nan,nan,nan,nan,nan,nan,nan,nan,nan,,nan,nan,,,nan,nan,nan,nan,nan,nan,nan,nan,nan,nan,nan,nan,nan,nan,nan,nan,nan,nan,nan,nan,nan,nan,nan,nan,,nan,nan,nan,,nan,,,,
nan,nan,nan,nan,nan,nan,nan,nan,nan,nan,nan,nan,nan,nan,nan,nan,nan,2112.0,0.0,0.0,0.0,0.0,0.0,0.0,0.0,13.0,0.0,0.0,0.0,0.0,0.0,0.0,0.0,2125.0,nan,nan,nan,,nan,nan,nan,nan,nan,nan,nan,,,,nan,nan,nan,nan,nan,nan,nan,nan,nan,nan,nan,nan,,nan,nan,,,nan,nan,nan,nan,nan,nan,nan,nan,nan,nan,nan,nan,nan,nan,nan,nan,nan,nan,nan,nan,nan,nan,nan,nan,,nan,nan,nan,,nan,,,,
nan,nan,nan,nan,nan,nan,nan,nan,nan,nan,nan,nan,nan,nan,nan,nan,nan,2201.0,0.0,0.0,0.0,0.0,0.0,0.0,0.0,4.0,0.0,0.0,0.0,0.0,0.0,0.0,0.0,2205.0,nan,nan,nan,,nan,nan,nan,nan,nan,nan,nan,,,,nan,nan,nan,nan,nan,nan,nan,nan,nan,nan,nan,nan,,nan,nan,,,nan,nan,nan,nan,nan,nan,nan,nan,nan,nan,nan,nan,nan,nan,nan,nan,nan,nan,nan,nan,nan,nan,nan,nan,,nan,nan,nan,,nan,,,,
nan,nan,nan,nan,nan,nan,nan,nan,nan,nan,nan,nan,nan,nan,nan,nan,nan,2161.0,0.0,0.0,0.0,0.0,0.0,0.0,0.0,6.0,0.0,0.0,0.0,0.0,0.0,0.0,0.0,2167.0,nan,nan,nan,,nan,nan,nan,nan,nan,nan,nan,,,,nan,nan,nan,nan,nan,nan,nan,nan,nan,nan,nan,nan,,nan,nan,,,nan,nan,nan,nan,nan,nan,nan,nan,nan,nan,nan,nan,nan,nan,nan,nan,nan,nan,nan,nan,nan,nan,nan,nan,,nan,nan,nan,,nan,,,,
nan,nan,nan,nan,nan,nan,nan,nan,nan,nan,nan,nan,nan,nan,nan,nan,nan,2118.0,0.0,0.0,0.0,0.0,0.0,0.0,0.0,12.0,0.0,0.0,0.0,0.0,0.0,0.0,0.0,2130.0,nan,nan,nan,,nan,nan,nan,nan,nan,nan,nan,,,,nan,nan,nan,nan,nan,nan,nan,nan,nan,nan,nan,nan,,nan,nan,,,nan,nan,nan,nan,nan,nan,nan,nan,nan,nan,nan,nan,nan,nan,nan,nan,nan,nan,nan,nan,nan,nan,nan,nan,,nan,nan,nan,,nan,,,,
nan,nan,nan,nan,nan,nan,nan,nan,nan,nan,nan,nan,nan,nan,nan,nan,nan,2116.0,0.0,0.0,0.0,0.0,0.0,0.0,0.0,10.0,0.0,0.0,0.0,0.0,0.0,0.0,0.0,2126.0,nan,nan,nan,,nan,nan,nan,nan,nan,nan,nan,,,,nan,nan,nan,nan,nan,nan,nan,nan,nan,nan,nan,nan,,nan,nan,,,nan,nan,nan,nan,nan,nan,nan,nan,nan,nan,nan,nan,nan,nan,nan,nan,nan,nan,nan,nan,nan,nan,nan,nan,,nan,nan,nan,,nan,,,,
nan,nan,nan,nan,nan,nan,nan,nan,nan,nan,nan,nan,nan,nan,nan,nan,nan,2174.0,0.0,0.0,0.0,0.0,0.0,0.0,0.0,6.0,0.0,0.0,0.0,0.0,0.0,0.0,0.0,2180.0,nan,nan,nan,,nan,nan,nan,nan,nan,nan,nan,,,,nan,nan,nan,nan,nan,nan,nan,nan,nan,nan,nan,nan,,nan,nan,,,nan,nan,nan,nan,nan,nan,nan,nan,nan,nan,nan,nan,nan,nan,nan,nan,nan,nan,nan,nan,nan,nan,nan,nan,,nan,nan,nan,,nan,,,,
nan,nan,nan,nan,nan,nan,nan,nan,nan,nan,nan,nan,nan,nan,nan,nan,nan,2118.0,0.0,0.0,0.0,0.0,0.0,0.0,0.0,13.0,0.0,0.0,0.0,0.0,0.0,0.0,0.0,2131.0,nan,nan,nan,,nan,nan,nan,nan,nan,nan,nan,,,,nan,nan,nan,nan,nan,nan,nan,nan,nan,nan,nan,nan,,nan,nan,,,nan,nan,nan,nan,nan,nan,nan,nan,nan,nan,nan,nan,nan,nan,nan,nan,nan,nan,nan,nan,nan,nan,nan,nan,,nan,nan,nan,,nan,,,,
nan,nan,nan,nan,nan,nan,nan,nan,nan,nan,nan,nan,nan,nan,nan,nan,nan,2144.0,0.0,0.0,0.0,0.0,0.0,0.0,0.0,16.0,0.0,0.0,0.0,0.0,0.0,0.0,0.0,2160.0,nan,nan,nan,,nan,nan,nan,nan,nan,nan,nan,,,,nan,nan,nan,nan,nan,nan,nan,nan,nan,nan,nan,nan,,nan,nan,,,nan,nan,nan,nan,nan,nan,nan,nan,nan,nan,nan,nan,nan,nan,nan,nan,nan,nan,nan,nan,nan,nan,nan,nan,,nan,nan,nan,,nan,,,,
nan,nan,nan,nan,nan,nan,nan,nan,nan,nan,nan,nan,nan,nan,nan,nan,nan,2161.0,0.0,0.0,0.0,0.0,0.0,0.0,0.0,13.0,0.0,0.0,0.0,0.0,0.0,0.0,0.0,2174.0,nan,nan,nan,,nan,nan,nan,nan,nan,nan,nan,,,,nan,nan,nan,nan,nan,nan,nan,nan,nan,nan,nan,nan,,nan,nan,,,nan,nan,nan,nan,nan,nan,nan,nan,nan,nan,nan,nan,nan,nan,nan,nan,nan,nan,nan,nan,nan,nan,nan,nan,,nan,nan,nan,,nan,,,,
nan,nan,nan,nan,nan,nan,nan,nan,nan,nan,nan,nan,nan,nan,nan,nan,nan,2151.0,0.0,0.0,0.0,0.0,0.0,0.0,0.0,19.0,0.0,0.0,0.0,0.0,0.0,0.0,0.0,2170.0,nan,nan,nan,,nan,nan,nan,nan,nan,nan,nan,,,,nan,nan,nan,nan,nan,nan,nan,nan,nan,nan,nan,nan,,nan,nan,,,nan,nan,nan,nan,nan,nan,nan,nan,nan,nan,nan,nan,nan,nan,nan,nan,nan,nan,nan,nan,nan,nan,nan,nan,,nan,nan,nan,,nan,,,,
nan,nan,nan,nan,nan,nan,nan,nan,nan,nan,nan,nan,nan,nan,nan,nan,nan,2118.0,0.0,0.0,0.0,0.0,0.0,0.0,0.0,13.0,0.0,0.0,0.0,0.0,0.0,0.0,0.0,2131.0,nan,nan,nan,,nan,nan,nan,nan,nan,nan,nan,,,,nan,nan,nan,nan,nan,nan,nan,nan,nan,nan,nan,nan,,nan,nan,,,nan,nan,nan,nan,nan,nan,nan,nan,nan,nan,nan,nan,nan,nan,nan,nan,nan,nan,nan,nan,nan,nan,nan,nan,,nan,nan,nan,,nan,,,,
nan,nan,nan,nan,nan,nan,nan,nan,nan,nan,nan,nan,nan,nan,nan,nan,nan,2072.0,0.0,0.0,0.0,0.0,0.0,0.0,0.0,17.0,0.0,0.0,0.0,0.0,0.0,0.0,0.0,2089.0,nan,nan,nan,,nan,nan,nan,nan,nan,nan,nan,,,,nan,nan,nan,nan,nan,nan,nan,nan,nan,nan,nan,nan,,nan,nan,,,nan,nan,nan,nan,nan,nan,nan,nan,nan,nan,nan,nan,nan,nan,nan,nan,nan,nan,nan,nan,nan,nan,nan,nan,,nan,nan,nan,,nan,,,,
nan,nan,nan,nan,nan,nan,nan,nan,nan,nan,nan,nan,nan,nan,nan,nan,nan,2169.0,0.0,0.0,0.0,0.0,0.0,0.0,0.0,9.0,0.0,0.0,0.0,0.0,0.0,0.0,0.0,2178.0,nan,nan,nan,,nan,nan,nan,nan,nan,nan,nan,,,,nan,nan,nan,nan,nan,nan,nan,nan,nan,nan,nan,nan,,nan,nan,,,nan,nan,nan,nan,nan,nan,nan,nan,nan,nan,nan,nan,nan,nan,nan,nan,nan,nan,nan,nan,nan,nan,nan,nan,,nan,nan,nan,,nan,,,,
nan,nan,nan,nan,nan,nan,nan,nan,nan,nan,nan,nan,nan,nan,nan,nan,nan,2092.0,0.0,0.0,0.0,0.0,0.0,0.0,0.0,14.0,0.0,0.0,0.0,0.0,0.0,0.0,0.0,2106.0,nan,nan,nan,,nan,nan,nan,nan,nan,nan,nan,,,,nan,nan,nan,nan,nan,nan,nan,nan,nan,nan,nan,nan,,nan,nan,,,nan,nan,nan,nan,nan,nan,nan,nan,nan,nan,nan,nan,nan,nan,nan,nan,nan,nan,nan,nan,nan,nan,nan,nan,,nan,nan,nan,,nan,,,,
nan,nan,nan,nan,nan,nan,nan,nan,nan,nan,nan,nan,nan,nan,nan,nan,nan,2216.0,0.0,0.0,0.0,0.0,0.0,0.0,0.0,7.0,0.0,0.0,0.0,0.0,0.0,0.0,0.0,2223.0,nan,nan,nan,,nan,nan,nan,nan,nan,nan,nan,,,,nan,nan,nan,nan,nan,nan,nan,nan,nan,nan,nan,nan,,nan,nan,,,nan,nan,nan,nan,nan,nan,nan,nan,nan,nan,nan,nan,nan,nan,nan,nan,nan,nan,nan,nan,nan,nan,nan,nan,,nan,nan,nan,,nan,,,,
nan,nan,nan,nan,nan,nan,nan,nan,nan,nan,nan,nan,nan,nan,nan,nan,nan,2196.0,0.0,0.0,0.0,0.0,0.0,0.0,0.0,10.0,0.0,0.0,0.0,0.0,0.0,0.0,0.0,2206.0,nan,nan,nan,,nan,nan,nan,nan,nan,nan,nan,,,,nan,nan,nan,nan,nan,nan,nan,nan,nan,nan,nan,nan,,nan,nan,,,nan,nan,nan,nan,nan,nan,nan,nan,nan,nan,nan,nan,nan,nan,nan,nan,nan,nan,nan,nan,nan,nan,nan,nan,,nan,nan,nan,,nan,,,,
nan,nan,nan,nan,nan,nan,nan,nan,nan,nan,nan,nan,nan,nan,nan,nan,nan,2079.0,0.0,0.0,0.0,0.0,0.0,0.0,0.0,16.0,0.0,0.0,0.0,0.0,0.0,0.0,0.0,2095.0,nan,nan,nan,,nan,nan,nan,nan,nan,nan,nan,,,,nan,nan,nan,nan,nan,nan,nan,nan,nan,nan,nan,nan,,nan,nan,,,nan,nan,nan,nan,nan,nan,nan,nan,nan,nan,nan,nan,nan,nan,nan,nan,nan,nan,nan,nan,nan,nan,nan,nan,,nan,nan,nan,,nan,,,,
nan,nan,nan,nan,nan,nan,nan,nan,nan,nan,nan,nan,nan,nan,nan,nan,nan,2158.0,0.0,0.0,0.0,0.0,0.0,0.0,0.0,15.0,0.0,0.0,0.0,0.0,0.0,0.0,0.0,2173.0,nan,nan,nan,,nan,nan,nan,nan,nan,nan,nan,,,,nan,nan,nan,nan,nan,nan,nan,nan,nan,nan,nan,nan,,nan,nan,,,nan,nan,nan,nan,nan,nan,nan,nan,nan,nan,nan,nan,nan,nan,nan,nan,nan,nan,nan,nan,nan,nan,nan,nan,,nan,nan,nan,,nan,,,,
nan,nan,nan,nan,nan,nan,nan,nan,nan,nan,nan,nan,nan,nan,nan,nan,nan,2202.0,0.0,0.0,0.0,0.0,0.0,0.0,0.0,12.0,0.0,0.0,0.0,0.0,0.0,0.0,0.0,2214.0,nan,nan,nan,,nan,nan,nan,nan,nan,nan,nan,,,,nan,nan,nan,nan,nan,nan,nan,nan,nan,nan,nan,nan,,nan,nan,,,nan,nan,nan,nan,nan,nan,nan,nan,nan,nan,nan,nan,nan,nan,nan,nan,nan,nan,nan,nan,nan,nan,nan,nan,,nan,nan,nan,,nan,,,,
nan,nan,nan,nan,nan,nan,nan,nan,nan,nan,nan,nan,nan,nan,nan,nan,nan,2072.0,0.0,0.0,0.0,0.0,0.0,0.0,0.0,13.0,0.0,0.0,0.0,0.0,0.0,0.0,0.0,2085.0,nan,nan,nan,,nan,nan,nan,nan,nan,nan,nan,,,,nan,nan,nan,nan,nan,nan,nan,nan,nan,nan,nan,nan,,nan,nan,,,nan,nan,nan,nan,nan,nan,nan,nan,nan,nan,nan,nan,nan,nan,nan,nan,nan,nan,nan,nan,nan,nan,nan,nan,,nan,nan,nan,,nan,,,,
nan,nan,nan,nan,nan,nan,nan,nan,nan,nan,nan,nan,nan,nan,nan,nan,nan,2165.0,0.0,0.0,0.0,0.0,0.0,0.0,0.0,7.0,0.0,0.0,0.0,0.0,0.0,0.0,0.0,2172.0,nan,nan,nan,,nan,nan,nan,nan,nan,nan,nan,,,,nan,nan,nan,nan,nan,nan,nan,nan,nan,nan,nan,nan,,nan,nan,,,nan,nan,nan,nan,nan,nan,nan,nan,nan,nan,nan,nan,nan,nan,nan,nan,nan,nan,nan,nan,nan,nan,nan,nan,,nan,nan,nan,,nan,,,,
nan,nan,nan,nan,nan,nan,nan,nan,nan,nan,nan,nan,nan,nan,nan,nan,nan,2112.0,0.0,0.0,0.0,0.0,0.0,0.0,0.0,9.0,0.0,0.0,0.0,0.0,0.0,0.0,0.0,2121.0,nan,nan,nan,,nan,nan,nan,nan,nan,nan,nan,,,,nan,nan,nan,nan,nan,nan,nan,nan,nan,nan,nan,nan,,nan,nan,,,nan,nan,nan,nan,nan,nan,nan,nan,nan,nan,nan,nan,nan,nan,nan,nan,nan,nan,nan,nan,nan,nan,nan,nan,,nan,nan,nan,,nan,,,,
nan,nan,nan,nan,nan,nan,nan,nan,nan,nan,nan,nan,nan,nan,nan,nan,nan,2189.0,0.0,0.0,0.0,0.0,0.0,0.0,0.0,11.0,0.0,0.0,0.0,0.0,0.0,0.0,0.0,2200.0,nan,nan,nan,,nan,nan,nan,nan,nan,nan,nan,,,,nan,nan,nan,nan,nan,nan,nan,nan,nan,nan,nan,nan,,nan,nan,,,nan,nan,nan,nan,nan,nan,nan,nan,nan,nan,nan,nan,nan,nan,nan,nan,nan,nan,nan,nan,nan,nan,nan,nan,,nan,nan,nan,,nan,,,,
nan,nan,nan,nan,nan,nan,nan,nan,nan,nan,nan,nan,nan,nan,nan,nan,nan,2191.0,0.0,0.0,0.0,0.0,0.0,0.0,0.0,17.0,0.0,0.0,0.0,0.0,0.0,0.0,0.0,2208.0,nan,nan,nan,,nan,nan,nan,nan,nan,nan,nan,,,,nan,nan,nan,nan,nan,nan,nan,nan,nan,nan,nan,nan,,nan,nan,,,nan,nan,nan,nan,nan,nan,nan,nan,nan,nan,nan,nan,nan,nan,nan,nan,nan,nan,nan,nan,nan,nan,nan,nan,,nan,nan,nan,,nan,,,,
nan,nan,nan,nan,nan,nan,nan,nan,nan,nan,nan,nan,nan,nan,nan,nan,nan,2230.0,0.0,0.0,0.0,0.0,0.0,0.0,0.0,11.0,0.0,0.0,0.0,0.0,0.0,0.0,0.0,2241.0,nan,nan,nan,,nan,nan,nan,nan,nan,nan,nan,,,,nan,nan,nan,nan,nan,nan,nan,nan,nan,nan,nan,nan,,nan,nan,,,nan,nan,nan,nan,nan,nan,nan,nan,nan,nan,nan,nan,nan,nan,nan,nan,nan,nan,nan,nan,nan,nan,nan,nan,,nan,nan,nan,,nan,,,,
nan,nan,nan,nan,nan,nan,nan,nan,nan,nan,nan,nan,nan,nan,nan,nan,nan,2119.0,0.0,0.0,0.0,0.0,0.0,0.0,0.0,4.0,0.0,0.0,0.0,0.0,0.0,0.0,0.0,2123.0,nan,nan,nan,,nan,nan,nan,nan,nan,nan,nan,,,,nan,nan,nan,nan,nan,nan,nan,nan,nan,nan,nan,nan,,nan,nan,,,nan,nan,nan,nan,nan,nan,nan,nan,nan,nan,nan,nan,nan,nan,nan,nan,nan,nan,nan,nan,nan,nan,nan,nan,,nan,nan,nan,,nan,,,,
nan,nan,nan,nan,nan,nan,nan,nan,nan,nan,nan,nan,nan,nan,nan,nan,nan,2137.0,0.0,0.0,0.0,0.0,0.0,0.0,0.0,19.0,0.0,0.0,0.0,0.0,0.0,0.0,0.0,2156.0,nan,nan,nan,,nan,nan,nan,nan,nan,nan,nan,,,,nan,nan,nan,nan,nan,nan,nan,nan,nan,nan,nan,nan,,nan,nan,,,nan,nan,nan,nan,nan,nan,nan,nan,nan,nan,nan,nan,nan,nan,nan,nan,nan,nan,nan,nan,nan,nan,nan,nan,,nan,nan,nan,,nan,,,,
nan,nan,nan,nan,nan,nan,nan,nan,nan,nan,nan,nan,nan,nan,nan,nan,nan,2107.0,0.0,0.0,0.0,0.0,0.0,0.0,0.0,17.0,0.0,0.0,0.0,0.0,0.0,0.0,0.0,2124.0,nan,nan,nan,,nan,nan,nan,nan,nan,nan,nan,,,,nan,nan,nan,nan,nan,nan,nan,nan,nan,nan,nan,nan,,nan,nan,,,nan,nan,nan,nan,nan,nan,nan,nan,nan,nan,nan,nan,nan,nan,nan,nan,nan,nan,nan,nan,nan,nan,nan,nan,,nan,nan,nan,,nan,,,,
nan,nan,nan,nan,nan,nan,nan,nan,nan,nan,nan,nan,nan,nan,nan,nan,nan,2145.0,0.0,0.0,0.0,0.0,0.0,0.0,0.0,11.0,0.0,0.0,0.0,0.0,0.0,0.0,0.0,2156.0,nan,nan,nan,,nan,nan,nan,nan,nan,nan,nan,,,,nan,nan,nan,nan,nan,nan,nan,nan,nan,nan,nan,nan,,nan,nan,,,nan,nan,nan,nan,nan,nan,nan,nan,nan,nan,nan,nan,nan,nan,nan,nan,nan,nan,nan,nan,nan,nan,nan,nan,,nan,nan,nan,,nan,,,,
nan,nan,nan,nan,nan,nan,nan,nan,nan,nan,nan,nan,nan,nan,nan,nan,nan,2147.0,0.0,0.0,0.0,0.0,0.0,0.0,0.0,17.0,0.0,0.0,0.0,0.0,0.0,0.0,0.0,2164.0,nan,nan,nan,,nan,nan,nan,nan,nan,nan,nan,,,,nan,nan,nan,nan,nan,nan,nan,nan,nan,nan,nan,nan,,nan,nan,,,nan,nan,nan,nan,nan,nan,nan,nan,nan,nan,nan,nan,nan,nan,nan,nan,nan,nan,nan,nan,nan,nan,nan,nan,,nan,nan,nan,,nan,,,,
nan,nan,nan,nan,nan,nan,nan,nan,nan,nan,nan,nan,nan,nan,nan,nan,nan,2186.0,0.0,0.0,0.0,0.0,0.0,0.0,0.0,15.0,0.0,0.0,0.0,0.0,0.0,0.0,0.0,2201.0,nan,nan,nan,,nan,nan,nan,nan,nan,nan,nan,,,,nan,nan,nan,nan,nan,nan,nan,nan,nan,nan,nan,nan,,nan,nan,,,nan,nan,nan,nan,nan,nan,nan,nan,nan,nan,nan,nan,nan,nan,nan,nan,nan,nan,nan,nan,nan,nan,nan,nan,,nan,nan,nan,,nan,,,,
nan,nan,nan,nan,nan,nan,nan,nan,nan,nan,nan,nan,nan,nan,nan,nan,nan,2146.0,0.0,0.0,0.0,0.0,0.0,0.0,0.0,13.0,0.0,0.0,0.0,0.0,0.0,0.0,0.0,2159.0,nan,nan,nan,,nan,nan,nan,nan,nan,nan,nan,,,,nan,nan,nan,nan,nan,nan,nan,nan,nan,nan,nan,nan,,nan,nan,,,nan,nan,nan,nan,nan,nan,nan,nan,nan,nan,nan,nan,nan,nan,nan,nan,nan,nan,nan,nan,nan,nan,nan,nan,,nan,nan,nan,,nan,,,,
nan,nan,nan,nan,nan,nan,nan,nan,nan,nan,nan,nan,nan,nan,nan,nan,nan,2093.0,0.0,0.0,0.0,0.0,0.0,0.0,0.0,12.0,0.0,0.0,0.0,0.0,0.0,0.0,0.0,2105.0,nan,nan,nan,,nan,nan,nan,nan,nan,nan,nan,,,,nan,nan,nan,nan,nan,nan,nan,nan,nan,nan,nan,nan,,nan,nan,,,nan,nan,nan,nan,nan,nan,nan,nan,nan,nan,nan,nan,nan,nan,nan,nan,nan,nan,nan,nan,nan,nan,nan,nan,,nan,nan,nan,,nan,,,,
nan,nan,nan,nan,nan,nan,nan,nan,nan,nan,nan,nan,nan,nan,nan,nan,nan,2197.0,0.0,0.0,0.0,0.0,0.0,0.0,0.0,15.0,0.0,0.0,0.0,0.0,0.0,0.0,0.0,2212.0,nan,nan,nan,,nan,nan,nan,nan,nan,nan,nan,,,,nan,nan,nan,nan,nan,nan,nan,nan,nan,nan,nan,nan,,nan,nan,,,nan,nan,nan,nan,nan,nan,nan,nan,nan,nan,nan,nan,nan,nan,nan,nan,nan,nan,nan,nan,nan,nan,nan,nan,,nan,nan,nan,,nan,,,,
nan,nan,nan,nan,nan,nan,nan,nan,nan,nan,nan,nan,nan,nan,nan,nan,nan,2191.0,0.0,0.0,0.0,0.0,0.0,0.0,0.0,10.0,0.0,0.0,0.0,0.0,0.0,0.0,0.0,2201.0,nan,nan,nan,,nan,nan,nan,nan,nan,nan,nan,,,,nan,nan,nan,nan,nan,nan,nan,nan,nan,nan,nan,nan,,nan,nan,,,nan,nan,nan,nan,nan,nan,nan,nan,nan,nan,nan,nan,nan,nan,nan,nan,nan,nan,nan,nan,nan,nan,nan,nan,,nan,nan,nan,,nan,,,,
nan,nan,nan,nan,nan,nan,nan,nan,nan,nan,nan,nan,nan,nan,nan,nan,nan,2115.0,0.0,0.0,0.0,0.0,0.0,0.0,0.0,15.0,0.0,0.0,0.0,0.0,0.0,0.0,0.0,2130.0,nan,nan,nan,,nan,nan,nan,nan,nan,nan,nan,,,,nan,nan,nan,nan,nan,nan,nan,nan,nan,nan,nan,nan,,nan,nan,,,nan,nan,nan,nan,nan,nan,nan,nan,nan,nan,nan,nan,nan,nan,nan,nan,nan,nan,nan,nan,nan,nan,nan,nan,,nan,nan,nan,,nan,,,,
nan,nan,nan,nan,nan,nan,nan,nan,nan,nan,nan,nan,nan,nan,nan,nan,nan,2191.0,0.0,0.0,0.0,0.0,0.0,0.0,0.0,15.0,0.0,0.0,0.0,0.0,0.0,0.0,0.0,2206.0,nan,nan,nan,,nan,nan,nan,nan,nan,nan,nan,,,,nan,nan,nan,nan,nan,nan,nan,nan,nan,nan,nan,nan,,nan,nan,,,nan,nan,nan,nan,nan,nan,nan,nan,nan,nan,nan,nan,nan,nan,nan,nan,nan,nan,nan,nan,nan,nan,nan,nan,,nan,nan,nan,,nan,,,,
nan,nan,nan,nan,nan,nan,nan,nan,nan,nan,nan,nan,nan,nan,nan,nan,nan,2201.0,0.0,0.0,0.0,0.0,0.0,0.0,0.0,11.0,0.0,0.0,0.0,0.0,0.0,0.0,0.0,2212.0,nan,nan,nan,,nan,nan,nan,nan,nan,nan,nan,,,,nan,nan,nan,nan,nan,nan,nan,nan,nan,nan,nan,nan,,nan,nan,,,nan,nan,nan,nan,nan,nan,nan,nan,nan,nan,nan,nan,nan,nan,nan,nan,nan,nan,nan,nan,nan,nan,nan,nan,,nan,nan,nan,,nan,,,,
nan,nan,nan,nan,nan,nan,nan,nan,nan,nan,nan,nan,nan,nan,nan,nan,nan,2135.0,0.0,0.0,0.0,0.0,0.0,0.0,0.0,17.0,0.0,0.0,0.0,0.0,0.0,0.0,0.0,2152.0,nan,nan,nan,,nan,nan,nan,nan,nan,nan,nan,,,,nan,nan,nan,nan,nan,nan,nan,nan,nan,nan,nan,nan,,nan,nan,,,nan,nan,nan,nan,nan,nan,nan,nan,nan,nan,nan,nan,nan,nan,nan,nan,nan,nan,nan,nan,nan,nan,nan,nan,,nan,nan,nan,,nan,,,,
nan,nan,nan,nan,nan,nan,nan,nan,nan,nan,nan,nan,nan,nan,nan,nan,nan,2145.0,0.0,0.0,0.0,0.0,0.0,0.0,0.0,9.0,0.0,0.0,0.0,0.0,0.0,0.0,0.0,2154.0,nan,nan,nan,,nan,nan,nan,nan,nan,nan,nan,,,,nan,nan,nan,nan,nan,nan,nan,nan,nan,nan,nan,nan,,nan,nan,,,nan,nan,nan,nan,nan,nan,nan,nan,nan,nan,nan,nan,nan,nan,nan,nan,nan,nan,nan,nan,nan,nan,nan,nan,,nan,nan,nan,,nan,,,,
nan,nan,nan,nan,nan,nan,nan,nan,nan,nan,nan,nan,nan,nan,nan,nan,nan,2108.0,0.0,0.0,0.0,0.0,0.0,0.0,0.0,10.0,0.0,0.0,0.0,0.0,0.0,0.0,0.0,2118.0,nan,nan,nan,,nan,nan,nan,nan,nan,nan,nan,,,,nan,nan,nan,nan,nan,nan,nan,nan,nan,nan,nan,nan,,nan,nan,,,nan,nan,nan,nan,nan,nan,nan,nan,nan,nan,nan,nan,nan,nan,nan,nan,nan,nan,nan,nan,nan,nan,nan,nan,,nan,nan,nan,,nan,,,,
nan,nan,nan,nan,nan,nan,nan,nan,nan,nan,nan,nan,nan,nan,nan,nan,nan,2056.0,0.0,0.0,0.0,0.0,0.0,0.0,0.0,15.0,0.0,0.0,0.0,0.0,0.0,0.0,0.0,2071.0,nan,nan,nan,,nan,nan,nan,nan,nan,nan,nan,,,,nan,nan,nan,nan,nan,nan,nan,nan,nan,nan,nan,nan,,nan,nan,,,nan,nan,nan,nan,nan,nan,nan,nan,nan,nan,nan,nan,nan,nan,nan,nan,nan,nan,nan,nan,nan,nan,nan,nan,,nan,nan,nan,,nan,,,,
nan,nan,nan,nan,nan,nan,nan,nan,nan,nan,nan,nan,nan,nan,nan,nan,nan,2225.0,0.0,0.0,0.0,0.0,0.0,0.0,0.0,15.0,0.0,0.0,0.0,0.0,0.0,0.0,0.0,2240.0,nan,nan,nan,,nan,nan,nan,nan,nan,nan,nan,,,,nan,nan,nan,nan,nan,nan,nan,nan,nan,nan,nan,nan,,nan,nan,,,nan,nan,nan,nan,nan,nan,nan,nan,nan,nan,nan,nan,nan,nan,nan,nan,nan,nan,nan,nan,nan,nan,nan,nan,,nan,nan,nan,,nan,,,,
nan,nan,nan,nan,nan,nan,nan,nan,nan,nan,nan,nan,nan,nan,nan,nan,nan,2145.0,0.0,0.0,0.0,0.0,0.0,0.0,0.0,14.0,0.0,0.0,0.0,0.0,0.0,0.0,0.0,2159.0,nan,nan,nan,,nan,nan,nan,nan,nan,nan,nan,,,,nan,nan,nan,nan,nan,nan,nan,nan,nan,nan,nan,nan,,nan,nan,,,nan,nan,nan,nan,nan,nan,nan,nan,nan,nan,nan,nan,nan,nan,nan,nan,nan,nan,nan,nan,nan,nan,nan,nan,,nan,nan,nan,,nan,,,,
nan,nan,nan,nan,nan,nan,nan,nan,nan,nan,nan,nan,nan,nan,nan,nan,nan,2171.0,0.0,0.0,0.0,0.0,0.0,0.0,0.0,12.0,0.0,0.0,0.0,0.0,0.0,0.0,0.0,2183.0,nan,nan,nan,,nan,nan,nan,nan,nan,nan,nan,,,,nan,nan,nan,nan,nan,nan,nan,nan,nan,nan,nan,nan,,nan,nan,,,nan,nan,nan,nan,nan,nan,nan,nan,nan,nan,nan,nan,nan,nan,nan,nan,nan,nan,nan,nan,nan,nan,nan,nan,,nan,nan,nan,,nan,,,,
nan,nan,nan,nan,nan,nan,nan,nan,nan,nan,nan,nan,nan,nan,nan,nan,nan,2074.0,0.0,0.0,0.0,0.0,0.0,0.0,0.0,15.0,0.0,0.0,0.0,0.0,0.0,0.0,0.0,2089.0,nan,nan,nan,,nan,nan,nan,nan,nan,nan,nan,,,,nan,nan,nan,nan,nan,nan,nan,nan,nan,nan,nan,nan,,nan,nan,,,nan,nan,nan,nan,nan,nan,nan,nan,nan,nan,nan,nan,nan,nan,nan,nan,nan,nan,nan,nan,nan,nan,nan,nan,,nan,nan,nan,,nan,,,,
nan,nan,nan,nan,nan,nan,nan,nan,nan,nan,nan,nan,nan,nan,nan,nan,nan,2176.0,0.0,0.0,0.0,0.0,0.0,0.0,0.0,10.0,0.0,0.0,0.0,0.0,0.0,0.0,0.0,2186.0,nan,nan,nan,,nan,nan,nan,nan,nan,nan,nan,,,,nan,nan,nan,nan,nan,nan,nan,nan,nan,nan,nan,nan,,nan,nan,,,nan,nan,nan,nan,nan,nan,nan,nan,nan,nan,nan,nan,nan,nan,nan,nan,nan,nan,nan,nan,nan,nan,nan,nan,,nan,nan,nan,,nan,,,,
nan,nan,nan,nan,nan,nan,nan,nan,nan,nan,nan,nan,nan,nan,nan,nan,nan,2156.0,0.0,0.0,0.0,0.0,0.0,0.0,0.0,15.0,0.0,0.0,0.0,0.0,0.0,0.0,0.0,2171.0,nan,nan,nan,,nan,nan,nan,nan,nan,nan,nan,,,,nan,nan,nan,nan,nan,nan,nan,nan,nan,nan,nan,nan,,nan,nan,,,nan,nan,nan,nan,nan,nan,nan,nan,nan,nan,nan,nan,nan,nan,nan,nan,nan,nan,nan,nan,nan,nan,nan,nan,,nan,nan,nan,,nan,,,,
nan,nan,nan,nan,nan,nan,nan,nan,nan,nan,nan,nan,nan,nan,nan,nan,nan,2196.0,0.0,0.0,0.0,0.0,0.0,0.0,0.0,13.0,0.0,0.0,0.0,0.0,0.0,0.0,0.0,2209.0,nan,nan,nan,,nan,nan,nan,nan,nan,nan,nan,,,,nan,nan,nan,nan,nan,nan,nan,nan,nan,nan,nan,nan,,nan,nan,,,nan,nan,nan,nan,nan,nan,nan,nan,nan,nan,nan,nan,nan,nan,nan,nan,nan,nan,nan,nan,nan,nan,nan,nan,,nan,nan,nan,,nan,,,,
nan,nan,nan,nan,nan,nan,nan,nan,nan,nan,nan,nan,nan,nan,nan,nan,nan,2146.0,0.0,0.0,0.0,0.0,0.0,0.0,0.0,10.0,0.0,0.0,0.0,0.0,0.0,0.0,0.0,2156.0,nan,nan,nan,,nan,nan,nan,nan,nan,nan,nan,,,,nan,nan,nan,nan,nan,nan,nan,nan,nan,nan,nan,nan,,nan,nan,,,nan,nan,nan,nan,nan,nan,nan,nan,nan,nan,nan,nan,nan,nan,nan,nan,nan,nan,nan,nan,nan,nan,nan,nan,,nan,nan,nan,,nan,,,,
nan,nan,nan,nan,nan,nan,nan,nan,nan,nan,nan,nan,nan,nan,nan,nan,nan,2175.0,0.0,0.0,0.0,0.0,0.0,0.0,0.0,10.0,0.0,0.0,0.0,0.0,0.0,0.0,0.0,2185.0,nan,nan,nan,,nan,nan,nan,nan,nan,nan,nan,,,,nan,nan,nan,nan,nan,nan,nan,nan,nan,nan,nan,nan,,nan,nan,,,nan,nan,nan,nan,nan,nan,nan,nan,nan,nan,nan,nan,nan,nan,nan,nan,nan,nan,nan,nan,nan,nan,nan,nan,,nan,nan,nan,,nan,,,,
nan,nan,nan,nan,nan,nan,nan,nan,nan,nan,nan,nan,nan,nan,nan,nan,nan,2192.0,0.0,0.0,0.0,0.0,0.0,0.0,0.0,8.0,0.0,0.0,0.0,0.0,0.0,0.0,0.0,2200.0,nan,nan,nan,,nan,nan,nan,nan,nan,nan,nan,,,,nan,nan,nan,nan,nan,nan,nan,nan,nan,nan,nan,nan,,nan,nan,,,nan,nan,nan,nan,nan,nan,nan,nan,nan,nan,nan,nan,nan,nan,nan,nan,nan,nan,nan,nan,nan,nan,nan,nan,,nan,nan,nan,,nan,,,,
nan,nan,nan,nan,nan,nan,nan,nan,nan,nan,nan,nan,nan,nan,nan,nan,nan,2131.0,0.0,0.0,0.0,0.0,0.0,0.0,0.0,20.0,0.0,0.0,0.0,0.0,0.0,0.0,0.0,2151.0,nan,nan,nan,,nan,nan,nan,nan,nan,nan,nan,,,,nan,nan,nan,nan,nan,nan,nan,nan,nan,nan,nan,nan,,nan,nan,,,nan,nan,nan,nan,nan,nan,nan,nan,nan,nan,nan,nan,nan,nan,nan,nan,nan,nan,nan,nan,nan,nan,nan,nan,,nan,nan,nan,,nan,,,,
nan,nan,nan,nan,nan,nan,nan,nan,nan,nan,nan,nan,nan,nan,nan,nan,nan,2115.0,0.0,0.0,0.0,0.0,0.0,0.0,0.0,13.0,0.0,0.0,0.0,0.0,0.0,0.0,0.0,2128.0,nan,nan,nan,,nan,nan,nan,nan,nan,nan,nan,,,,nan,nan,nan,nan,nan,nan,nan,nan,nan,nan,nan,nan,,nan,nan,,,nan,nan,nan,nan,nan,nan,nan,nan,nan,nan,nan,nan,nan,nan,nan,nan,nan,nan,nan,nan,nan,nan,nan,nan,,nan,nan,nan,,nan,,,,
nan,nan,nan,nan,nan,nan,nan,nan,nan,nan,nan,nan,nan,nan,nan,nan,nan,2186.0,0.0,0.0,0.0,0.0,0.0,0.0,0.0,10.0,0.0,0.0,0.0,0.0,0.0,0.0,0.0,2196.0,nan,nan,nan,,nan,nan,nan,nan,nan,nan,nan,,,,nan,nan,nan,nan,nan,nan,nan,nan,nan,nan,nan,nan,,nan,nan,,,nan,nan,nan,nan,nan,nan,nan,nan,nan,nan,nan,nan,nan,nan,nan,nan,nan,nan,nan,nan,nan,nan,nan,nan,,nan,nan,nan,,nan,,,,
nan,nan,nan,nan,nan,nan,nan,nan,nan,nan,nan,nan,nan,nan,nan,nan,nan,2059.0,0.0,0.0,0.0,0.0,0.0,0.0,0.0,15.0,0.0,0.0,0.0,0.0,0.0,0.0,0.0,2074.0,nan,nan,nan,,nan,nan,nan,nan,nan,nan,nan,,,,nan,nan,nan,nan,nan,nan,nan,nan,nan,nan,nan,nan,,nan,nan,,,nan,nan,nan,nan,nan,nan,nan,nan,nan,nan,nan,nan,nan,nan,nan,nan,nan,nan,nan,nan,nan,nan,nan,nan,,nan,nan,nan,,nan,,,,
nan,nan,nan,nan,nan,nan,nan,nan,nan,nan,nan,nan,nan,nan,nan,nan,nan,2213.0,0.0,0.0,0.0,0.0,0.0,0.0,0.0,23.0,0.0,0.0,0.0,0.0,0.0,0.0,0.0,2236.0,nan,nan,nan,,nan,nan,nan,nan,nan,nan,nan,,,,nan,nan,nan,nan,nan,nan,nan,nan,nan,nan,nan,nan,,nan,nan,,,nan,nan,nan,nan,nan,nan,nan,nan,nan,nan,nan,nan,nan,nan,nan,nan,nan,nan,nan,nan,nan,nan,nan,nan,,nan,nan,nan,,nan,,,,
nan,nan,nan,nan,nan,nan,nan,nan,nan,nan,nan,nan,nan,nan,nan,nan,nan,2166.0,0.0,0.0,0.0,0.0,0.0,0.0,0.0,7.0,0.0,0.0,0.0,0.0,0.0,0.0,0.0,2173.0,nan,nan,nan,,nan,nan,nan,nan,nan,nan,nan,,,,nan,nan,nan,nan,nan,nan,nan,nan,nan,nan,nan,nan,,nan,nan,,,nan,nan,nan,nan,nan,nan,nan,nan,nan,nan,nan,nan,nan,nan,nan,nan,nan,nan,nan,nan,nan,nan,nan,nan,,nan,nan,nan,,nan,,,,
nan,nan,nan,nan,nan,nan,nan,nan,nan,nan,nan,nan,nan,nan,nan,nan,nan,2191.0,0.0,0.0,0.0,0.0,0.0,0.0,0.0,9.0,0.0,0.0,0.0,0.0,0.0,0.0,0.0,2200.0,nan,nan,nan,,nan,nan,nan,nan,nan,nan,nan,,,,nan,nan,nan,nan,nan,nan,nan,nan,nan,nan,nan,nan,,nan,nan,,,nan,nan,nan,nan,nan,nan,nan,nan,nan,nan,nan,nan,nan,nan,nan,nan,nan,nan,nan,nan,nan,nan,nan,nan,,nan,nan,nan,,nan,,,,
nan,nan,nan,nan,nan,nan,nan,nan,nan,nan,nan,nan,nan,nan,nan,nan,nan,2155.0,0.0,0.0,0.0,0.0,0.0,0.0,0.0,10.0,0.0,0.0,0.0,0.0,0.0,0.0,0.0,2165.0,nan,nan,nan,,nan,nan,nan,nan,nan,nan,nan,,,,nan,nan,nan,nan,nan,nan,nan,nan,nan,nan,nan,nan,,nan,nan,,,nan,nan,nan,nan,nan,nan,nan,nan,nan,nan,nan,nan,nan,nan,nan,nan,nan,nan,nan,nan,nan,nan,nan,nan,,nan,nan,nan,,nan,,,,
nan,nan,nan,nan,nan,nan,nan,nan,nan,nan,nan,nan,nan,nan,nan,nan,nan,2213.0,0.0,0.0,0.0,0.0,0.0,0.0,0.0,12.0,0.0,0.0,0.0,0.0,0.0,0.0,0.0,2225.0,nan,nan,nan,,nan,nan,nan,nan,nan,nan,nan,,,,nan,nan,nan,nan,nan,nan,nan,nan,nan,nan,nan,nan,,nan,nan,,,nan,nan,nan,nan,nan,nan,nan,nan,nan,nan,nan,nan,nan,nan,nan,nan,nan,nan,nan,nan,nan,nan,nan,nan,,nan,nan,nan,,nan,,,,
nan,nan,nan,nan,nan,nan,nan,nan,nan,nan,nan,nan,nan,nan,nan,nan,nan,2223.0,0.0,0.0,0.0,0.0,0.0,0.0,0.0,19.0,0.0,0.0,0.0,0.0,0.0,0.0,0.0,2242.0,nan,nan,nan,,nan,nan,nan,nan,nan,nan,nan,,,,nan,nan,nan,nan,nan,nan,nan,nan,nan,nan,nan,nan,,nan,nan,,,nan,nan,nan,nan,nan,nan,nan,nan,nan,nan,nan,nan,nan,nan,nan,nan,nan,nan,nan,nan,nan,nan,nan,nan,,nan,nan,nan,,nan,,,,
nan,nan,nan,nan,nan,nan,nan,nan,nan,nan,nan,nan,nan,nan,nan,nan,nan,2175.0,0.0,0.0,0.0,0.0,0.0,0.0,0.0,10.0,0.0,0.0,0.0,0.0,0.0,0.0,0.0,2185.0,nan,nan,nan,,nan,nan,nan,nan,nan,nan,nan,,,,nan,nan,nan,nan,nan,nan,nan,nan,nan,nan,nan,nan,,nan,nan,,,nan,nan,nan,nan,nan,nan,nan,nan,nan,nan,nan,nan,nan,nan,nan,nan,nan,nan,nan,nan,nan,nan,nan,nan,,nan,nan,nan,,nan,,,,
nan,nan,nan,nan,nan,nan,nan,nan,nan,nan,nan,nan,nan,nan,nan,nan,nan,2152.0,0.0,0.0,0.0,0.0,0.0,0.0,0.0,18.0,0.0,0.0,0.0,0.0,0.0,0.0,0.0,2170.0,nan,nan,nan,,nan,nan,nan,nan,nan,nan,nan,,,,nan,nan,nan,nan,nan,nan,nan,nan,nan,nan,nan,nan,,nan,nan,,,nan,nan,nan,nan,nan,nan,nan,nan,nan,nan,nan,nan,nan,nan,nan,nan,nan,nan,nan,nan,nan,nan,nan,nan,,nan,nan,nan,,nan,,,,
nan,nan,nan,nan,nan,nan,nan,nan,nan,nan,nan,nan,nan,nan,nan,nan,nan,2225.0,0.0,0.0,0.0,0.0,0.0,0.0,0.0,16.0,0.0,0.0,0.0,0.0,0.0,0.0,0.0,2241.0,nan,nan,nan,,nan,nan,nan,nan,nan,nan,nan,,,,nan,nan,nan,nan,nan,nan,nan,nan,nan,nan,nan,nan,,nan,nan,,,nan,nan,nan,nan,nan,nan,nan,nan,nan,nan,nan,nan,nan,nan,nan,nan,nan,nan,nan,nan,nan,nan,nan,nan,,nan,nan,nan,,nan,,,,
nan,nan,nan,nan,nan,nan,nan,nan,nan,nan,nan,nan,nan,nan,nan,nan,nan,2109.0,0.0,0.0,0.0,0.0,0.0,0.0,0.0,15.0,0.0,0.0,0.0,0.0,0.0,0.0,0.0,2124.0,nan,nan,nan,,nan,nan,nan,nan,nan,nan,nan,,,,nan,nan,nan,nan,nan,nan,nan,nan,nan,nan,nan,nan,,nan,nan,,,nan,nan,nan,nan,nan,nan,nan,nan,nan,nan,nan,nan,nan,nan,nan,nan,nan,nan,nan,nan,nan,nan,nan,nan,,nan,nan,nan,,nan,,,,
nan,nan,nan,nan,nan,nan,nan,nan,nan,nan,nan,nan,nan,nan,nan,nan,nan,2147.0,0.0,0.0,0.0,0.0,0.0,0.0,0.0,9.0,0.0,0.0,0.0,0.0,0.0,0.0,0.0,2156.0,nan,nan,nan,,nan,nan,nan,nan,nan,nan,nan,,,,nan,nan,nan,nan,nan,nan,nan,nan,nan,nan,nan,nan,,nan,nan,,,nan,nan,nan,nan,nan,nan,nan,nan,nan,nan,nan,nan,nan,nan,nan,nan,nan,nan,nan,nan,nan,nan,nan,nan,,nan,nan,nan,,nan,,,,
nan,nan,nan,nan,nan,nan,nan,nan,nan,nan,nan,nan,nan,nan,nan,nan,nan,2084.0,0.0,0.0,0.0,0.0,0.0,0.0,0.0,14.0,0.0,0.0,0.0,0.0,0.0,0.0,0.0,2098.0,nan,nan,nan,,nan,nan,nan,nan,nan,nan,nan,,,,nan,nan,nan,nan,nan,nan,nan,nan,nan,nan,nan,nan,,nan,nan,,,nan,nan,nan,nan,nan,nan,nan,nan,nan,nan,nan,nan,nan,nan,nan,nan,nan,nan,nan,nan,nan,nan,nan,nan,,nan,nan,nan,,nan,,,,
nan,nan,nan,nan,nan,nan,nan,nan,nan,nan,nan,nan,nan,nan,nan,nan,nan,2143.0,0.0,0.0,0.0,0.0,0.0,0.0,0.0,20.0,0.0,0.0,0.0,0.0,0.0,0.0,0.0,2163.0,nan,nan,nan,,nan,nan,nan,nan,nan,nan,nan,,,,nan,nan,nan,nan,nan,nan,nan,nan,nan,nan,nan,nan,,nan,nan,,,nan,nan,nan,nan,nan,nan,nan,nan,nan,nan,nan,nan,nan,nan,nan,nan,nan,nan,nan,nan,nan,nan,nan,nan,,nan,nan,nan,,nan,,,,
nan,nan,nan,nan,nan,nan,nan,nan,nan,nan,nan,nan,nan,nan,nan,nan,nan,2175.0,0.0,0.0,0.0,0.0,0.0,0.0,0.0,17.0,0.0,0.0,0.0,0.0,0.0,0.0,0.0,2192.0,nan,nan,nan,,nan,nan,nan,nan,nan,nan,nan,,,,nan,nan,nan,nan,nan,nan,nan,nan,nan,nan,nan,nan,,nan,nan,,,nan,nan,nan,nan,nan,nan,nan,nan,nan,nan,nan,nan,nan,nan,nan,nan,nan,nan,nan,nan,nan,nan,nan,nan,,nan,nan,nan,,nan,,,,
nan,nan,nan,nan,nan,nan,nan,nan,nan,nan,nan,nan,nan,nan,nan,nan,nan,2136.0,0.0,0.0,0.0,0.0,0.0,0.0,0.0,17.0,0.0,0.0,0.0,0.0,0.0,0.0,0.0,2153.0,nan,nan,nan,,nan,nan,nan,nan,nan,nan,nan,,,,nan,nan,nan,nan,nan,nan,nan,nan,nan,nan,nan,nan,,nan,nan,,,nan,nan,nan,nan,nan,nan,nan,nan,nan,nan,nan,nan,nan,nan,nan,nan,nan,nan,nan,nan,nan,nan,nan,nan,,nan,nan,nan,,nan,,,,
nan,nan,nan,nan,nan,nan,nan,nan,nan,nan,nan,nan,nan,nan,nan,nan,nan,2161.0,0.0,0.0,0.0,0.0,0.0,0.0,0.0,15.0,0.0,0.0,0.0,0.0,0.0,0.0,0.0,2176.0,nan,nan,nan,,nan,nan,nan,nan,nan,nan,nan,,,,nan,nan,nan,nan,nan,nan,nan,nan,nan,nan,nan,nan,,nan,nan,,,nan,nan,nan,nan,nan,nan,nan,nan,nan,nan,nan,nan,nan,nan,nan,nan,nan,nan,nan,nan,nan,nan,nan,nan,,nan,nan,nan,,nan,,,,
nan,nan,nan,nan,nan,nan,nan,nan,nan,nan,nan,nan,nan,nan,nan,nan,nan,2175.0,0.0,0.0,0.0,0.0,0.0,0.0,0.0,9.0,0.0,0.0,0.0,0.0,0.0,0.0,0.0,2184.0,nan,nan,nan,,nan,nan,nan,nan,nan,nan,nan,,,,nan,nan,nan,nan,nan,nan,nan,nan,nan,nan,nan,nan,,nan,nan,,,nan,nan,nan,nan,nan,nan,nan,nan,nan,nan,nan,nan,nan,nan,nan,nan,nan,nan,nan,nan,nan,nan,nan,nan,,nan,nan,nan,,nan,,,,
nan,nan,nan,nan,nan,nan,nan,nan,nan,nan,nan,nan,nan,nan,nan,nan,nan,2120.0,0.0,0.0,0.0,0.0,0.0,0.0,0.0,7.0,0.0,0.0,0.0,0.0,0.0,0.0,0.0,2127.0,nan,nan,nan,,nan,nan,nan,nan,nan,nan,nan,,,,nan,nan,nan,nan,nan,nan,nan,nan,nan,nan,nan,nan,,nan,nan,,,nan,nan,nan,nan,nan,nan,nan,nan,nan,nan,nan,nan,nan,nan,nan,nan,nan,nan,nan,nan,nan,nan,nan,nan,,nan,nan,nan,,nan,,,,
nan,nan,nan,nan,nan,nan,nan,nan,nan,nan,nan,nan,nan,nan,nan,nan,nan,2118.0,0.0,0.0,0.0,0.0,0.0,0.0,0.0,17.0,0.0,0.0,0.0,0.0,0.0,0.0,0.0,2135.0,nan,nan,nan,,nan,nan,nan,nan,nan,nan,nan,,,,nan,nan,nan,nan,nan,nan,nan,nan,nan,nan,nan,nan,,nan,nan,,,nan,nan,nan,nan,nan,nan,nan,nan,nan,nan,nan,nan,nan,nan,nan,nan,nan,nan,nan,nan,nan,nan,nan,nan,,nan,nan,nan,,nan,,,,
nan,nan,nan,nan,nan,nan,nan,nan,nan,nan,nan,nan,nan,nan,nan,nan,nan,2192.0,0.0,0.0,0.0,0.0,0.0,0.0,0.0,8.0,0.0,0.0,0.0,0.0,0.0,0.0,0.0,2200.0,nan,nan,nan,,nan,nan,nan,nan,nan,nan,nan,,,,nan,nan,nan,nan,nan,nan,nan,nan,nan,nan,nan,nan,,nan,nan,,,nan,nan,nan,nan,nan,nan,nan,nan,nan,nan,nan,nan,nan,nan,nan,nan,nan,nan,nan,nan,nan,nan,nan,nan,,nan,nan,nan,,nan,,,,
nan,nan,nan,nan,nan,nan,nan,nan,nan,nan,nan,nan,nan,nan,nan,nan,nan,2188.0,0.0,0.0,0.0,0.0,0.0,0.0,0.0,12.0,0.0,0.0,0.0,0.0,0.0,0.0,0.0,2200.0,nan,nan,nan,,nan,nan,nan,nan,nan,nan,nan,,,,nan,nan,nan,nan,nan,nan,nan,nan,nan,nan,nan,nan,,nan,nan,,,nan,nan,nan,nan,nan,nan,nan,nan,nan,nan,nan,nan,nan,nan,nan,nan,nan,nan,nan,nan,nan,nan,nan,nan,,nan,nan,nan,,nan,,,,
nan,nan,nan,nan,nan,nan,nan,nan,nan,nan,nan,nan,nan,nan,nan,nan,nan,2069.0,0.0,0.0,0.0,0.0,0.0,0.0,0.0,10.0,0.0,0.0,0.0,0.0,0.0,0.0,0.0,2079.0,nan,nan,nan,,nan,nan,nan,nan,nan,nan,nan,,,,nan,nan,nan,nan,nan,nan,nan,nan,nan,nan,nan,nan,,nan,nan,,,nan,nan,nan,nan,nan,nan,nan,nan,nan,nan,nan,nan,nan,nan,nan,nan,nan,nan,nan,nan,nan,nan,nan,nan,,nan,nan,nan,,nan,,,,
nan,nan,nan,nan,nan,nan,nan,nan,nan,nan,nan,nan,nan,nan,nan,nan,nan,2178.0,0.0,0.0,0.0,0.0,0.0,0.0,0.0,16.0,0.0,0.0,0.0,0.0,0.0,0.0,0.0,2194.0,nan,nan,nan,,nan,nan,nan,nan,nan,nan,nan,,,,nan,nan,nan,nan,nan,nan,nan,nan,nan,nan,nan,nan,,nan,nan,,,nan,nan,nan,nan,nan,nan,nan,nan,nan,nan,nan,nan,nan,nan,nan,nan,nan,nan,nan,nan,nan,nan,nan,nan,,nan,nan,nan,,nan,,,,
nan,nan,nan,nan,nan,nan,nan,nan,nan,nan,nan,nan,nan,nan,nan,nan,nan,2149.0,0.0,0.0,0.0,0.0,0.0,0.0,0.0,15.0,0.0,0.0,0.0,0.0,0.0,0.0,0.0,2164.0,nan,nan,nan,,nan,nan,nan,nan,nan,nan,nan,,,,nan,nan,nan,nan,nan,nan,nan,nan,nan,nan,nan,nan,,nan,nan,,,nan,nan,nan,nan,nan,nan,nan,nan,nan,nan,nan,nan,nan,nan,nan,nan,nan,nan,nan,nan,nan,nan,nan,nan,,nan,nan,nan,,nan,,,,
nan,nan,nan,nan,nan,nan,nan,nan,nan,nan,nan,nan,nan,nan,nan,nan,nan,2068.0,0.0,0.0,0.0,0.0,0.0,0.0,0.0,14.0,0.0,0.0,0.0,0.0,0.0,0.0,0.0,2082.0,nan,nan,nan,,nan,nan,nan,nan,nan,nan,nan,,,,nan,nan,nan,nan,nan,nan,nan,nan,nan,nan,nan,nan,,nan,nan,,,nan,nan,nan,nan,nan,nan,nan,nan,nan,nan,nan,nan,nan,nan,nan,nan,nan,nan,nan,nan,nan,nan,nan,nan,,nan,nan,nan,,nan,,,,
nan,nan,nan,nan,nan,nan,nan,nan,nan,nan,nan,nan,nan,nan,nan,nan,nan,2153.0,0.0,0.0,0.0,0.0,0.0,0.0,0.0,14.0,0.0,0.0,0.0,0.0,0.0,0.0,0.0,2167.0,nan,nan,nan,,nan,nan,nan,nan,nan,nan,nan,,,,nan,nan,nan,nan,nan,nan,nan,nan,nan,nan,nan,nan,,nan,nan,,,nan,nan,nan,nan,nan,nan,nan,nan,nan,nan,nan,nan,nan,nan,nan,nan,nan,nan,nan,nan,nan,nan,nan,nan,,nan,nan,nan,,nan,,,,
nan,nan,nan,nan,nan,nan,nan,nan,nan,nan,nan,nan,nan,nan,nan,nan,nan,2205.0,0.0,0.0,0.0,0.0,0.0,0.0,0.0,21.0,0.0,0.0,0.0,0.0,0.0,0.0,0.0,2226.0,nan,nan,nan,,nan,nan,nan,nan,nan,nan,nan,,,,nan,nan,nan,nan,nan,nan,nan,nan,nan,nan,nan,nan,,nan,nan,,,nan,nan,nan,nan,nan,nan,nan,nan,nan,nan,nan,nan,nan,nan,nan,nan,nan,nan,nan,nan,nan,nan,nan,nan,,nan,nan,nan,,nan,,,,
nan,nan,nan,nan,nan,nan,nan,nan,nan,nan,nan,nan,nan,nan,nan,nan,nan,2126.0,0.0,0.0,0.0,0.0,0.0,0.0,0.0,14.0,0.0,0.0,0.0,0.0,0.0,0.0,0.0,2140.0,nan,nan,nan,,nan,nan,nan,nan,nan,nan,nan,,,,nan,nan,nan,nan,nan,nan,nan,nan,nan,nan,nan,nan,,nan,nan,,,nan,nan,nan,nan,nan,nan,nan,nan,nan,nan,nan,nan,nan,nan,nan,nan,nan,nan,nan,nan,nan,nan,nan,nan,,nan,nan,nan,,nan,,,,
nan,nan,nan,nan,nan,nan,nan,nan,nan,nan,nan,nan,nan,nan,nan,nan,nan,2093.0,0.0,0.0,0.0,0.0,0.0,0.0,0.0,9.0,0.0,0.0,0.0,0.0,0.0,0.0,0.0,2102.0,nan,nan,nan,,nan,nan,nan,nan,nan,nan,nan,,,,nan,nan,nan,nan,nan,nan,nan,nan,nan,nan,nan,nan,,nan,nan,,,nan,nan,nan,nan,nan,nan,nan,nan,nan,nan,nan,nan,nan,nan,nan,nan,nan,nan,nan,nan,nan,nan,nan,nan,,nan,nan,nan,,nan,,,,
nan,nan,nan,nan,nan,nan,nan,nan,nan,nan,nan,nan,nan,nan,nan,nan,nan,2177.0,0.0,0.0,0.0,0.0,0.0,0.0,0.0,10.0,0.0,0.0,0.0,0.0,0.0,0.0,0.0,2187.0,nan,nan,nan,,nan,nan,nan,nan,nan,nan,nan,,,,nan,nan,nan,nan,nan,nan,nan,nan,nan,nan,nan,nan,,nan,nan,,,nan,nan,nan,nan,nan,nan,nan,nan,nan,nan,nan,nan,nan,nan,nan,nan,nan,nan,nan,nan,nan,nan,nan,nan,,nan,nan,nan,,nan,,,,
nan,nan,nan,nan,nan,nan,nan,nan,nan,nan,nan,nan,nan,nan,nan,nan,nan,2144.0,0.0,0.0,0.0,0.0,0.0,0.0,0.0,9.0,0.0,0.0,0.0,0.0,0.0,0.0,0.0,2153.0,nan,nan,nan,,nan,nan,nan,nan,nan,nan,nan,,,,nan,nan,nan,nan,nan,nan,nan,nan,nan,nan,nan,nan,,nan,nan,,,nan,nan,nan,nan,nan,nan,nan,nan,nan,nan,nan,nan,nan,nan,nan,nan,nan,nan,nan,nan,nan,nan,nan,nan,,nan,nan,nan,,nan,,,,
nan,nan,nan,nan,nan,nan,nan,nan,nan,nan,nan,nan,nan,nan,nan,nan,nan,2185.0,0.0,0.0,0.0,0.0,0.0,0.0,0.0,9.0,0.0,0.0,0.0,0.0,0.0,0.0,0.0,2194.0,nan,nan,nan,,nan,nan,nan,nan,nan,nan,nan,,,,nan,nan,nan,nan,nan,nan,nan,nan,nan,nan,nan,nan,,nan,nan,,,nan,nan,nan,nan,nan,nan,nan,nan,nan,nan,nan,nan,nan,nan,nan,nan,nan,nan,nan,nan,nan,nan,nan,nan,,nan,nan,nan,,nan,,,,
nan,nan,nan,nan,nan,nan,nan,nan,nan,nan,nan,nan,nan,nan,nan,nan,nan,2166.0,0.0,0.0,0.0,0.0,0.0,0.0,0.0,15.0,0.0,0.0,0.0,0.0,0.0,0.0,0.0,2181.0,nan,nan,nan,,nan,nan,nan,nan,nan,nan,nan,,,,nan,nan,nan,nan,nan,nan,nan,nan,nan,nan,nan,nan,,nan,nan,,,nan,nan,nan,nan,nan,nan,nan,nan,nan,nan,nan,nan,nan,nan,nan,nan,nan,nan,nan,nan,nan,nan,nan,nan,,nan,nan,nan,,nan,,,,
nan,nan,nan,nan,nan,nan,nan,nan,nan,nan,nan,nan,nan,nan,nan,nan,nan,2152.0,0.0,0.0,0.0,0.0,0.0,0.0,0.0,15.0,0.0,0.0,0.0,0.0,0.0,0.0,0.0,2167.0,nan,nan,nan,,nan,nan,nan,nan,nan,nan,nan,,,,nan,nan,nan,nan,nan,nan,nan,nan,nan,nan,nan,nan,,nan,nan,,,nan,nan,nan,nan,nan,nan,nan,nan,nan,nan,nan,nan,nan,nan,nan,nan,nan,nan,nan,nan,nan,nan,nan,nan,,nan,nan,nan,,nan,,,,
nan,nan,nan,nan,nan,nan,nan,nan,nan,nan,nan,nan,nan,nan,nan,nan,nan,2129.0,0.0,0.0,0.0,0.0,0.0,0.0,0.0,10.0,0.0,0.0,0.0,0.0,0.0,0.0,0.0,2139.0,nan,nan,nan,,nan,nan,nan,nan,nan,nan,nan,,,,nan,nan,nan,nan,nan,nan,nan,nan,nan,nan,nan,nan,,nan,nan,,,nan,nan,nan,nan,nan,nan,nan,nan,nan,nan,nan,nan,nan,nan,nan,nan,nan,nan,nan,nan,nan,nan,nan,nan,,nan,nan,nan,,nan,,,,
nan,nan,nan,nan,nan,nan,nan,nan,nan,nan,nan,nan,nan,nan,nan,nan,nan,2143.0,0.0,0.0,0.0,0.0,0.0,0.0,0.0,19.0,0.0,0.0,0.0,0.0,0.0,0.0,0.0,2162.0,nan,nan,nan,,nan,nan,nan,nan,nan,nan,nan,,,,nan,nan,nan,nan,nan,nan,nan,nan,nan,nan,nan,nan,,nan,nan,,,nan,nan,nan,nan,nan,nan,nan,nan,nan,nan,nan,nan,nan,nan,nan,nan,nan,nan,nan,nan,nan,nan,nan,nan,,nan,nan,nan,,nan,,,,
nan,nan,nan,nan,nan,nan,nan,nan,nan,nan,nan,nan,nan,nan,nan,nan,nan,2204.0,0.0,0.0,0.0,0.0,0.0,0.0,0.0,7.0,0.0,0.0,0.0,0.0,0.0,0.0,0.0,2211.0,nan,nan,nan,,nan,nan,nan,nan,nan,nan,nan,,,,nan,nan,nan,nan,nan,nan,nan,nan,nan,nan,nan,nan,,nan,nan,,,nan,nan,nan,nan,nan,nan,nan,nan,nan,nan,nan,nan,nan,nan,nan,nan,nan,nan,nan,nan,nan,nan,nan,nan,,nan,nan,nan,,nan,,,,
nan,nan,nan,nan,nan,nan,nan,nan,nan,nan,nan,nan,nan,nan,nan,nan,nan,2171.0,0.0,0.0,0.0,0.0,0.0,0.0,0.0,11.0,0.0,0.0,0.0,0.0,0.0,0.0,0.0,2182.0,nan,nan,nan,,nan,nan,nan,nan,nan,nan,nan,,,,nan,nan,nan,nan,nan,nan,nan,nan,nan,nan,nan,nan,,nan,nan,,,nan,nan,nan,nan,nan,nan,nan,nan,nan,nan,nan,nan,nan,nan,nan,nan,nan,nan,nan,nan,nan,nan,nan,nan,,nan,nan,nan,,nan,,,,
nan,nan,nan,nan,nan,nan,nan,nan,nan,nan,nan,nan,nan,nan,nan,nan,nan,2130.0,0.0,0.0,0.0,0.0,0.0,0.0,0.0,14.0,0.0,0.0,0.0,0.0,0.0,0.0,0.0,2144.0,nan,nan,nan,,nan,nan,nan,nan,nan,nan,nan,,,,nan,nan,nan,nan,nan,nan,nan,nan,nan,nan,nan,nan,,nan,nan,,,nan,nan,nan,nan,nan,nan,nan,nan,nan,nan,nan,nan,nan,nan,nan,nan,nan,nan,nan,nan,nan,nan,nan,nan,,nan,nan,nan,,nan,,,,
nan,nan,nan,nan,nan,nan,nan,nan,nan,nan,nan,nan,nan,nan,nan,nan,nan,2147.0,0.0,0.0,0.0,0.0,0.0,0.0,0.0,17.0,0.0,0.0,0.0,0.0,0.0,0.0,0.0,2164.0,nan,nan,nan,,nan,nan,nan,nan,nan,nan,nan,,,,nan,nan,nan,nan,nan,nan,nan,nan,nan,nan,nan,nan,,nan,nan,,,nan,nan,nan,nan,nan,nan,nan,nan,nan,nan,nan,nan,nan,nan,nan,nan,nan,nan,nan,nan,nan,nan,nan,nan,,nan,nan,nan,,nan,,,,
nan,nan,nan,nan,nan,nan,nan,nan,nan,nan,nan,nan,nan,nan,nan,nan,nan,2155.0,0.0,0.0,0.0,0.0,0.0,0.0,0.0,10.0,0.0,0.0,0.0,0.0,0.0,0.0,0.0,2165.0,nan,nan,nan,,nan,nan,nan,nan,nan,nan,nan,,,,nan,nan,nan,nan,nan,nan,nan,nan,nan,nan,nan,nan,,nan,nan,,,nan,nan,nan,nan,nan,nan,nan,nan,nan,nan,nan,nan,nan,nan,nan,nan,nan,nan,nan,nan,nan,nan,nan,nan,,nan,nan,nan,,nan,,,,
nan,nan,nan,nan,nan,nan,nan,nan,nan,nan,nan,nan,nan,nan,nan,nan,nan,2191.0,0.0,0.0,0.0,0.0,0.0,0.0,0.0,11.0,0.0,0.0,0.0,0.0,0.0,0.0,0.0,2202.0,nan,nan,nan,,nan,nan,nan,nan,nan,nan,nan,,,,nan,nan,nan,nan,nan,nan,nan,nan,nan,nan,nan,nan,,nan,nan,,,nan,nan,nan,nan,nan,nan,nan,nan,nan,nan,nan,nan,nan,nan,nan,nan,nan,nan,nan,nan,nan,nan,nan,nan,,nan,nan,nan,,nan,,,,
nan,nan,nan,nan,nan,nan,nan,nan,nan,nan,nan,nan,nan,nan,nan,nan,nan,2159.0,0.0,0.0,0.0,0.0,0.0,0.0,0.0,16.0,0.0,0.0,0.0,0.0,0.0,0.0,0.0,2175.0,nan,nan,nan,,nan,nan,nan,nan,nan,nan,nan,,,,nan,nan,nan,nan,nan,nan,nan,nan,nan,nan,nan,nan,,nan,nan,,,nan,nan,nan,nan,nan,nan,nan,nan,nan,nan,nan,nan,nan,nan,nan,nan,nan,nan,nan,nan,nan,nan,nan,nan,,nan,nan,nan,,nan,,,,
nan,nan,nan,nan,nan,nan,nan,nan,nan,nan,nan,nan,nan,nan,nan,nan,nan,2226.0,0.0,0.0,0.0,0.0,0.0,0.0,0.0,12.0,0.0,0.0,0.0,0.0,0.0,0.0,0.0,2238.0,nan,nan,nan,,nan,nan,nan,nan,nan,nan,nan,,,,nan,nan,nan,nan,nan,nan,nan,nan,nan,nan,nan,nan,,nan,nan,,,nan,nan,nan,nan,nan,nan,nan,nan,nan,nan,nan,nan,nan,nan,nan,nan,nan,nan,nan,nan,nan,nan,nan,nan,,nan,nan,nan,,nan,,,,
nan,nan,nan,nan,nan,nan,nan,nan,nan,nan,nan,nan,nan,nan,nan,nan,nan,2168.0,0.0,0.0,0.0,0.0,0.0,0.0,0.0,13.0,0.0,0.0,0.0,0.0,0.0,0.0,0.0,2181.0,nan,nan,nan,,nan,nan,nan,nan,nan,nan,nan,,,,nan,nan,nan,nan,nan,nan,nan,nan,nan,nan,nan,nan,,nan,nan,,,nan,nan,nan,nan,nan,nan,nan,nan,nan,nan,nan,nan,nan,nan,nan,nan,nan,nan,nan,nan,nan,nan,nan,nan,,nan,nan,nan,,nan,,,,
nan,nan,nan,nan,nan,nan,nan,nan,nan,nan,nan,nan,nan,nan,nan,nan,nan,2240.0,0.0,0.0,0.0,0.0,0.0,0.0,0.0,9.0,0.0,0.0,0.0,0.0,0.0,0.0,0.0,2249.0,nan,nan,nan,,nan,nan,nan,nan,nan,nan,nan,,,,nan,nan,nan,nan,nan,nan,nan,nan,nan,nan,nan,nan,,nan,nan,,,nan,nan,nan,nan,nan,nan,nan,nan,nan,nan,nan,nan,nan,nan,nan,nan,nan,nan,nan,nan,nan,nan,nan,nan,,nan,nan,nan,,nan,,,,
nan,nan,nan,nan,nan,nan,nan,nan,nan,nan,nan,nan,nan,nan,nan,nan,nan,2126.0,0.0,0.0,0.0,0.0,0.0,0.0,0.0,15.0,0.0,0.0,0.0,0.0,0.0,0.0,0.0,2141.0,nan,nan,nan,,nan,nan,nan,nan,nan,nan,nan,,,,nan,nan,nan,nan,nan,nan,nan,nan,nan,nan,nan,nan,,nan,nan,,,nan,nan,nan,nan,nan,nan,nan,nan,nan,nan,nan,nan,nan,nan,nan,nan,nan,nan,nan,nan,nan,nan,nan,nan,,nan,nan,nan,,nan,,,,
nan,nan,nan,nan,nan,nan,nan,nan,nan,nan,nan,nan,nan,nan,nan,nan,nan,2119.0,0.0,0.0,0.0,0.0,0.0,0.0,0.0,10.0,0.0,0.0,0.0,0.0,0.0,0.0,0.0,2129.0,nan,nan,nan,,nan,nan,nan,nan,nan,nan,nan,,,,nan,nan,nan,nan,nan,nan,nan,nan,nan,nan,nan,nan,,nan,nan,,,nan,nan,nan,nan,nan,nan,nan,nan,nan,nan,nan,nan,nan,nan,nan,nan,nan,nan,nan,nan,nan,nan,nan,nan,,nan,nan,nan,,nan,,,,
nan,nan,nan,nan,nan,nan,nan,nan,nan,nan,nan,nan,nan,nan,nan,nan,nan,2091.0,0.0,0.0,0.0,0.0,0.0,0.0,0.0,14.0,0.0,0.0,0.0,0.0,0.0,0.0,0.0,2105.0,nan,nan,nan,,nan,nan,nan,nan,nan,nan,nan,,,,nan,nan,nan,nan,nan,nan,nan,nan,nan,nan,nan,nan,,nan,nan,,,nan,nan,nan,nan,nan,nan,nan,nan,nan,nan,nan,nan,nan,nan,nan,nan,nan,nan,nan,nan,nan,nan,nan,nan,,nan,nan,nan,,nan,,,,
nan,nan,nan,nan,nan,nan,nan,nan,nan,nan,nan,nan,nan,nan,nan,nan,nan,2097.0,0.0,0.0,0.0,0.0,0.0,0.0,0.0,19.0,0.0,0.0,0.0,0.0,0.0,0.0,0.0,2116.0,nan,nan,nan,,nan,nan,nan,nan,nan,nan,nan,,,,nan,nan,nan,nan,nan,nan,nan,nan,nan,nan,nan,nan,,nan,nan,,,nan,nan,nan,nan,nan,nan,nan,nan,nan,nan,nan,nan,nan,nan,nan,nan,nan,nan,nan,nan,nan,nan,nan,nan,,nan,nan,nan,,nan,,,,
nan,nan,nan,nan,nan,nan,nan,nan,nan,nan,nan,nan,nan,nan,nan,nan,nan,2073.0,0.0,0.0,0.0,0.0,0.0,0.0,0.0,12.0,0.0,0.0,0.0,0.0,0.0,0.0,0.0,2085.0,nan,nan,nan,,nan,nan,nan,nan,nan,nan,nan,,,,nan,nan,nan,nan,nan,nan,nan,nan,nan,nan,nan,nan,,nan,nan,,,nan,nan,nan,nan,nan,nan,nan,nan,nan,nan,nan,nan,nan,nan,nan,nan,nan,nan,nan,nan,nan,nan,nan,nan,,nan,nan,nan,,nan,,,,
nan,nan,nan,nan,nan,nan,nan,nan,nan,nan,nan,nan,nan,nan,nan,nan,nan,2127.0,0.0,0.0,0.0,0.0,0.0,0.0,0.0,16.0,0.0,0.0,0.0,0.0,0.0,0.0,0.0,2143.0,nan,nan,nan,,nan,nan,nan,nan,nan,nan,nan,,,,nan,nan,nan,nan,nan,nan,nan,nan,nan,nan,nan,nan,,nan,nan,,,nan,nan,nan,nan,nan,nan,nan,nan,nan,nan,nan,nan,nan,nan,nan,nan,nan,nan,nan,nan,nan,nan,nan,nan,,nan,nan,nan,,nan,,,,
nan,nan,nan,nan,nan,nan,nan,nan,nan,nan,nan,nan,nan,nan,nan,nan,nan,2120.0,0.0,0.0,0.0,0.0,0.0,0.0,0.0,12.0,0.0,0.0,0.0,0.0,0.0,0.0,0.0,2132.0,nan,nan,nan,,nan,nan,nan,nan,nan,nan,nan,,,,nan,nan,nan,nan,nan,nan,nan,nan,nan,nan,nan,nan,,nan,nan,,,nan,nan,nan,nan,nan,nan,nan,nan,nan,nan,nan,nan,nan,nan,nan,nan,nan,nan,nan,nan,nan,nan,nan,nan,,nan,nan,nan,,nan,,,,
nan,nan,nan,nan,nan,nan,nan,nan,nan,nan,nan,nan,nan,nan,nan,nan,nan,2116.0,0.0,0.0,0.0,0.0,0.0,0.0,0.0,19.0,0.0,0.0,0.0,0.0,0.0,0.0,0.0,2135.0,nan,nan,nan,,nan,nan,nan,nan,nan,nan,nan,,,,nan,nan,nan,nan,nan,nan,nan,nan,nan,nan,nan,nan,,nan,nan,,,nan,nan,nan,nan,nan,nan,nan,nan,nan,nan,nan,nan,nan,nan,nan,nan,nan,nan,nan,nan,nan,nan,nan,nan,,nan,nan,nan,,nan,,,,
nan,nan,nan,nan,nan,nan,nan,nan,nan,nan,nan,nan,nan,nan,nan,nan,nan,2168.0,0.0,0.0,0.0,0.0,0.0,0.0,0.0,12.0,0.0,0.0,0.0,0.0,0.0,0.0,0.0,2180.0,nan,nan,nan,,nan,nan,nan,nan,nan,nan,nan,,,,nan,nan,nan,nan,nan,nan,nan,nan,nan,nan,nan,nan,,nan,nan,,,nan,nan,nan,nan,nan,nan,nan,nan,nan,nan,nan,nan,nan,nan,nan,nan,nan,nan,nan,nan,nan,nan,nan,nan,,nan,nan,nan,,nan,,,,
nan,nan,nan,nan,nan,nan,nan,nan,nan,nan,nan,nan,nan,nan,nan,nan,nan,2186.0,0.0,0.0,0.0,0.0,0.0,0.0,0.0,11.0,0.0,0.0,0.0,0.0,0.0,0.0,0.0,2197.0,nan,nan,nan,,nan,nan,nan,nan,nan,nan,nan,,,,nan,nan,nan,nan,nan,nan,nan,nan,nan,nan,nan,nan,,nan,nan,,,nan,nan,nan,nan,nan,nan,nan,nan,nan,nan,nan,nan,nan,nan,nan,nan,nan,nan,nan,nan,nan,nan,nan,nan,,nan,nan,nan,,nan,,,,
nan,nan,nan,nan,nan,nan,nan,nan,nan,nan,nan,nan,nan,nan,nan,nan,nan,2226.0,0.0,0.0,0.0,0.0,0.0,0.0,0.0,17.0,0.0,0.0,0.0,0.0,0.0,0.0,0.0,2243.0,nan,nan,nan,,nan,nan,nan,nan,nan,nan,nan,,,,nan,nan,nan,nan,nan,nan,nan,nan,nan,nan,nan,nan,,nan,nan,,,nan,nan,nan,nan,nan,nan,nan,nan,nan,nan,nan,nan,nan,nan,nan,nan,nan,nan,nan,nan,nan,nan,nan,nan,,nan,nan,nan,,nan,,,,
nan,nan,nan,nan,nan,nan,nan,nan,nan,nan,nan,nan,nan,nan,nan,nan,nan,2113.0,0.0,0.0,0.0,0.0,0.0,0.0,0.0,13.0,0.0,0.0,0.0,0.0,0.0,0.0,0.0,2126.0,nan,nan,nan,,nan,nan,nan,nan,nan,nan,nan,,,,nan,nan,nan,nan,nan,nan,nan,nan,nan,nan,nan,nan,,nan,nan,,,nan,nan,nan,nan,nan,nan,nan,nan,nan,nan,nan,nan,nan,nan,nan,nan,nan,nan,nan,nan,nan,nan,nan,nan,,nan,nan,nan,,nan,,,,
nan,nan,nan,nan,nan,nan,nan,nan,nan,nan,nan,nan,nan,nan,nan,nan,nan,2055.0,0.0,0.0,0.0,0.0,0.0,0.0,0.0,15.0,0.0,0.0,0.0,0.0,0.0,0.0,0.0,2070.0,nan,nan,nan,,nan,nan,nan,nan,nan,nan,nan,,,,nan,nan,nan,nan,nan,nan,nan,nan,nan,nan,nan,nan,,nan,nan,,,nan,nan,nan,nan,nan,nan,nan,nan,nan,nan,nan,nan,nan,nan,nan,nan,nan,nan,nan,nan,nan,nan,nan,nan,,nan,nan,nan,,nan,,,,
nan,nan,nan,nan,nan,nan,nan,nan,nan,nan,nan,nan,nan,nan,nan,nan,nan,2173.0,0.0,0.0,0.0,0.0,0.0,0.0,0.0,17.0,0.0,0.0,0.0,0.0,0.0,0.0,0.0,2190.0,nan,nan,nan,,nan,nan,nan,nan,nan,nan,nan,,,,nan,nan,nan,nan,nan,nan,nan,nan,nan,nan,nan,nan,,nan,nan,,,nan,nan,nan,nan,nan,nan,nan,nan,nan,nan,nan,nan,nan,nan,nan,nan,nan,nan,nan,nan,nan,nan,nan,nan,,nan,nan,nan,,nan,,,,
nan,nan,nan,nan,nan,nan,nan,nan,nan,nan,nan,nan,nan,nan,nan,nan,nan,2057.0,0.0,0.0,0.0,0.0,0.0,0.0,0.0,11.0,0.0,0.0,0.0,0.0,0.0,0.0,0.0,2068.0,nan,nan,nan,,nan,nan,nan,nan,nan,nan,nan,,,,nan,nan,nan,nan,nan,nan,nan,nan,nan,nan,nan,nan,,nan,nan,,,nan,nan,nan,nan,nan,nan,nan,nan,nan,nan,nan,nan,nan,nan,nan,nan,nan,nan,nan,nan,nan,nan,nan,nan,,nan,nan,nan,,nan,,,,
nan,nan,nan,nan,nan,nan,nan,nan,nan,nan,nan,nan,nan,nan,nan,nan,nan,2108.0,0.0,0.0,0.0,0.0,0.0,0.0,0.0,13.0,0.0,0.0,0.0,0.0,0.0,0.0,0.0,2121.0,nan,nan,nan,,nan,nan,nan,nan,nan,nan,nan,,,,nan,nan,nan,nan,nan,nan,nan,nan,nan,nan,nan,nan,,nan,nan,,,nan,nan,nan,nan,nan,nan,nan,nan,nan,nan,nan,nan,nan,nan,nan,nan,nan,nan,nan,nan,nan,nan,nan,nan,,nan,nan,nan,,nan,,,,
nan,nan,nan,nan,nan,nan,nan,nan,nan,nan,nan,nan,nan,nan,nan,nan,nan,2151.0,0.0,0.0,0.0,0.0,0.0,0.0,0.0,13.0,0.0,0.0,0.0,0.0,0.0,0.0,0.0,2164.0,nan,nan,nan,,nan,nan,nan,nan,nan,nan,nan,,,,nan,nan,nan,nan,nan,nan,nan,nan,nan,nan,nan,nan,,nan,nan,,,nan,nan,nan,nan,nan,nan,nan,nan,nan,nan,nan,nan,nan,nan,nan,nan,nan,nan,nan,nan,nan,nan,nan,nan,,nan,nan,nan,,nan,,,,
nan,nan,nan,nan,nan,nan,nan,nan,nan,nan,nan,nan,nan,nan,nan,nan,nan,2173.0,0.0,0.0,0.0,0.0,0.0,0.0,0.0,15.0,0.0,0.0,0.0,0.0,0.0,0.0,0.0,2188.0,nan,nan,nan,,nan,nan,nan,nan,nan,nan,nan,,,,nan,nan,nan,nan,nan,nan,nan,nan,nan,nan,nan,nan,,nan,nan,,,nan,nan,nan,nan,nan,nan,nan,nan,nan,nan,nan,nan,nan,nan,nan,nan,nan,nan,nan,nan,nan,nan,nan,nan,,nan,nan,nan,,nan,,,,
nan,nan,nan,nan,nan,nan,nan,nan,nan,nan,nan,nan,nan,nan,nan,nan,nan,2261.0,0.0,0.0,0.0,0.0,0.0,0.0,0.0,16.0,0.0,0.0,0.0,0.0,0.0,0.0,0.0,2277.0,nan,nan,nan,,nan,nan,nan,nan,nan,nan,nan,,,,nan,nan,nan,nan,nan,nan,nan,nan,nan,nan,nan,nan,,nan,nan,,,nan,nan,nan,nan,nan,nan,nan,nan,nan,nan,nan,nan,nan,nan,nan,nan,nan,nan,nan,nan,nan,nan,nan,nan,,nan,nan,nan,,nan,,,,
nan,nan,nan,nan,nan,nan,nan,nan,nan,nan,nan,nan,nan,nan,nan,nan,nan,2098.0,0.0,0.0,0.0,0.0,0.0,0.0,0.0,13.0,0.0,0.0,0.0,0.0,0.0,0.0,0.0,2111.0,nan,nan,nan,,nan,nan,nan,nan,nan,nan,nan,,,,nan,nan,nan,nan,nan,nan,nan,nan,nan,nan,nan,nan,,nan,nan,,,nan,nan,nan,nan,nan,nan,nan,nan,nan,nan,nan,nan,nan,nan,nan,nan,nan,nan,nan,nan,nan,nan,nan,nan,,nan,nan,nan,,nan,,,,
nan,nan,nan,nan,nan,nan,nan,nan,nan,nan,nan,nan,nan,nan,nan,nan,nan,2178.0,0.0,0.0,0.0,0.0,0.0,0.0,0.0,15.0,0.0,0.0,0.0,0.0,0.0,0.0,0.0,2193.0,nan,nan,nan,,nan,nan,nan,nan,nan,nan,nan,,,,nan,nan,nan,nan,nan,nan,nan,nan,nan,nan,nan,nan,,nan,nan,,,nan,nan,nan,nan,nan,nan,nan,nan,nan,nan,nan,nan,nan,nan,nan,nan,nan,nan,nan,nan,nan,nan,nan,nan,,nan,nan,nan,,nan,,,,
nan,nan,nan,nan,nan,nan,nan,nan,nan,nan,nan,nan,nan,nan,nan,nan,nan,2149.0,0.0,0.0,0.0,0.0,0.0,0.0,0.0,15.0,0.0,0.0,0.0,0.0,0.0,0.0,0.0,2164.0,nan,nan,nan,,nan,nan,nan,nan,nan,nan,nan,,,,nan,nan,nan,nan,nan,nan,nan,nan,nan,nan,nan,nan,,nan,nan,,,nan,nan,nan,nan,nan,nan,nan,nan,nan,nan,nan,nan,nan,nan,nan,nan,nan,nan,nan,nan,nan,nan,nan,nan,,nan,nan,nan,,nan,,,,
nan,nan,nan,nan,nan,nan,nan,nan,nan,nan,nan,nan,nan,nan,nan,nan,nan,2133.0,0.0,0.0,0.0,0.0,0.0,0.0,0.0,13.0,0.0,0.0,0.0,0.0,0.0,0.0,0.0,2146.0,nan,nan,nan,,nan,nan,nan,nan,nan,nan,nan,,,,nan,nan,nan,nan,nan,nan,nan,nan,nan,nan,nan,nan,,nan,nan,,,nan,nan,nan,nan,nan,nan,nan,nan,nan,nan,nan,nan,nan,nan,nan,nan,nan,nan,nan,nan,nan,nan,nan,nan,,nan,nan,nan,,nan,,,,
nan,nan,nan,nan,nan,nan,nan,nan,nan,nan,nan,nan,nan,nan,nan,nan,nan,2057.0,0.0,0.0,0.0,0.0,0.0,0.0,0.0,12.0,0.0,0.0,0.0,0.0,0.0,0.0,0.0,2069.0,nan,nan,nan,,nan,nan,nan,nan,nan,nan,nan,,,,nan,nan,nan,nan,nan,nan,nan,nan,nan,nan,nan,nan,,nan,nan,,,nan,nan,nan,nan,nan,nan,nan,nan,nan,nan,nan,nan,nan,nan,nan,nan,nan,nan,nan,nan,nan,nan,nan,nan,,nan,nan,nan,,nan,,,,
nan,nan,nan,nan,nan,nan,nan,nan,nan,nan,nan,nan,nan,nan,nan,nan,nan,2199.0,0.0,0.0,0.0,0.0,0.0,0.0,0.0,18.0,0.0,0.0,0.0,0.0,0.0,0.0,0.0,2217.0,nan,nan,nan,,nan,nan,nan,nan,nan,nan,nan,,,,nan,nan,nan,nan,nan,nan,nan,nan,nan,nan,nan,nan,,nan,nan,,,nan,nan,nan,nan,nan,nan,nan,nan,nan,nan,nan,nan,nan,nan,nan,nan,nan,nan,nan,nan,nan,nan,nan,nan,,nan,nan,nan,,nan,,,,
nan,nan,nan,nan,nan,nan,nan,nan,nan,nan,nan,nan,nan,nan,nan,nan,nan,2074.0,0.0,0.0,0.0,0.0,0.0,0.0,0.0,9.0,0.0,0.0,0.0,0.0,0.0,0.0,0.0,2083.0,nan,nan,nan,,nan,nan,nan,nan,nan,nan,nan,,,,nan,nan,nan,nan,nan,nan,nan,nan,nan,nan,nan,nan,,nan,nan,,,nan,nan,nan,nan,nan,nan,nan,nan,nan,nan,nan,nan,nan,nan,nan,nan,nan,nan,nan,nan,nan,nan,nan,nan,,nan,nan,nan,,nan,,,,
nan,nan,nan,nan,nan,nan,nan,nan,nan,nan,nan,nan,nan,nan,nan,nan,nan,2106.0,0.0,0.0,0.0,0.0,0.0,0.0,0.0,14.0,0.0,0.0,0.0,0.0,0.0,0.0,0.0,2120.0,nan,nan,nan,,nan,nan,nan,nan,nan,nan,nan,,,,nan,nan,nan,nan,nan,nan,nan,nan,nan,nan,nan,nan,,nan,nan,,,nan,nan,nan,nan,nan,nan,nan,nan,nan,nan,nan,nan,nan,nan,nan,nan,nan,nan,nan,nan,nan,nan,nan,nan,,nan,nan,nan,,nan,,,,
nan,nan,nan,nan,nan,nan,nan,nan,nan,nan,nan,nan,nan,nan,nan,nan,nan,2144.0,0.0,0.0,0.0,0.0,0.0,0.0,0.0,8.0,0.0,0.0,0.0,0.0,0.0,0.0,0.0,2152.0,nan,nan,nan,,nan,nan,nan,nan,nan,nan,nan,,,,nan,nan,nan,nan,nan,nan,nan,nan,nan,nan,nan,nan,,nan,nan,,,nan,nan,nan,nan,nan,nan,nan,nan,nan,nan,nan,nan,nan,nan,nan,nan,nan,nan,nan,nan,nan,nan,nan,nan,,nan,nan,nan,,nan,,,,
nan,nan,nan,nan,nan,nan,nan,nan,nan,nan,nan,nan,nan,nan,nan,nan,nan,2073.0,0.0,0.0,0.0,0.0,0.0,0.0,0.0,11.0,0.0,0.0,0.0,0.0,0.0,0.0,0.0,2084.0,nan,nan,nan,,nan,nan,nan,nan,nan,nan,nan,,,,nan,nan,nan,nan,nan,nan,nan,nan,nan,nan,nan,nan,,nan,nan,,,nan,nan,nan,nan,nan,nan,nan,nan,nan,nan,nan,nan,nan,nan,nan,nan,nan,nan,nan,nan,nan,nan,nan,nan,,nan,nan,nan,,nan,,,,
nan,nan,nan,nan,nan,nan,nan,nan,nan,nan,nan,nan,nan,nan,nan,nan,nan,2049.0,0.0,0.0,0.0,0.0,0.0,0.0,0.0,12.0,0.0,0.0,0.0,0.0,0.0,0.0,0.0,2061.0,nan,nan,nan,,nan,nan,nan,nan,nan,nan,nan,,,,nan,nan,nan,nan,nan,nan,nan,nan,nan,nan,nan,nan,,nan,nan,,,nan,nan,nan,nan,nan,nan,nan,nan,nan,nan,nan,nan,nan,nan,nan,nan,nan,nan,nan,nan,nan,nan,nan,nan,,nan,nan,nan,,nan,,,,
nan,nan,nan,nan,nan,nan,nan,nan,nan,nan,nan,nan,nan,nan,nan,nan,nan,2109.0,0.0,0.0,0.0,0.0,0.0,0.0,0.0,9.0,0.0,0.0,0.0,0.0,0.0,0.0,0.0,2118.0,nan,nan,nan,,nan,nan,nan,nan,nan,nan,nan,,,,nan,nan,nan,nan,nan,nan,nan,nan,nan,nan,nan,nan,,nan,nan,,,nan,nan,nan,nan,nan,nan,nan,nan,nan,nan,nan,nan,nan,nan,nan,nan,nan,nan,nan,nan,nan,nan,nan,nan,,nan,nan,nan,,nan,,,,
nan,nan,nan,nan,nan,nan,nan,nan,nan,nan,nan,nan,nan,nan,nan,nan,nan,2101.0,0.0,0.0,0.0,0.0,0.0,0.0,0.0,10.0,0.0,0.0,0.0,0.0,0.0,0.0,0.0,2111.0,nan,nan,nan,,nan,nan,nan,nan,nan,nan,nan,,,,nan,nan,nan,nan,nan,nan,nan,nan,nan,nan,nan,nan,,nan,nan,,,nan,nan,nan,nan,nan,nan,nan,nan,nan,nan,nan,nan,nan,nan,nan,nan,nan,nan,nan,nan,nan,nan,nan,nan,,nan,nan,nan,,nan,,,,
nan,nan,nan,nan,nan,nan,nan,nan,nan,nan,nan,nan,nan,nan,nan,nan,nan,2148.0,0.0,0.0,0.0,0.0,0.0,0.0,0.0,12.0,0.0,0.0,0.0,0.0,0.0,0.0,0.0,2160.0,nan,nan,nan,,nan,nan,nan,nan,nan,nan,nan,,,,nan,nan,nan,nan,nan,nan,nan,nan,nan,nan,nan,nan,,nan,nan,,,nan,nan,nan,nan,nan,nan,nan,nan,nan,nan,nan,nan,nan,nan,nan,nan,nan,nan,nan,nan,nan,nan,nan,nan,,nan,nan,nan,,nan,,,,
nan,nan,nan,nan,nan,nan,nan,nan,nan,nan,nan,nan,nan,nan,nan,nan,nan,2161.0,0.0,0.0,0.0,0.0,0.0,0.0,0.0,10.0,0.0,0.0,0.0,0.0,0.0,0.0,0.0,2171.0,nan,nan,nan,,nan,nan,nan,nan,nan,nan,nan,,,,nan,nan,nan,nan,nan,nan,nan,nan,nan,nan,nan,nan,,nan,nan,,,nan,nan,nan,nan,nan,nan,nan,nan,nan,nan,nan,nan,nan,nan,nan,nan,nan,nan,nan,nan,nan,nan,nan,nan,,nan,nan,nan,,nan,,,,
nan,nan,nan,nan,nan,nan,nan,nan,nan,nan,nan,nan,nan,nan,nan,nan,nan,2178.0,0.0,0.0,0.0,0.0,0.0,0.0,0.0,13.0,0.0,0.0,0.0,0.0,0.0,0.0,0.0,2191.0,nan,nan,nan,,nan,nan,nan,nan,nan,nan,nan,,,,nan,nan,nan,nan,nan,nan,nan,nan,nan,nan,nan,nan,,nan,nan,,,nan,nan,nan,nan,nan,nan,nan,nan,nan,nan,nan,nan,nan,nan,nan,nan,nan,nan,nan,nan,nan,nan,nan,nan,,nan,nan,nan,,nan,,,,
nan,nan,nan,nan,nan,nan,nan,nan,nan,nan,nan,nan,nan,nan,nan,nan,nan,2147.0,0.0,0.0,0.0,0.0,0.0,0.0,0.0,9.0,0.0,0.0,0.0,0.0,0.0,0.0,0.0,2156.0,nan,nan,nan,,nan,nan,nan,nan,nan,nan,nan,,,,nan,nan,nan,nan,nan,nan,nan,nan,nan,nan,nan,nan,,nan,nan,,,nan,nan,nan,nan,nan,nan,nan,nan,nan,nan,nan,nan,nan,nan,nan,nan,nan,nan,nan,nan,nan,nan,nan,nan,,nan,nan,nan,,nan,,,,
nan,nan,nan,nan,nan,nan,nan,nan,nan,nan,nan,nan,nan,nan,nan,nan,nan,2167.0,0.0,0.0,0.0,0.0,0.0,0.0,0.0,16.0,0.0,0.0,0.0,0.0,0.0,0.0,0.0,2183.0,nan,nan,nan,,nan,nan,nan,nan,nan,nan,nan,,,,nan,nan,nan,nan,nan,nan,nan,nan,nan,nan,nan,nan,,nan,nan,,,nan,nan,nan,nan,nan,nan,nan,nan,nan,nan,nan,nan,nan,nan,nan,nan,nan,nan,nan,nan,nan,nan,nan,nan,,nan,nan,nan,,nan,,,,
nan,nan,nan,nan,nan,nan,nan,nan,nan,nan,nan,nan,nan,nan,nan,nan,nan,2064.0,0.0,0.0,0.0,0.0,0.0,0.0,0.0,14.0,0.0,0.0,0.0,0.0,0.0,0.0,0.0,2078.0,nan,nan,nan,,nan,nan,nan,nan,nan,nan,nan,,,,nan,nan,nan,nan,nan,nan,nan,nan,nan,nan,nan,nan,,nan,nan,,,nan,nan,nan,nan,nan,nan,nan,nan,nan,nan,nan,nan,nan,nan,nan,nan,nan,nan,nan,nan,nan,nan,nan,nan,,nan,nan,nan,,nan,,,,
nan,nan,nan,nan,nan,nan,nan,nan,nan,nan,nan,nan,nan,nan,nan,nan,nan,2219.0,0.0,0.0,0.0,0.0,0.0,0.0,0.0,16.0,0.0,0.0,0.0,0.0,0.0,0.0,0.0,2235.0,nan,nan,nan,,nan,nan,nan,nan,nan,nan,nan,,,,nan,nan,nan,nan,nan,nan,nan,nan,nan,nan,nan,nan,,nan,nan,,,nan,nan,nan,nan,nan,nan,nan,nan,nan,nan,nan,nan,nan,nan,nan,nan,nan,nan,nan,nan,nan,nan,nan,nan,,nan,nan,nan,,nan,,,,
nan,nan,nan,nan,nan,nan,nan,nan,nan,nan,nan,nan,nan,nan,nan,nan,nan,2130.0,0.0,0.0,0.0,0.0,0.0,0.0,0.0,13.0,0.0,0.0,0.0,0.0,0.0,0.0,0.0,2143.0,nan,nan,nan,,nan,nan,nan,nan,nan,nan,nan,,,,nan,nan,nan,nan,nan,nan,nan,nan,nan,nan,nan,nan,,nan,nan,,,nan,nan,nan,nan,nan,nan,nan,nan,nan,nan,nan,nan,nan,nan,nan,nan,nan,nan,nan,nan,nan,nan,nan,nan,,nan,nan,nan,,nan,,,,
nan,nan,nan,nan,nan,nan,nan,nan,nan,nan,nan,nan,nan,nan,nan,nan,nan,2145.0,0.0,0.0,0.0,0.0,0.0,0.0,0.0,10.0,0.0,0.0,0.0,0.0,0.0,0.0,0.0,2155.0,nan,nan,nan,,nan,nan,nan,nan,nan,nan,nan,,,,nan,nan,nan,nan,nan,nan,nan,nan,nan,nan,nan,nan,,nan,nan,,,nan,nan,nan,nan,nan,nan,nan,nan,nan,nan,nan,nan,nan,nan,nan,nan,nan,nan,nan,nan,nan,nan,nan,nan,,nan,nan,nan,,nan,,,,
nan,nan,nan,nan,nan,nan,nan,nan,nan,nan,nan,nan,nan,nan,nan,nan,nan,2126.0,0.0,0.0,0.0,0.0,0.0,0.0,0.0,16.0,0.0,0.0,0.0,0.0,0.0,0.0,0.0,2142.0,nan,nan,nan,,nan,nan,nan,nan,nan,nan,nan,,,,nan,nan,nan,nan,nan,nan,nan,nan,nan,nan,nan,nan,,nan,nan,,,nan,nan,nan,nan,nan,nan,nan,nan,nan,nan,nan,nan,nan,nan,nan,nan,nan,nan,nan,nan,nan,nan,nan,nan,,nan,nan,nan,,nan,,,,
nan,nan,nan,nan,nan,nan,nan,nan,nan,nan,nan,nan,nan,nan,nan,nan,nan,2145.0,0.0,0.0,0.0,0.0,0.0,0.0,0.0,17.0,0.0,0.0,0.0,0.0,0.0,0.0,0.0,2162.0,nan,nan,nan,,nan,nan,nan,nan,nan,nan,nan,,,,nan,nan,nan,nan,nan,nan,nan,nan,nan,nan,nan,nan,,nan,nan,,,nan,nan,nan,nan,nan,nan,nan,nan,nan,nan,nan,nan,nan,nan,nan,nan,nan,nan,nan,nan,nan,nan,nan,nan,,nan,nan,nan,,nan,,,,
nan,nan,nan,nan,nan,nan,nan,nan,nan,nan,nan,nan,nan,nan,nan,nan,nan,2083.0,0.0,0.0,0.0,0.0,0.0,0.0,0.0,12.0,0.0,0.0,0.0,0.0,0.0,0.0,0.0,2095.0,nan,nan,nan,,nan,nan,nan,nan,nan,nan,nan,,,,nan,nan,nan,nan,nan,nan,nan,nan,nan,nan,nan,nan,,nan,nan,,,nan,nan,nan,nan,nan,nan,nan,nan,nan,nan,nan,nan,nan,nan,nan,nan,nan,nan,nan,nan,nan,nan,nan,nan,,nan,nan,nan,,nan,,,,
nan,nan,nan,nan,nan,nan,nan,nan,nan,nan,nan,nan,nan,nan,nan,nan,nan,2160.0,0.0,0.0,0.0,0.0,0.0,0.0,0.0,12.0,0.0,0.0,0.0,0.0,0.0,0.0,0.0,2172.0,nan,nan,nan,,nan,nan,nan,nan,nan,nan,nan,,,,nan,nan,nan,nan,nan,nan,nan,nan,nan,nan,nan,nan,,nan,nan,,,nan,nan,nan,nan,nan,nan,nan,nan,nan,nan,nan,nan,nan,nan,nan,nan,nan,nan,nan,nan,nan,nan,nan,nan,,nan,nan,nan,,nan,,,,
nan,nan,nan,nan,nan,nan,nan,nan,nan,nan,nan,nan,nan,nan,nan,nan,nan,2228.0,0.0,0.0,0.0,0.0,0.0,0.0,0.0,7.0,0.0,0.0,0.0,0.0,0.0,0.0,0.0,2235.0,nan,nan,nan,,nan,nan,nan,nan,nan,nan,nan,,,,nan,nan,nan,nan,nan,nan,nan,nan,nan,nan,nan,nan,,nan,nan,,,nan,nan,nan,nan,nan,nan,nan,nan,nan,nan,nan,nan,nan,nan,nan,nan,nan,nan,nan,nan,nan,nan,nan,nan,,nan,nan,nan,,nan,,,,
nan,nan,nan,nan,nan,nan,nan,nan,nan,nan,nan,nan,nan,nan,nan,nan,nan,2162.0,0.0,0.0,0.0,0.0,0.0,0.0,0.0,18.0,0.0,0.0,0.0,0.0,0.0,0.0,0.0,2180.0,nan,nan,nan,,nan,nan,nan,nan,nan,nan,nan,,,,nan,nan,nan,nan,nan,nan,nan,nan,nan,nan,nan,nan,,nan,nan,,,nan,nan,nan,nan,nan,nan,nan,nan,nan,nan,nan,nan,nan,nan,nan,nan,nan,nan,nan,nan,nan,nan,nan,nan,,nan,nan,nan,,nan,,,,
nan,nan,nan,nan,nan,nan,nan,nan,nan,nan,nan,nan,nan,nan,nan,nan,nan,2172.0,0.0,0.0,0.0,0.0,0.0,0.0,0.0,15.0,0.0,0.0,0.0,0.0,0.0,0.0,0.0,2187.0,nan,nan,nan,,nan,nan,nan,nan,nan,nan,nan,,,,nan,nan,nan,nan,nan,nan,nan,nan,nan,nan,nan,nan,,nan,nan,,,nan,nan,nan,nan,nan,nan,nan,nan,nan,nan,nan,nan,nan,nan,nan,nan,nan,nan,nan,nan,nan,nan,nan,nan,,nan,nan,nan,,nan,,,,
nan,nan,nan,nan,nan,nan,nan,nan,nan,nan,nan,nan,nan,nan,nan,nan,nan,2154.0,0.0,0.0,0.0,0.0,0.0,0.0,0.0,14.0,0.0,0.0,0.0,0.0,0.0,0.0,0.0,2168.0,nan,nan,nan,,nan,nan,nan,nan,nan,nan,nan,,,,nan,nan,nan,nan,nan,nan,nan,nan,nan,nan,nan,nan,,nan,nan,,,nan,nan,nan,nan,nan,nan,nan,nan,nan,nan,nan,nan,nan,nan,nan,nan,nan,nan,nan,nan,nan,nan,nan,nan,,nan,nan,nan,,nan,,,,
nan,nan,nan,nan,nan,nan,nan,nan,nan,nan,nan,nan,nan,nan,nan,nan,nan,2164.0,0.0,0.0,0.0,0.0,0.0,0.0,0.0,20.0,0.0,0.0,0.0,0.0,0.0,0.0,0.0,2184.0,nan,nan,nan,,nan,nan,nan,nan,nan,nan,nan,,,,nan,nan,nan,nan,nan,nan,nan,nan,nan,nan,nan,nan,,nan,nan,,,nan,nan,nan,nan,nan,nan,nan,nan,nan,nan,nan,nan,nan,nan,nan,nan,nan,nan,nan,nan,nan,nan,nan,nan,,nan,nan,nan,,nan,,,,
nan,nan,nan,nan,nan,nan,nan,nan,nan,nan,nan,nan,nan,nan,nan,nan,nan,2128.0,0.0,0.0,0.0,0.0,0.0,0.0,0.0,10.0,0.0,0.0,0.0,0.0,0.0,0.0,0.0,2138.0,nan,nan,nan,,nan,nan,nan,nan,nan,nan,nan,,,,nan,nan,nan,nan,nan,nan,nan,nan,nan,nan,nan,nan,,nan,nan,,,nan,nan,nan,nan,nan,nan,nan,nan,nan,nan,nan,nan,nan,nan,nan,nan,nan,nan,nan,nan,nan,nan,nan,nan,,nan,nan,nan,,nan,,,,
nan,nan,nan,nan,nan,nan,nan,nan,nan,nan,nan,nan,nan,nan,nan,nan,nan,2141.0,0.0,0.0,0.0,0.0,0.0,0.0,0.0,9.0,0.0,0.0,0.0,0.0,0.0,0.0,0.0,2150.0,nan,nan,nan,,nan,nan,nan,nan,nan,nan,nan,,,,nan,nan,nan,nan,nan,nan,nan,nan,nan,nan,nan,nan,,nan,nan,,,nan,nan,nan,nan,nan,nan,nan,nan,nan,nan,nan,nan,nan,nan,nan,nan,nan,nan,nan,nan,nan,nan,nan,nan,,nan,nan,nan,,nan,,,,
nan,nan,nan,nan,nan,nan,nan,nan,nan,nan,nan,nan,nan,nan,nan,nan,nan,2163.0,0.0,0.0,0.0,0.0,0.0,0.0,0.0,4.0,0.0,0.0,0.0,0.0,0.0,0.0,0.0,2167.0,nan,nan,nan,,nan,nan,nan,nan,nan,nan,nan,,,,nan,nan,nan,nan,nan,nan,nan,nan,nan,nan,nan,nan,,nan,nan,,,nan,nan,nan,nan,nan,nan,nan,nan,nan,nan,nan,nan,nan,nan,nan,nan,nan,nan,nan,nan,nan,nan,nan,nan,,nan,nan,nan,,nan,,,,
nan,nan,nan,nan,nan,nan,nan,nan,nan,nan,nan,nan,nan,nan,nan,nan,nan,2177.0,0.0,0.0,0.0,0.0,0.0,0.0,0.0,12.0,0.0,0.0,0.0,0.0,0.0,0.0,0.0,2189.0,nan,nan,nan,,nan,nan,nan,nan,nan,nan,nan,,,,nan,nan,nan,nan,nan,nan,nan,nan,nan,nan,nan,nan,,nan,nan,,,nan,nan,nan,nan,nan,nan,nan,nan,nan,nan,nan,nan,nan,nan,nan,nan,nan,nan,nan,nan,nan,nan,nan,nan,,nan,nan,nan,,nan,,,,
nan,nan,nan,nan,nan,nan,nan,nan,nan,nan,nan,nan,nan,nan,nan,nan,nan,2134.0,0.0,0.0,0.0,0.0,0.0,0.0,0.0,9.0,0.0,0.0,0.0,0.0,0.0,0.0,0.0,2143.0,nan,nan,nan,,nan,nan,nan,nan,nan,nan,nan,,,,nan,nan,nan,nan,nan,nan,nan,nan,nan,nan,nan,nan,,nan,nan,,,nan,nan,nan,nan,nan,nan,nan,nan,nan,nan,nan,nan,nan,nan,nan,nan,nan,nan,nan,nan,nan,nan,nan,nan,,nan,nan,nan,,nan,,,,
nan,nan,nan,nan,nan,nan,nan,nan,nan,nan,nan,nan,nan,nan,nan,nan,nan,2095.0,0.0,0.0,0.0,0.0,0.0,0.0,0.0,12.0,0.0,0.0,0.0,0.0,0.0,0.0,0.0,2107.0,nan,nan,nan,,nan,nan,nan,nan,nan,nan,nan,,,,nan,nan,nan,nan,nan,nan,nan,nan,nan,nan,nan,nan,,nan,nan,,,nan,nan,nan,nan,nan,nan,nan,nan,nan,nan,nan,nan,nan,nan,nan,nan,nan,nan,nan,nan,nan,nan,nan,nan,,nan,nan,nan,,nan,,,,
nan,nan,nan,nan,nan,nan,nan,nan,nan,nan,nan,nan,nan,nan,nan,nan,nan,2066.0,0.0,0.0,0.0,0.0,0.0,0.0,0.0,11.0,0.0,0.0,0.0,0.0,0.0,0.0,0.0,2077.0,nan,nan,nan,,nan,nan,nan,nan,nan,nan,nan,,,,nan,nan,nan,nan,nan,nan,nan,nan,nan,nan,nan,nan,,nan,nan,,,nan,nan,nan,nan,nan,nan,nan,nan,nan,nan,nan,nan,nan,nan,nan,nan,nan,nan,nan,nan,nan,nan,nan,nan,,nan,nan,nan,,nan,,,,
nan,nan,nan,nan,nan,nan,nan,nan,nan,nan,nan,nan,nan,nan,nan,nan,nan,2149.0,0.0,0.0,0.0,0.0,0.0,0.0,0.0,19.0,0.0,0.0,0.0,0.0,0.0,0.0,0.0,2168.0,nan,nan,nan,,nan,nan,nan,nan,nan,nan,nan,,,,nan,nan,nan,nan,nan,nan,nan,nan,nan,nan,nan,nan,,nan,nan,,,nan,nan,nan,nan,nan,nan,nan,nan,nan,nan,nan,nan,nan,nan,nan,nan,nan,nan,nan,nan,nan,nan,nan,nan,,nan,nan,nan,,nan,,,,
nan,nan,nan,nan,nan,nan,nan,nan,nan,nan,nan,nan,nan,nan,nan,nan,nan,2149.0,0.0,0.0,0.0,0.0,0.0,0.0,0.0,12.0,0.0,0.0,0.0,0.0,0.0,0.0,0.0,2161.0,nan,nan,nan,,nan,nan,nan,nan,nan,nan,nan,,,,nan,nan,nan,nan,nan,nan,nan,nan,nan,nan,nan,nan,,nan,nan,,,nan,nan,nan,nan,nan,nan,nan,nan,nan,nan,nan,nan,nan,nan,nan,nan,nan,nan,nan,nan,nan,nan,nan,nan,,nan,nan,nan,,nan,,,,
nan,nan,nan,nan,nan,nan,nan,nan,nan,nan,nan,nan,nan,nan,nan,nan,nan,2091.0,0.0,0.0,0.0,0.0,0.0,0.0,0.0,12.0,0.0,0.0,0.0,0.0,0.0,0.0,0.0,2103.0,nan,nan,nan,,nan,nan,nan,nan,nan,nan,nan,,,,nan,nan,nan,nan,nan,nan,nan,nan,nan,nan,nan,nan,,nan,nan,,,nan,nan,nan,nan,nan,nan,nan,nan,nan,nan,nan,nan,nan,nan,nan,nan,nan,nan,nan,nan,nan,nan,nan,nan,,nan,nan,nan,,nan,,,,
nan,nan,nan,nan,nan,nan,nan,nan,nan,nan,nan,nan,nan,nan,nan,nan,nan,2187.0,0.0,0.0,0.0,0.0,0.0,0.0,0.0,13.0,0.0,0.0,0.0,0.0,0.0,0.0,0.0,2200.0,nan,nan,nan,,nan,nan,nan,nan,nan,nan,nan,,,,nan,nan,nan,nan,nan,nan,nan,nan,nan,nan,nan,nan,,nan,nan,,,nan,nan,nan,nan,nan,nan,nan,nan,nan,nan,nan,nan,nan,nan,nan,nan,nan,nan,nan,nan,nan,nan,nan,nan,,nan,nan,nan,,nan,,,,
nan,nan,nan,nan,nan,nan,nan,nan,nan,nan,nan,nan,nan,nan,nan,nan,nan,2097.0,0.0,0.0,0.0,0.0,0.0,0.0,0.0,15.0,0.0,0.0,0.0,0.0,0.0,0.0,0.0,2112.0,nan,nan,nan,,nan,nan,nan,nan,nan,nan,nan,,,,nan,nan,nan,nan,nan,nan,nan,nan,nan,nan,nan,nan,,nan,nan,,,nan,nan,nan,nan,nan,nan,nan,nan,nan,nan,nan,nan,nan,nan,nan,nan,nan,nan,nan,nan,nan,nan,nan,nan,,nan,nan,nan,,nan,,,,
nan,nan,nan,nan,nan,nan,nan,nan,nan,nan,nan,nan,nan,nan,nan,nan,nan,2165.0,0.0,0.0,0.0,0.0,0.0,0.0,0.0,13.0,0.0,0.0,0.0,0.0,0.0,0.0,0.0,2178.0,nan,nan,nan,,nan,nan,nan,nan,nan,nan,nan,,,,nan,nan,nan,nan,nan,nan,nan,nan,nan,nan,nan,nan,,nan,nan,,,nan,nan,nan,nan,nan,nan,nan,nan,nan,nan,nan,nan,nan,nan,nan,nan,nan,nan,nan,nan,nan,nan,nan,nan,,nan,nan,nan,,nan,,,,
nan,nan,nan,nan,nan,nan,nan,nan,nan,nan,nan,nan,nan,nan,nan,nan,nan,2114.0,0.0,0.0,0.0,0.0,0.0,0.0,0.0,9.0,0.0,0.0,0.0,0.0,0.0,0.0,0.0,2123.0,nan,nan,nan,,nan,nan,nan,nan,nan,nan,nan,,,,nan,nan,nan,nan,nan,nan,nan,nan,nan,nan,nan,nan,,nan,nan,,,nan,nan,nan,nan,nan,nan,nan,nan,nan,nan,nan,nan,nan,nan,nan,nan,nan,nan,nan,nan,nan,nan,nan,nan,,nan,nan,nan,,nan,,,,
nan,nan,nan,nan,nan,nan,nan,nan,nan,nan,nan,nan,nan,nan,nan,nan,nan,2134.0,0.0,0.0,0.0,0.0,0.0,0.0,0.0,12.0,0.0,0.0,0.0,0.0,0.0,0.0,0.0,2146.0,nan,nan,nan,,nan,nan,nan,nan,nan,nan,nan,,,,nan,nan,nan,nan,nan,nan,nan,nan,nan,nan,nan,nan,,nan,nan,,,nan,nan,nan,nan,nan,nan,nan,nan,nan,nan,nan,nan,nan,nan,nan,nan,nan,nan,nan,nan,nan,nan,nan,nan,,nan,nan,nan,,nan,,,,
nan,nan,nan,nan,nan,nan,nan,nan,nan,nan,nan,nan,nan,nan,nan,nan,nan,2171.0,0.0,0.0,0.0,0.0,0.0,0.0,0.0,25.0,0.0,0.0,0.0,0.0,0.0,0.0,0.0,2196.0,nan,nan,nan,,nan,nan,nan,nan,nan,nan,nan,,,,nan,nan,nan,nan,nan,nan,nan,nan,nan,nan,nan,nan,,nan,nan,,,nan,nan,nan,nan,nan,nan,nan,nan,nan,nan,nan,nan,nan,nan,nan,nan,nan,nan,nan,nan,nan,nan,nan,nan,,nan,nan,nan,,nan,,,,
nan,nan,nan,nan,nan,nan,nan,nan,nan,nan,nan,nan,nan,nan,nan,nan,nan,2221.0,0.0,0.0,0.0,0.0,0.0,0.0,0.0,18.0,0.0,0.0,0.0,0.0,0.0,0.0,0.0,2239.0,nan,nan,nan,,nan,nan,nan,nan,nan,nan,nan,,,,nan,nan,nan,nan,nan,nan,nan,nan,nan,nan,nan,nan,,nan,nan,,,nan,nan,nan,nan,nan,nan,nan,nan,nan,nan,nan,nan,nan,nan,nan,nan,nan,nan,nan,nan,nan,nan,nan,nan,,nan,nan,nan,,nan,,,,
nan,nan,nan,nan,nan,nan,nan,nan,nan,nan,nan,nan,nan,nan,nan,nan,nan,2144.0,0.0,0.0,0.0,0.0,0.0,0.0,0.0,14.0,0.0,0.0,0.0,0.0,0.0,0.0,0.0,2158.0,nan,nan,nan,,nan,nan,nan,nan,nan,nan,nan,,,,nan,nan,nan,nan,nan,nan,nan,nan,nan,nan,nan,nan,,nan,nan,,,nan,nan,nan,nan,nan,nan,nan,nan,nan,nan,nan,nan,nan,nan,nan,nan,nan,nan,nan,nan,nan,nan,nan,nan,,nan,nan,nan,,nan,,,,
nan,nan,nan,nan,nan,nan,nan,nan,nan,nan,nan,nan,nan,nan,nan,nan,nan,2103.0,0.0,0.0,0.0,0.0,0.0,0.0,0.0,16.0,0.0,0.0,0.0,0.0,0.0,0.0,0.0,2119.0,nan,nan,nan,,nan,nan,nan,nan,nan,nan,nan,,,,nan,nan,nan,nan,nan,nan,nan,nan,nan,nan,nan,nan,,nan,nan,,,nan,nan,nan,nan,nan,nan,nan,nan,nan,nan,nan,nan,nan,nan,nan,nan,nan,nan,nan,nan,nan,nan,nan,nan,,nan,nan,nan,,nan,,,,
nan,nan,nan,nan,nan,nan,nan,nan,nan,nan,nan,nan,nan,nan,nan,nan,nan,2104.0,0.0,0.0,0.0,0.0,0.0,0.0,0.0,12.0,0.0,0.0,0.0,0.0,0.0,0.0,0.0,2116.0,nan,nan,nan,,nan,nan,nan,nan,nan,nan,nan,,,,nan,nan,nan,nan,nan,nan,nan,nan,nan,nan,nan,nan,,nan,nan,,,nan,nan,nan,nan,nan,nan,nan,nan,nan,nan,nan,nan,nan,nan,nan,nan,nan,nan,nan,nan,nan,nan,nan,nan,,nan,nan,nan,,nan,,,,
nan,nan,nan,nan,nan,nan,nan,nan,nan,nan,nan,nan,nan,nan,nan,nan,nan,2200.0,0.0,0.0,0.0,0.0,0.0,0.0,0.0,10.0,0.0,0.0,0.0,0.0,0.0,0.0,0.0,2210.0,nan,nan,nan,,nan,nan,nan,nan,nan,nan,nan,,,,nan,nan,nan,nan,nan,nan,nan,nan,nan,nan,nan,nan,,nan,nan,,,nan,nan,nan,nan,nan,nan,nan,nan,nan,nan,nan,nan,nan,nan,nan,nan,nan,nan,nan,nan,nan,nan,nan,nan,,nan,nan,nan,,nan,,,,
nan,nan,nan,nan,nan,nan,nan,nan,nan,nan,nan,nan,nan,nan,nan,nan,nan,2115.0,0.0,0.0,0.0,0.0,0.0,0.0,0.0,10.0,0.0,0.0,0.0,0.0,0.0,0.0,0.0,2125.0,nan,nan,nan,,nan,nan,nan,nan,nan,nan,nan,,,,nan,nan,nan,nan,nan,nan,nan,nan,nan,nan,nan,nan,,nan,nan,,,nan,nan,nan,nan,nan,nan,nan,nan,nan,nan,nan,nan,nan,nan,nan,nan,nan,nan,nan,nan,nan,nan,nan,nan,,nan,nan,nan,,nan,,,,
nan,nan,nan,nan,nan,nan,nan,nan,nan,nan,nan,nan,nan,nan,nan,nan,nan,2132.0,0.0,0.0,0.0,0.0,0.0,0.0,0.0,11.0,0.0,0.0,0.0,0.0,0.0,0.0,0.0,2143.0,nan,nan,nan,,nan,nan,nan,nan,nan,nan,nan,,,,nan,nan,nan,nan,nan,nan,nan,nan,nan,nan,nan,nan,,nan,nan,,,nan,nan,nan,nan,nan,nan,nan,nan,nan,nan,nan,nan,nan,nan,nan,nan,nan,nan,nan,nan,nan,nan,nan,nan,,nan,nan,nan,,nan,,,,
nan,nan,nan,nan,nan,nan,nan,nan,nan,nan,nan,nan,nan,nan,nan,nan,nan,2075.0,0.0,0.0,0.0,0.0,0.0,0.0,0.0,11.0,0.0,0.0,0.0,0.0,0.0,0.0,0.0,2086.0,nan,nan,nan,,nan,nan,nan,nan,nan,nan,nan,,,,nan,nan,nan,nan,nan,nan,nan,nan,nan,nan,nan,nan,,nan,nan,,,nan,nan,nan,nan,nan,nan,nan,nan,nan,nan,nan,nan,nan,nan,nan,nan,nan,nan,nan,nan,nan,nan,nan,nan,,nan,nan,nan,,nan,,,,
nan,nan,nan,nan,nan,nan,nan,nan,nan,nan,nan,nan,nan,nan,nan,nan,nan,2161.0,0.0,0.0,0.0,0.0,0.0,0.0,0.0,10.0,0.0,0.0,0.0,0.0,0.0,0.0,0.0,2171.0,nan,nan,nan,,nan,nan,nan,nan,nan,nan,nan,,,,nan,nan,nan,nan,nan,nan,nan,nan,nan,nan,nan,nan,,nan,nan,,,nan,nan,nan,nan,nan,nan,nan,nan,nan,nan,nan,nan,nan,nan,nan,nan,nan,nan,nan,nan,nan,nan,nan,nan,,nan,nan,nan,,nan,,,,
nan,nan,nan,nan,nan,nan,nan,nan,nan,nan,nan,nan,nan,nan,nan,nan,nan,2075.0,0.0,0.0,0.0,0.0,0.0,0.0,0.0,15.0,0.0,0.0,0.0,0.0,0.0,0.0,0.0,2090.0,nan,nan,nan,,nan,nan,nan,nan,nan,nan,nan,,,,nan,nan,nan,nan,nan,nan,nan,nan,nan,nan,nan,nan,,nan,nan,,,nan,nan,nan,nan,nan,nan,nan,nan,nan,nan,nan,nan,nan,nan,nan,nan,nan,nan,nan,nan,nan,nan,nan,nan,,nan,nan,nan,,nan,,,,
nan,nan,nan,nan,nan,nan,nan,nan,nan,nan,nan,nan,nan,nan,nan,nan,nan,2182.0,0.0,0.0,0.0,0.0,0.0,0.0,0.0,14.0,0.0,0.0,0.0,0.0,0.0,0.0,0.0,2196.0,nan,nan,nan,,nan,nan,nan,nan,nan,nan,nan,,,,nan,nan,nan,nan,nan,nan,nan,nan,nan,nan,nan,nan,,nan,nan,,,nan,nan,nan,nan,nan,nan,nan,nan,nan,nan,nan,nan,nan,nan,nan,nan,nan,nan,nan,nan,nan,nan,nan,nan,,nan,nan,nan,,nan,,,,
nan,nan,nan,nan,nan,nan,nan,nan,nan,nan,nan,nan,nan,nan,nan,nan,nan,2169.0,0.0,0.0,0.0,0.0,0.0,0.0,0.0,16.0,0.0,0.0,0.0,0.0,0.0,0.0,0.0,2185.0,nan,nan,nan,,nan,nan,nan,nan,nan,nan,nan,,,,nan,nan,nan,nan,nan,nan,nan,nan,nan,nan,nan,nan,,nan,nan,,,nan,nan,nan,nan,nan,nan,nan,nan,nan,nan,nan,nan,nan,nan,nan,nan,nan,nan,nan,nan,nan,nan,nan,nan,,nan,nan,nan,,nan,,,,
nan,nan,nan,nan,nan,nan,nan,nan,nan,nan,nan,nan,nan,nan,nan,nan,nan,2192.0,0.0,0.0,0.0,0.0,0.0,0.0,0.0,16.0,0.0,0.0,0.0,0.0,0.0,0.0,0.0,2208.0,nan,nan,nan,,nan,nan,nan,nan,nan,nan,nan,,,,nan,nan,nan,nan,nan,nan,nan,nan,nan,nan,nan,nan,,nan,nan,,,nan,nan,nan,nan,nan,nan,nan,nan,nan,nan,nan,nan,nan,nan,nan,nan,nan,nan,nan,nan,nan,nan,nan,nan,,nan,nan,nan,,nan,,,,
nan,nan,nan,nan,nan,nan,nan,nan,nan,nan,nan,nan,nan,nan,nan,nan,nan,2122.0,0.0,0.0,0.0,0.0,0.0,0.0,0.0,22.0,0.0,0.0,0.0,0.0,0.0,0.0,0.0,2144.0,nan,nan,nan,,nan,nan,nan,nan,nan,nan,nan,,,,nan,nan,nan,nan,nan,nan,nan,nan,nan,nan,nan,nan,,nan,nan,,,nan,nan,nan,nan,nan,nan,nan,nan,nan,nan,nan,nan,nan,nan,nan,nan,nan,nan,nan,nan,nan,nan,nan,nan,,nan,nan,nan,,nan,,,,
nan,nan,nan,nan,nan,nan,nan,nan,nan,nan,nan,nan,nan,nan,nan,nan,nan,2119.0,0.0,0.0,0.0,0.0,0.0,0.0,0.0,14.0,0.0,0.0,0.0,0.0,0.0,0.0,0.0,2133.0,nan,nan,nan,,nan,nan,nan,nan,nan,nan,nan,,,,nan,nan,nan,nan,nan,nan,nan,nan,nan,nan,nan,nan,,nan,nan,,,nan,nan,nan,nan,nan,nan,nan,nan,nan,nan,nan,nan,nan,nan,nan,nan,nan,nan,nan,nan,nan,nan,nan,nan,,nan,nan,nan,,nan,,,,
nan,nan,nan,nan,nan,nan,nan,nan,nan,nan,nan,nan,nan,nan,nan,nan,nan,2110.0,0.0,0.0,0.0,0.0,0.0,0.0,0.0,14.0,0.0,0.0,0.0,0.0,0.0,0.0,0.0,2124.0,nan,nan,nan,,nan,nan,nan,nan,nan,nan,nan,,,,nan,nan,nan,nan,nan,nan,nan,nan,nan,nan,nan,nan,,nan,nan,,,nan,nan,nan,nan,nan,nan,nan,nan,nan,nan,nan,nan,nan,nan,nan,nan,nan,nan,nan,nan,nan,nan,nan,nan,,nan,nan,nan,,nan,,,,
nan,nan,nan,nan,nan,nan,nan,nan,nan,nan,nan,nan,nan,nan,nan,nan,nan,2176.0,0.0,0.0,0.0,0.0,0.0,0.0,0.0,19.0,0.0,0.0,0.0,0.0,0.0,0.0,0.0,2195.0,nan,nan,nan,,nan,nan,nan,nan,nan,nan,nan,,,,nan,nan,nan,nan,nan,nan,nan,nan,nan,nan,nan,nan,,nan,nan,,,nan,nan,nan,nan,nan,nan,nan,nan,nan,nan,nan,nan,nan,nan,nan,nan,nan,nan,nan,nan,nan,nan,nan,nan,,nan,nan,nan,,nan,,,,
nan,nan,nan,nan,nan,nan,nan,nan,nan,nan,nan,nan,nan,nan,nan,nan,nan,2111.0,0.0,0.0,0.0,0.0,0.0,0.0,0.0,13.0,0.0,0.0,0.0,0.0,0.0,0.0,0.0,2124.0,nan,nan,nan,,nan,nan,nan,nan,nan,nan,nan,,,,nan,nan,nan,nan,nan,nan,nan,nan,nan,nan,nan,nan,,nan,nan,,,nan,nan,nan,nan,nan,nan,nan,nan,nan,nan,nan,nan,nan,nan,nan,nan,nan,nan,nan,nan,nan,nan,nan,nan,,nan,nan,nan,,nan,,,,
nan,nan,nan,nan,nan,nan,nan,nan,nan,nan,nan,nan,nan,nan,nan,nan,nan,2075.0,0.0,0.0,0.0,0.0,0.0,0.0,0.0,10.0,0.0,0.0,0.0,0.0,0.0,0.0,0.0,2085.0,nan,nan,nan,,nan,nan,nan,nan,nan,nan,nan,,,,nan,nan,nan,nan,nan,nan,nan,nan,nan,nan,nan,nan,,nan,nan,,,nan,nan,nan,nan,nan,nan,nan,nan,nan,nan,nan,nan,nan,nan,nan,nan,nan,nan,nan,nan,nan,nan,nan,nan,,nan,nan,nan,,nan,,,,
nan,nan,nan,nan,nan,nan,nan,nan,nan,nan,nan,nan,nan,nan,nan,nan,nan,2269.0,0.0,0.0,0.0,0.0,0.0,0.0,0.0,12.0,0.0,0.0,0.0,0.0,0.0,0.0,0.0,2281.0,nan,nan,nan,,nan,nan,nan,nan,nan,nan,nan,,,,nan,nan,nan,nan,nan,nan,nan,nan,nan,nan,nan,nan,,nan,nan,,,nan,nan,nan,nan,nan,nan,nan,nan,nan,nan,nan,nan,nan,nan,nan,nan,nan,nan,nan,nan,nan,nan,nan,nan,,nan,nan,nan,,nan,,,,
nan,nan,nan,nan,nan,nan,nan,nan,nan,nan,nan,nan,nan,nan,nan,nan,nan,2174.0,0.0,0.0,0.0,0.0,0.0,0.0,0.0,15.0,0.0,0.0,0.0,0.0,0.0,0.0,0.0,2189.0,nan,nan,nan,,nan,nan,nan,nan,nan,nan,nan,,,,nan,nan,nan,nan,nan,nan,nan,nan,nan,nan,nan,nan,,nan,nan,,,nan,nan,nan,nan,nan,nan,nan,nan,nan,nan,nan,nan,nan,nan,nan,nan,nan,nan,nan,nan,nan,nan,nan,nan,,nan,nan,nan,,nan,,,,
nan,nan,nan,nan,nan,nan,nan,nan,nan,nan,nan,nan,nan,nan,nan,nan,nan,2193.0,0.0,0.0,0.0,0.0,0.0,0.0,0.0,17.0,0.0,0.0,0.0,0.0,0.0,0.0,0.0,2210.0,nan,nan,nan,,nan,nan,nan,nan,nan,nan,nan,,,,nan,nan,nan,nan,nan,nan,nan,nan,nan,nan,nan,nan,,nan,nan,,,nan,nan,nan,nan,nan,nan,nan,nan,nan,nan,nan,nan,nan,nan,nan,nan,nan,nan,nan,nan,nan,nan,nan,nan,,nan,nan,nan,,nan,,,,
nan,nan,nan,nan,nan,nan,nan,nan,nan,nan,nan,nan,nan,nan,nan,nan,nan,2185.0,0.0,0.0,0.0,0.0,0.0,0.0,0.0,11.0,0.0,0.0,0.0,0.0,0.0,0.0,0.0,2196.0,nan,nan,nan,,nan,nan,nan,nan,nan,nan,nan,,,,nan,nan,nan,nan,nan,nan,nan,nan,nan,nan,nan,nan,,nan,nan,,,nan,nan,nan,nan,nan,nan,nan,nan,nan,nan,nan,nan,nan,nan,nan,nan,nan,nan,nan,nan,nan,nan,nan,nan,,nan,nan,nan,,nan,,,,
nan,nan,nan,nan,nan,nan,nan,nan,nan,nan,nan,nan,nan,nan,nan,nan,nan,2159.0,0.0,0.0,0.0,0.0,0.0,0.0,0.0,7.0,0.0,0.0,0.0,0.0,0.0,0.0,0.0,2166.0,nan,nan,nan,,nan,nan,nan,nan,nan,nan,nan,,,,nan,nan,nan,nan,nan,nan,nan,nan,nan,nan,nan,nan,,nan,nan,,,nan,nan,nan,nan,nan,nan,nan,nan,nan,nan,nan,nan,nan,nan,nan,nan,nan,nan,nan,nan,nan,nan,nan,nan,,nan,nan,nan,,nan,,,,
nan,nan,nan,nan,nan,nan,nan,nan,nan,nan,nan,nan,nan,nan,nan,nan,nan,2198.0,0.0,0.0,0.0,0.0,0.0,0.0,0.0,13.0,0.0,0.0,0.0,0.0,0.0,0.0,0.0,2211.0,nan,nan,nan,,nan,nan,nan,nan,nan,nan,nan,,,,nan,nan,nan,nan,nan,nan,nan,nan,nan,nan,nan,nan,,nan,nan,,,nan,nan,nan,nan,nan,nan,nan,nan,nan,nan,nan,nan,nan,nan,nan,nan,nan,nan,nan,nan,nan,nan,nan,nan,,nan,nan,nan,,nan,,,,
nan,nan,nan,nan,nan,nan,nan,nan,nan,nan,nan,nan,nan,nan,nan,nan,nan,2136.0,0.0,0.0,0.0,0.0,0.0,0.0,0.0,11.0,0.0,0.0,0.0,0.0,0.0,0.0,0.0,2147.0,nan,nan,nan,,nan,nan,nan,nan,nan,nan,nan,,,,nan,nan,nan,nan,nan,nan,nan,nan,nan,nan,nan,nan,,nan,nan,,,nan,nan,nan,nan,nan,nan,nan,nan,nan,nan,nan,nan,nan,nan,nan,nan,nan,nan,nan,nan,nan,nan,nan,nan,,nan,nan,nan,,nan,,,,
nan,nan,nan,nan,nan,nan,nan,nan,nan,nan,nan,nan,nan,nan,nan,nan,nan,2170.0,0.0,0.0,0.0,0.0,0.0,0.0,0.0,6.0,0.0,0.0,0.0,0.0,0.0,0.0,0.0,2176.0,nan,nan,nan,,nan,nan,nan,nan,nan,nan,nan,,,,nan,nan,nan,nan,nan,nan,nan,nan,nan,nan,nan,nan,,nan,nan,,,nan,nan,nan,nan,nan,nan,nan,nan,nan,nan,nan,nan,nan,nan,nan,nan,nan,nan,nan,nan,nan,nan,nan,nan,,nan,nan,nan,,nan,,,,
nan,nan,nan,nan,nan,nan,nan,nan,nan,nan,nan,nan,nan,nan,nan,nan,nan,2137.0,0.0,0.0,0.0,0.0,0.0,0.0,0.0,7.0,0.0,0.0,0.0,0.0,0.0,0.0,0.0,2144.0,nan,nan,nan,,nan,nan,nan,nan,nan,nan,nan,,,,nan,nan,nan,nan,nan,nan,nan,nan,nan,nan,nan,nan,,nan,nan,,,nan,nan,nan,nan,nan,nan,nan,nan,nan,nan,nan,nan,nan,nan,nan,nan,nan,nan,nan,nan,nan,nan,nan,nan,,nan,nan,nan,,nan,,,,
nan,nan,nan,nan,nan,nan,nan,nan,nan,nan,nan,nan,nan,nan,nan,nan,nan,2114.0,0.0,0.0,0.0,0.0,0.0,0.0,0.0,13.0,0.0,0.0,0.0,0.0,0.0,0.0,0.0,2127.0,nan,nan,nan,,nan,nan,nan,nan,nan,nan,nan,,,,nan,nan,nan,nan,nan,nan,nan,nan,nan,nan,nan,nan,,nan,nan,,,nan,nan,nan,nan,nan,nan,nan,nan,nan,nan,nan,nan,nan,nan,nan,nan,nan,nan,nan,nan,nan,nan,nan,nan,,nan,nan,nan,,nan,,,,
nan,nan,nan,nan,nan,nan,nan,nan,nan,nan,nan,nan,nan,nan,nan,nan,nan,2196.0,0.0,0.0,0.0,0.0,0.0,0.0,0.0,12.0,0.0,0.0,0.0,0.0,0.0,0.0,0.0,2208.0,nan,nan,nan,,nan,nan,nan,nan,nan,nan,nan,,,,nan,nan,nan,nan,nan,nan,nan,nan,nan,nan,nan,nan,,nan,nan,,,nan,nan,nan,nan,nan,nan,nan,nan,nan,nan,nan,nan,nan,nan,nan,nan,nan,nan,nan,nan,nan,nan,nan,nan,,nan,nan,nan,,nan,,,,
nan,nan,nan,nan,nan,nan,nan,nan,nan,nan,nan,nan,nan,nan,nan,nan,nan,2180.0,0.0,0.0,0.0,0.0,0.0,0.0,0.0,9.0,0.0,0.0,0.0,0.0,0.0,0.0,0.0,2189.0,nan,nan,nan,,nan,nan,nan,nan,nan,nan,nan,,,,nan,nan,nan,nan,nan,nan,nan,nan,nan,nan,nan,nan,,nan,nan,,,nan,nan,nan,nan,nan,nan,nan,nan,nan,nan,nan,nan,nan,nan,nan,nan,nan,nan,nan,nan,nan,nan,nan,nan,,nan,nan,nan,,nan,,,,
nan,nan,nan,nan,nan,nan,nan,nan,nan,nan,nan,nan,nan,nan,nan,nan,nan,2081.0,0.0,0.0,0.0,0.0,0.0,0.0,0.0,12.0,0.0,0.0,0.0,0.0,0.0,0.0,0.0,2093.0,nan,nan,nan,,nan,nan,nan,nan,nan,nan,nan,,,,nan,nan,nan,nan,nan,nan,nan,nan,nan,nan,nan,nan,,nan,nan,,,nan,nan,nan,nan,nan,nan,nan,nan,nan,nan,nan,nan,nan,nan,nan,nan,nan,nan,nan,nan,nan,nan,nan,nan,,nan,nan,nan,,nan,,,,
nan,nan,nan,nan,nan,nan,nan,nan,nan,nan,nan,nan,nan,nan,nan,nan,nan,2162.0,0.0,0.0,0.0,0.0,0.0,0.0,0.0,10.0,0.0,0.0,0.0,0.0,0.0,0.0,0.0,2172.0,nan,nan,nan,,nan,nan,nan,nan,nan,nan,nan,,,,nan,nan,nan,nan,nan,nan,nan,nan,nan,nan,nan,nan,,nan,nan,,,nan,nan,nan,nan,nan,nan,nan,nan,nan,nan,nan,nan,nan,nan,nan,nan,nan,nan,nan,nan,nan,nan,nan,nan,,nan,nan,nan,,nan,,,,
nan,nan,nan,nan,nan,nan,nan,nan,nan,nan,nan,nan,nan,nan,nan,nan,nan,2168.0,0.0,0.0,0.0,0.0,0.0,0.0,0.0,10.0,0.0,0.0,0.0,0.0,0.0,0.0,0.0,2178.0,nan,nan,nan,,nan,nan,nan,nan,nan,nan,nan,,,,nan,nan,nan,nan,nan,nan,nan,nan,nan,nan,nan,nan,,nan,nan,,,nan,nan,nan,nan,nan,nan,nan,nan,nan,nan,nan,nan,nan,nan,nan,nan,nan,nan,nan,nan,nan,nan,nan,nan,,nan,nan,nan,,nan,,,,
nan,nan,nan,nan,nan,nan,nan,nan,nan,nan,nan,nan,nan,nan,nan,nan,nan,2103.0,0.0,0.0,0.0,0.0,0.0,0.0,0.0,12.0,0.0,0.0,0.0,0.0,0.0,0.0,0.0,2115.0,nan,nan,nan,,nan,nan,nan,nan,nan,nan,nan,,,,nan,nan,nan,nan,nan,nan,nan,nan,nan,nan,nan,nan,,nan,nan,,,nan,nan,nan,nan,nan,nan,nan,nan,nan,nan,nan,nan,nan,nan,nan,nan,nan,nan,nan,nan,nan,nan,nan,nan,,nan,nan,nan,,nan,,,,
nan,nan,nan,nan,nan,nan,nan,nan,nan,nan,nan,nan,nan,nan,nan,nan,nan,2165.0,0.0,0.0,0.0,0.0,0.0,0.0,0.0,15.0,0.0,0.0,0.0,0.0,0.0,0.0,0.0,2180.0,nan,nan,nan,,nan,nan,nan,nan,nan,nan,nan,,,,nan,nan,nan,nan,nan,nan,nan,nan,nan,nan,nan,nan,,nan,nan,,,nan,nan,nan,nan,nan,nan,nan,nan,nan,nan,nan,nan,nan,nan,nan,nan,nan,nan,nan,nan,nan,nan,nan,nan,,nan,nan,nan,,nan,,,,
nan,nan,nan,nan,nan,nan,nan,nan,nan,nan,nan,nan,nan,nan,nan,nan,nan,2107.0,0.0,0.0,0.0,0.0,0.0,0.0,0.0,13.0,0.0,0.0,0.0,0.0,0.0,0.0,0.0,2120.0,nan,nan,nan,,nan,nan,nan,nan,nan,nan,nan,,,,nan,nan,nan,nan,nan,nan,nan,nan,nan,nan,nan,nan,,nan,nan,,,nan,nan,nan,nan,nan,nan,nan,nan,nan,nan,nan,nan,nan,nan,nan,nan,nan,nan,nan,nan,nan,nan,nan,nan,,nan,nan,nan,,nan,,,,
nan,nan,nan,nan,nan,nan,nan,nan,nan,nan,nan,nan,nan,nan,nan,nan,nan,2112.0,0.0,0.0,0.0,0.0,0.0,0.0,0.0,12.0,0.0,0.0,0.0,0.0,0.0,0.0,0.0,2124.0,nan,nan,nan,,nan,nan,nan,nan,nan,nan,nan,,,,nan,nan,nan,nan,nan,nan,nan,nan,nan,nan,nan,nan,,nan,nan,,,nan,nan,nan,nan,nan,nan,nan,nan,nan,nan,nan,nan,nan,nan,nan,nan,nan,nan,nan,nan,nan,nan,nan,nan,,nan,nan,nan,,nan,,,,
nan,nan,nan,nan,nan,nan,nan,nan,nan,nan,nan,nan,nan,nan,nan,nan,nan,2077.0,0.0,0.0,0.0,0.0,0.0,0.0,0.0,11.0,0.0,0.0,0.0,0.0,0.0,0.0,0.0,2088.0,nan,nan,nan,,nan,nan,nan,nan,nan,nan,nan,,,,nan,nan,nan,nan,nan,nan,nan,nan,nan,nan,nan,nan,,nan,nan,,,nan,nan,nan,nan,nan,nan,nan,nan,nan,nan,nan,nan,nan,nan,nan,nan,nan,nan,nan,nan,nan,nan,nan,nan,,nan,nan,nan,,nan,,,,
nan,nan,nan,nan,nan,nan,nan,nan,nan,nan,nan,nan,nan,nan,nan,nan,nan,2100.0,0.0,0.0,0.0,0.0,0.0,0.0,0.0,10.0,0.0,0.0,0.0,0.0,0.0,0.0,0.0,2110.0,nan,nan,nan,,nan,nan,nan,nan,nan,nan,nan,,,,nan,nan,nan,nan,nan,nan,nan,nan,nan,nan,nan,nan,,nan,nan,,,nan,nan,nan,nan,nan,nan,nan,nan,nan,nan,nan,nan,nan,nan,nan,nan,nan,nan,nan,nan,nan,nan,nan,nan,,nan,nan,nan,,nan,,,,
nan,nan,nan,nan,nan,nan,nan,nan,nan,nan,nan,nan,nan,nan,nan,nan,nan,2115.0,0.0,0.0,0.0,0.0,0.0,0.0,0.0,14.0,0.0,0.0,0.0,0.0,0.0,0.0,0.0,2129.0,nan,nan,nan,,nan,nan,nan,nan,nan,nan,nan,,,,nan,nan,nan,nan,nan,nan,nan,nan,nan,nan,nan,nan,,nan,nan,,,nan,nan,nan,nan,nan,nan,nan,nan,nan,nan,nan,nan,nan,nan,nan,nan,nan,nan,nan,nan,nan,nan,nan,nan,,nan,nan,nan,,nan,,,,
nan,nan,nan,nan,nan,nan,nan,nan,nan,nan,nan,nan,nan,nan,nan,nan,nan,2119.0,0.0,0.0,0.0,0.0,0.0,0.0,0.0,11.0,0.0,0.0,0.0,0.0,0.0,0.0,0.0,2130.0,nan,nan,nan,,nan,nan,nan,nan,nan,nan,nan,,,,nan,nan,nan,nan,nan,nan,nan,nan,nan,nan,nan,nan,,nan,nan,,,nan,nan,nan,nan,nan,nan,nan,nan,nan,nan,nan,nan,nan,nan,nan,nan,nan,nan,nan,nan,nan,nan,nan,nan,,nan,nan,nan,,nan,,,,
nan,nan,nan,nan,nan,nan,nan,nan,nan,nan,nan,nan,nan,nan,nan,nan,nan,2130.0,0.0,0.0,0.0,0.0,0.0,0.0,0.0,10.0,0.0,0.0,0.0,0.0,0.0,0.0,0.0,2140.0,nan,nan,nan,,nan,nan,nan,nan,nan,nan,nan,,,,nan,nan,nan,nan,nan,nan,nan,nan,nan,nan,nan,nan,,nan,nan,,,nan,nan,nan,nan,nan,nan,nan,nan,nan,nan,nan,nan,nan,nan,nan,nan,nan,nan,nan,nan,nan,nan,nan,nan,,nan,nan,nan,,nan,,,,
nan,nan,nan,nan,nan,nan,nan,nan,nan,nan,nan,nan,nan,nan,nan,nan,nan,2155.0,0.0,0.0,0.0,0.0,0.0,0.0,0.0,9.0,0.0,0.0,0.0,0.0,0.0,0.0,0.0,2164.0,nan,nan,nan,,nan,nan,nan,nan,nan,nan,nan,,,,nan,nan,nan,nan,nan,nan,nan,nan,nan,nan,nan,nan,,nan,nan,,,nan,nan,nan,nan,nan,nan,nan,nan,nan,nan,nan,nan,nan,nan,nan,nan,nan,nan,nan,nan,nan,nan,nan,nan,,nan,nan,nan,,nan,,,,
nan,nan,nan,nan,nan,nan,nan,nan,nan,nan,nan,nan,nan,nan,nan,nan,nan,2228.0,0.0,0.0,0.0,0.0,0.0,0.0,0.0,8.0,0.0,0.0,0.0,0.0,0.0,0.0,0.0,2236.0,nan,nan,nan,,nan,nan,nan,nan,nan,nan,nan,,,,nan,nan,nan,nan,nan,nan,nan,nan,nan,nan,nan,nan,,nan,nan,,,nan,nan,nan,nan,nan,nan,nan,nan,nan,nan,nan,nan,nan,nan,nan,nan,nan,nan,nan,nan,nan,nan,nan,nan,,nan,nan,nan,,nan,,,,
nan,nan,nan,nan,nan,nan,nan,nan,nan,nan,nan,nan,nan,nan,nan,nan,nan,2129.0,0.0,0.0,0.0,0.0,0.0,0.0,0.0,11.0,0.0,0.0,0.0,0.0,0.0,0.0,0.0,2140.0,nan,nan,nan,,nan,nan,nan,nan,nan,nan,nan,,,,nan,nan,nan,nan,nan,nan,nan,nan,nan,nan,nan,nan,,nan,nan,,,nan,nan,nan,nan,nan,nan,nan,nan,nan,nan,nan,nan,nan,nan,nan,nan,nan,nan,nan,nan,nan,nan,nan,nan,,nan,nan,nan,,nan,,,,
nan,nan,nan,nan,nan,nan,nan,nan,nan,nan,nan,nan,nan,nan,nan,nan,nan,2145.0,0.0,0.0,0.0,0.0,0.0,0.0,0.0,12.0,0.0,0.0,0.0,0.0,0.0,0.0,0.0,2157.0,nan,nan,nan,,nan,nan,nan,nan,nan,nan,nan,,,,nan,nan,nan,nan,nan,nan,nan,nan,nan,nan,nan,nan,,nan,nan,,,nan,nan,nan,nan,nan,nan,nan,nan,nan,nan,nan,nan,nan,nan,nan,nan,nan,nan,nan,nan,nan,nan,nan,nan,,nan,nan,nan,,nan,,,,
nan,nan,nan,nan,nan,nan,nan,nan,nan,nan,nan,nan,nan,nan,nan,nan,nan,2230.0,0.0,0.0,0.0,0.0,0.0,0.0,0.0,13.0,0.0,0.0,0.0,0.0,0.0,0.0,0.0,2243.0,nan,nan,nan,,nan,nan,nan,nan,nan,nan,nan,,,,nan,nan,nan,nan,nan,nan,nan,nan,nan,nan,nan,nan,,nan,nan,,,nan,nan,nan,nan,nan,nan,nan,nan,nan,nan,nan,nan,nan,nan,nan,nan,nan,nan,nan,nan,nan,nan,nan,nan,,nan,nan,nan,,nan,,,,
nan,nan,nan,nan,nan,nan,nan,nan,nan,nan,nan,nan,nan,nan,nan,nan,nan,2265.0,0.0,0.0,0.0,0.0,0.0,0.0,0.0,12.0,0.0,0.0,0.0,0.0,0.0,0.0,0.0,2277.0,nan,nan,nan,,nan,nan,nan,nan,nan,nan,nan,,,,nan,nan,nan,nan,nan,nan,nan,nan,nan,nan,nan,nan,,nan,nan,,,nan,nan,nan,nan,nan,nan,nan,nan,nan,nan,nan,nan,nan,nan,nan,nan,nan,nan,nan,nan,nan,nan,nan,nan,,nan,nan,nan,,nan,,,,
nan,nan,nan,nan,nan,nan,nan,nan,nan,nan,nan,nan,nan,nan,nan,nan,nan,2198.0,0.0,0.0,0.0,0.0,0.0,0.0,0.0,11.0,0.0,0.0,0.0,0.0,0.0,0.0,0.0,2209.0,nan,nan,nan,,nan,nan,nan,nan,nan,nan,nan,,,,nan,nan,nan,nan,nan,nan,nan,nan,nan,nan,nan,nan,,nan,nan,,,nan,nan,nan,nan,nan,nan,nan,nan,nan,nan,nan,nan,nan,nan,nan,nan,nan,nan,nan,nan,nan,nan,nan,nan,,nan,nan,nan,,nan,,,,
nan,nan,nan,nan,nan,nan,nan,nan,nan,nan,nan,nan,nan,nan,nan,nan,nan,2167.0,0.0,0.0,0.0,0.0,0.0,0.0,0.0,13.0,0.0,0.0,0.0,0.0,0.0,0.0,0.0,2180.0,nan,nan,nan,,nan,nan,nan,nan,nan,nan,nan,,,,nan,nan,nan,nan,nan,nan,nan,nan,nan,nan,nan,nan,,nan,nan,,,nan,nan,nan,nan,nan,nan,nan,nan,nan,nan,nan,nan,nan,nan,nan,nan,nan,nan,nan,nan,nan,nan,nan,nan,,nan,nan,nan,,nan,,,,
nan,nan,nan,nan,nan,nan,nan,nan,nan,nan,nan,nan,nan,nan,nan,nan,nan,2211.0,0.0,0.0,0.0,0.0,0.0,0.0,0.0,11.0,0.0,0.0,0.0,0.0,0.0,0.0,0.0,2222.0,nan,nan,nan,,nan,nan,nan,nan,nan,nan,nan,,,,nan,nan,nan,nan,nan,nan,nan,nan,nan,nan,nan,nan,,nan,nan,,,nan,nan,nan,nan,nan,nan,nan,nan,nan,nan,nan,nan,nan,nan,nan,nan,nan,nan,nan,nan,nan,nan,nan,nan,,nan,nan,nan,,nan,,,,
nan,nan,nan,nan,nan,nan,nan,nan,nan,nan,nan,nan,nan,nan,nan,nan,nan,2068.0,0.0,0.0,0.0,0.0,0.0,0.0,0.0,16.0,0.0,0.0,0.0,0.0,0.0,0.0,0.0,2084.0,nan,nan,nan,,nan,nan,nan,nan,nan,nan,nan,,,,nan,nan,nan,nan,nan,nan,nan,nan,nan,nan,nan,nan,,nan,nan,,,nan,nan,nan,nan,nan,nan,nan,nan,nan,nan,nan,nan,nan,nan,nan,nan,nan,nan,nan,nan,nan,nan,nan,nan,,nan,nan,nan,,nan,,,,
nan,nan,nan,nan,nan,nan,nan,nan,nan,nan,nan,nan,nan,nan,nan,nan,nan,2163.0,0.0,0.0,0.0,0.0,0.0,0.0,0.0,6.0,0.0,0.0,0.0,0.0,0.0,0.0,0.0,2169.0,nan,nan,nan,,nan,nan,nan,nan,nan,nan,nan,,,,nan,nan,nan,nan,nan,nan,nan,nan,nan,nan,nan,nan,,nan,nan,,,nan,nan,nan,nan,nan,nan,nan,nan,nan,nan,nan,nan,nan,nan,nan,nan,nan,nan,nan,nan,nan,nan,nan,nan,,nan,nan,nan,,nan,,,,
nan,nan,nan,nan,nan,nan,nan,nan,nan,nan,nan,nan,nan,nan,nan,nan,nan,2104.0,0.0,0.0,0.0,0.0,0.0,0.0,0.0,9.0,0.0,0.0,0.0,0.0,0.0,0.0,0.0,2113.0,nan,nan,nan,,nan,nan,nan,nan,nan,nan,nan,,,,nan,nan,nan,nan,nan,nan,nan,nan,nan,nan,nan,nan,,nan,nan,,,nan,nan,nan,nan,nan,nan,nan,nan,nan,nan,nan,nan,nan,nan,nan,nan,nan,nan,nan,nan,nan,nan,nan,nan,,nan,nan,nan,,nan,,,,
nan,nan,nan,nan,nan,nan,nan,nan,nan,nan,nan,nan,nan,nan,nan,nan,nan,2118.0,0.0,0.0,0.0,0.0,0.0,0.0,0.0,13.0,0.0,0.0,0.0,0.0,0.0,0.0,0.0,2131.0,nan,nan,nan,,nan,nan,nan,nan,nan,nan,nan,,,,nan,nan,nan,nan,nan,nan,nan,nan,nan,nan,nan,nan,,nan,nan,,,nan,nan,nan,nan,nan,nan,nan,nan,nan,nan,nan,nan,nan,nan,nan,nan,nan,nan,nan,nan,nan,nan,nan,nan,,nan,nan,nan,,nan,,,,
nan,nan,nan,nan,nan,nan,nan,nan,nan,nan,nan,nan,nan,nan,nan,nan,nan,2111.0,0.0,0.0,0.0,0.0,0.0,0.0,0.0,13.0,0.0,0.0,0.0,0.0,0.0,0.0,0.0,2124.0,nan,nan,nan,,nan,nan,nan,nan,nan,nan,nan,,,,nan,nan,nan,nan,nan,nan,nan,nan,nan,nan,nan,nan,,nan,nan,,,nan,nan,nan,nan,nan,nan,nan,nan,nan,nan,nan,nan,nan,nan,nan,nan,nan,nan,nan,nan,nan,nan,nan,nan,,nan,nan,nan,,nan,,,,
nan,nan,nan,nan,nan,nan,nan,nan,nan,nan,nan,nan,nan,nan,nan,nan,nan,2159.0,0.0,0.0,0.0,0.0,0.0,0.0,0.0,11.0,0.0,0.0,0.0,0.0,0.0,0.0,0.0,2170.0,nan,nan,nan,,nan,nan,nan,nan,nan,nan,nan,,,,nan,nan,nan,nan,nan,nan,nan,nan,nan,nan,nan,nan,,nan,nan,,,nan,nan,nan,nan,nan,nan,nan,nan,nan,nan,nan,nan,nan,nan,nan,nan,nan,nan,nan,nan,nan,nan,nan,nan,,nan,nan,nan,,nan,,,,
nan,nan,nan,nan,nan,nan,nan,nan,nan,nan,nan,nan,nan,nan,nan,nan,nan,2215.0,0.0,0.0,0.0,0.0,0.0,0.0,0.0,16.0,0.0,0.0,0.0,0.0,0.0,0.0,0.0,2231.0,nan,nan,nan,,nan,nan,nan,nan,nan,nan,nan,,,,nan,nan,nan,nan,nan,nan,nan,nan,nan,nan,nan,nan,,nan,nan,,,nan,nan,nan,nan,nan,nan,nan,nan,nan,nan,nan,nan,nan,nan,nan,nan,nan,nan,nan,nan,nan,nan,nan,nan,,nan,nan,nan,,nan,,,,
nan,nan,nan,nan,nan,nan,nan,nan,nan,nan,nan,nan,nan,nan,nan,nan,nan,2131.0,0.0,0.0,0.0,0.0,0.0,0.0,0.0,9.0,0.0,0.0,0.0,0.0,0.0,0.0,0.0,2140.0,nan,nan,nan,,nan,nan,nan,nan,nan,nan,nan,,,,nan,nan,nan,nan,nan,nan,nan,nan,nan,nan,nan,nan,,nan,nan,,,nan,nan,nan,nan,nan,nan,nan,nan,nan,nan,nan,nan,nan,nan,nan,nan,nan,nan,nan,nan,nan,nan,nan,nan,,nan,nan,nan,,nan,,,,
nan,nan,nan,nan,nan,nan,nan,nan,nan,nan,nan,nan,nan,nan,nan,nan,nan,2104.0,0.0,0.0,0.0,0.0,0.0,0.0,0.0,11.0,0.0,0.0,0.0,0.0,0.0,0.0,0.0,2115.0,nan,nan,nan,,nan,nan,nan,nan,nan,nan,nan,,,,nan,nan,nan,nan,nan,nan,nan,nan,nan,nan,nan,nan,,nan,nan,,,nan,nan,nan,nan,nan,nan,nan,nan,nan,nan,nan,nan,nan,nan,nan,nan,nan,nan,nan,nan,nan,nan,nan,nan,,nan,nan,nan,,nan,,,,
nan,nan,nan,nan,nan,nan,nan,nan,nan,nan,nan,nan,nan,nan,nan,nan,nan,2216.0,0.0,0.0,0.0,0.0,0.0,0.0,0.0,24.0,0.0,0.0,0.0,0.0,0.0,0.0,0.0,2240.0,nan,nan,nan,,nan,nan,nan,nan,nan,nan,nan,,,,nan,nan,nan,nan,nan,nan,nan,nan,nan,nan,nan,nan,,nan,nan,,,nan,nan,nan,nan,nan,nan,nan,nan,nan,nan,nan,nan,nan,nan,nan,nan,nan,nan,nan,nan,nan,nan,nan,nan,,nan,nan,nan,,nan,,,,
nan,nan,nan,nan,nan,nan,nan,nan,nan,nan,nan,nan,nan,nan,nan,nan,nan,2182.0,0.0,0.0,0.0,0.0,0.0,0.0,0.0,13.0,0.0,0.0,0.0,0.0,0.0,0.0,0.0,2195.0,nan,nan,nan,,nan,nan,nan,nan,nan,nan,nan,,,,nan,nan,nan,nan,nan,nan,nan,nan,nan,nan,nan,nan,,nan,nan,,,nan,nan,nan,nan,nan,nan,nan,nan,nan,nan,nan,nan,nan,nan,nan,nan,nan,nan,nan,nan,nan,nan,nan,nan,,nan,nan,nan,,nan,,,,
nan,nan,nan,nan,nan,nan,nan,nan,nan,nan,nan,nan,nan,nan,nan,nan,nan,2225.0,0.0,0.0,0.0,0.0,0.0,0.0,0.0,13.0,0.0,0.0,0.0,0.0,0.0,0.0,0.0,2238.0,nan,nan,nan,,nan,nan,nan,nan,nan,nan,nan,,,,nan,nan,nan,nan,nan,nan,nan,nan,nan,nan,nan,nan,,nan,nan,,,nan,nan,nan,nan,nan,nan,nan,nan,nan,nan,nan,nan,nan,nan,nan,nan,nan,nan,nan,nan,nan,nan,nan,nan,,nan,nan,nan,,nan,,,,
nan,nan,nan,nan,nan,nan,nan,nan,nan,nan,nan,nan,nan,nan,nan,nan,nan,2091.0,0.0,0.0,0.0,0.0,0.0,0.0,0.0,12.0,0.0,0.0,0.0,0.0,0.0,0.0,0.0,2103.0,nan,nan,nan,,nan,nan,nan,nan,nan,nan,nan,,,,nan,nan,nan,nan,nan,nan,nan,nan,nan,nan,nan,nan,,nan,nan,,,nan,nan,nan,nan,nan,nan,nan,nan,nan,nan,nan,nan,nan,nan,nan,nan,nan,nan,nan,nan,nan,nan,nan,nan,,nan,nan,nan,,nan,,,,
nan,nan,nan,nan,nan,nan,nan,nan,nan,nan,nan,nan,nan,nan,nan,nan,nan,2119.0,0.0,0.0,0.0,0.0,0.0,0.0,0.0,18.0,0.0,0.0,0.0,0.0,0.0,0.0,0.0,2137.0,nan,nan,nan,,nan,nan,nan,nan,nan,nan,nan,,,,nan,nan,nan,nan,nan,nan,nan,nan,nan,nan,nan,nan,,nan,nan,,,nan,nan,nan,nan,nan,nan,nan,nan,nan,nan,nan,nan,nan,nan,nan,nan,nan,nan,nan,nan,nan,nan,nan,nan,,nan,nan,nan,,nan,,,,
nan,nan,nan,nan,nan,nan,nan,nan,nan,nan,nan,nan,nan,nan,nan,nan,nan,2123.0,0.0,0.0,0.0,0.0,0.0,0.0,0.0,9.0,0.0,0.0,0.0,0.0,0.0,0.0,0.0,2132.0,nan,nan,nan,,nan,nan,nan,nan,nan,nan,nan,,,,nan,nan,nan,nan,nan,nan,nan,nan,nan,nan,nan,nan,,nan,nan,,,nan,nan,nan,nan,nan,nan,nan,nan,nan,nan,nan,nan,nan,nan,nan,nan,nan,nan,nan,nan,nan,nan,nan,nan,,nan,nan,nan,,nan,,,,
nan,nan,nan,nan,nan,nan,nan,nan,nan,nan,nan,nan,nan,nan,nan,nan,nan,2060.0,0.0,0.0,0.0,0.0,0.0,0.0,0.0,14.0,0.0,0.0,0.0,0.0,0.0,0.0,0.0,2074.0,nan,nan,nan,,nan,nan,nan,nan,nan,nan,nan,,,,nan,nan,nan,nan,nan,nan,nan,nan,nan,nan,nan,nan,,nan,nan,,,nan,nan,nan,nan,nan,nan,nan,nan,nan,nan,nan,nan,nan,nan,nan,nan,nan,nan,nan,nan,nan,nan,nan,nan,,nan,nan,nan,,nan,,,,
nan,nan,nan,nan,nan,nan,nan,nan,nan,nan,nan,nan,nan,nan,nan,nan,nan,2236.0,0.0,0.0,0.0,0.0,0.0,0.0,0.0,15.0,0.0,0.0,0.0,0.0,0.0,0.0,0.0,2251.0,nan,nan,nan,,nan,nan,nan,nan,nan,nan,nan,,,,nan,nan,nan,nan,nan,nan,nan,nan,nan,nan,nan,nan,,nan,nan,,,nan,nan,nan,nan,nan,nan,nan,nan,nan,nan,nan,nan,nan,nan,nan,nan,nan,nan,nan,nan,nan,nan,nan,nan,,nan,nan,nan,,nan,,,,
nan,nan,nan,nan,nan,nan,nan,nan,nan,nan,nan,nan,nan,nan,nan,nan,nan,2102.0,0.0,0.0,0.0,0.0,0.0,0.0,0.0,12.0,0.0,0.0,0.0,0.0,0.0,0.0,0.0,2114.0,nan,nan,nan,,nan,nan,nan,nan,nan,nan,nan,,,,nan,nan,nan,nan,nan,nan,nan,nan,nan,nan,nan,nan,,nan,nan,,,nan,nan,nan,nan,nan,nan,nan,nan,nan,nan,nan,nan,nan,nan,nan,nan,nan,nan,nan,nan,nan,nan,nan,nan,,nan,nan,nan,,nan,,,,
nan,nan,nan,nan,nan,nan,nan,nan,nan,nan,nan,nan,nan,nan,nan,nan,nan,2154.0,0.0,0.0,0.0,0.0,0.0,0.0,0.0,11.0,0.0,0.0,0.0,0.0,0.0,0.0,0.0,2165.0,nan,nan,nan,,nan,nan,nan,nan,nan,nan,nan,,,,nan,nan,nan,nan,nan,nan,nan,nan,nan,nan,nan,nan,,nan,nan,,,nan,nan,nan,nan,nan,nan,nan,nan,nan,nan,nan,nan,nan,nan,nan,nan,nan,nan,nan,nan,nan,nan,nan,nan,,nan,nan,nan,,nan,,,,
nan,nan,nan,nan,nan,nan,nan,nan,nan,nan,nan,nan,nan,nan,nan,nan,nan,2198.0,0.0,0.0,0.0,0.0,0.0,0.0,0.0,13.0,0.0,0.0,0.0,0.0,0.0,0.0,0.0,2211.0,nan,nan,nan,,nan,nan,nan,nan,nan,nan,nan,,,,nan,nan,nan,nan,nan,nan,nan,nan,nan,nan,nan,nan,,nan,nan,,,nan,nan,nan,nan,nan,nan,nan,nan,nan,nan,nan,nan,nan,nan,nan,nan,nan,nan,nan,nan,nan,nan,nan,nan,,nan,nan,nan,,nan,,,,
nan,nan,nan,nan,nan,nan,nan,nan,nan,nan,nan,nan,nan,nan,nan,nan,nan,2106.0,0.0,0.0,0.0,0.0,0.0,0.0,0.0,9.0,0.0,0.0,0.0,0.0,0.0,0.0,0.0,2115.0,nan,nan,nan,,nan,nan,nan,nan,nan,nan,nan,,,,nan,nan,nan,nan,nan,nan,nan,nan,nan,nan,nan,nan,,nan,nan,,,nan,nan,nan,nan,nan,nan,nan,nan,nan,nan,nan,nan,nan,nan,nan,nan,nan,nan,nan,nan,nan,nan,nan,nan,,nan,nan,nan,,nan,,,,
nan,nan,nan,nan,nan,nan,nan,nan,nan,nan,nan,nan,nan,nan,nan,nan,nan,2128.0,0.0,0.0,0.0,0.0,0.0,0.0,0.0,15.0,0.0,0.0,0.0,0.0,0.0,0.0,0.0,2143.0,nan,nan,nan,,nan,nan,nan,nan,nan,nan,nan,,,,nan,nan,nan,nan,nan,nan,nan,nan,nan,nan,nan,nan,,nan,nan,,,nan,nan,nan,nan,nan,nan,nan,nan,nan,nan,nan,nan,nan,nan,nan,nan,nan,nan,nan,nan,nan,nan,nan,nan,,nan,nan,nan,,nan,,,,
nan,nan,nan,nan,nan,nan,nan,nan,nan,nan,nan,nan,nan,nan,nan,nan,nan,2085.0,0.0,0.0,0.0,0.0,0.0,0.0,0.0,14.0,0.0,0.0,0.0,0.0,0.0,0.0,0.0,2099.0,nan,nan,nan,,nan,nan,nan,nan,nan,nan,nan,,,,nan,nan,nan,nan,nan,nan,nan,nan,nan,nan,nan,nan,,nan,nan,,,nan,nan,nan,nan,nan,nan,nan,nan,nan,nan,nan,nan,nan,nan,nan,nan,nan,nan,nan,nan,nan,nan,nan,nan,,nan,nan,nan,,nan,,,,
nan,nan,nan,nan,nan,nan,nan,nan,nan,nan,nan,nan,nan,nan,nan,nan,nan,2163.0,0.0,0.0,0.0,0.0,0.0,0.0,0.0,14.0,0.0,0.0,0.0,0.0,0.0,0.0,0.0,2177.0,nan,nan,nan,,nan,nan,nan,nan,nan,nan,nan,,,,nan,nan,nan,nan,nan,nan,nan,nan,nan,nan,nan,nan,,nan,nan,,,nan,nan,nan,nan,nan,nan,nan,nan,nan,nan,nan,nan,nan,nan,nan,nan,nan,nan,nan,nan,nan,nan,nan,nan,,nan,nan,nan,,nan,,,,
nan,nan,nan,nan,nan,nan,nan,nan,nan,nan,nan,nan,nan,nan,nan,nan,nan,1950.0,0.0,0.0,0.0,0.0,0.0,0.0,0.0,20.0,0.0,0.0,0.0,0.0,0.0,0.0,0.0,1970.0,nan,nan,nan,,nan,nan,nan,nan,nan,nan,nan,,,,nan,nan,nan,nan,nan,nan,nan,nan,nan,nan,nan,nan,,nan,nan,,,nan,nan,nan,nan,nan,nan,nan,nan,nan,nan,nan,nan,nan,nan,nan,nan,nan,nan,nan,nan,nan,nan,nan,nan,,nan,nan,nan,,nan,,,,
nan,nan,nan,nan,nan,nan,nan,nan,nan,nan,nan,nan,nan,nan,nan,nan,nan,23.0,0.0,0.0,0.0,0.0,0.0,0.0,0.0,15.0,0.0,0.0,0.0,0.0,0.0,0.0,0.0,38.0,nan,nan,nan,,nan,nan,nan,nan,nan,nan,nan,,,,nan,nan,nan,nan,nan,nan,nan,nan,nan,nan,nan,nan,,nan,nan,,,nan,nan,nan,nan,nan,nan,nan,nan,nan,nan,nan,nan,nan,nan,nan,nan,nan,nan,nan,nan,nan,nan,nan,nan,,nan,nan,nan,,nan,,,,
nan,nan,nan,nan,nan,nan,nan,nan,nan,nan,nan,nan,nan,nan,nan,nan,nan,0.0,0.0,0.0,0.0,0.0,0.0,0.0,0.0,41.0,0.0,0.0,0.0,0.0,0.0,0.0,0.0,41.0,nan,nan,nan,,nan,nan,nan,nan,nan,nan,nan,,,,nan,nan,nan,nan,nan,nan,nan,nan,nan,nan,nan,nan,,nan,nan,,,nan,nan,nan,nan,nan,nan,nan,nan,nan,nan,nan,nan,nan,nan,nan,nan,nan,nan,nan,nan,nan,nan,nan,nan,,nan,nan,nan,,nan,,,,
nan,nan,nan,nan,nan,nan,nan,nan,nan,nan,nan,nan,nan,nan,nan,nan,nan,0.0,0.0,0.0,0.0,0.0,0.0,0.0,0.0,1026.0,0.0,0.0,0.0,0.0,0.0,0.0,0.0,1026.0,nan,nan,nan,,nan,nan,nan,nan,nan,nan,nan,,,,nan,nan,nan,nan,nan,nan,nan,nan,nan,nan,nan,nan,,nan,nan,,,nan,nan,nan,nan,nan,nan,nan,nan,nan,nan,nan,nan,nan,nan,nan,nan,nan,nan,nan,nan,nan,nan,nan,nan,,nan,nan,nan,,nan,,,,
nan,nan,nan,nan,nan,nan,nan,nan,nan,nan,nan,nan,nan,nan,nan,nan,nan,0.0,0.0,0.0,0.0,0.0,0.0,0.0,0.0,4120.0,0.0,0.0,0.0,0.0,0.0,0.0,0.0,4120.0,nan,nan,nan,,nan,nan,nan,nan,nan,nan,nan,,,,nan,nan,nan,nan,nan,nan,nan,nan,nan,nan,nan,nan,,nan,nan,,,nan,nan,nan,nan,nan,nan,nan,nan,nan,nan,nan,nan,nan,nan,nan,nan,nan,nan,nan,nan,nan,nan,nan,nan,,nan,nan,nan,,nan,,,,
nan,nan,nan,nan,nan,nan,nan,nan,nan,nan,nan,nan,nan,nan,nan,nan,nan,0.0,0.0,0.0,0.0,0.0,0.0,0.0,0.0,7718.0,0.0,0.0,0.0,0.0,0.0,0.0,0.0,7718.0,nan,nan,nan,,nan,nan,nan,nan,nan,nan,nan,,,,nan,nan,nan,nan,nan,nan,nan,nan,nan,nan,nan,nan,,nan,nan,,,nan,nan,nan,nan,nan,nan,nan,nan,nan,nan,nan,nan,nan,nan,nan,nan,nan,nan,nan,nan,nan,nan,nan,nan,,nan,nan,nan,,nan,,,,
nan,nan,nan,nan,nan,nan,nan,nan,nan,nan,nan,nan,nan,nan,nan,nan,nan,0.0,0.0,0.0,0.0,0.0,0.0,0.0,0.0,9925.0,0.0,0.0,0.0,0.0,0.0,0.0,0.0,9925.0,nan,nan,nan,,nan,nan,nan,nan,nan,nan,nan,,,,nan,nan,nan,nan,nan,nan,nan,nan,nan,nan,nan,nan,,nan,nan,,,nan,nan,nan,nan,nan,nan,nan,nan,nan,nan,nan,nan,nan,nan,nan,nan,nan,nan,nan,nan,nan,nan,nan,nan,,nan,nan,nan,,nan,,,,
nan,nan,nan,nan,nan,nan,nan,nan,nan,nan,nan,nan,nan,nan,nan,nan,nan,0.0,0.0,0.0,0.0,0.0,0.0,0.0,0.0,11159.0,0.0,0.0,0.0,0.0,0.0,0.0,0.0,11159.0,nan,nan,nan,,nan,nan,nan,nan,nan,nan,nan,,,,nan,nan,nan,nan,nan,nan,nan,nan,nan,nan,nan,nan,,nan,nan,,,nan,nan,nan,nan,nan,nan,nan,nan,nan,nan,nan,nan,nan,nan,nan,nan,nan,nan,nan,nan,nan,nan,nan,nan,,nan,nan,nan,,nan,,,,
nan,nan,nan,nan,nan,nan,nan,nan,nan,nan,nan,nan,nan,nan,nan,nan,nan,0.0,0.0,0.0,0.0,0.0,0.0,0.0,0.0,11824.0,0.0,0.0,0.0,0.0,0.0,0.0,0.0,11824.0,nan,nan,nan,,nan,nan,nan,nan,nan,nan,nan,,,,nan,nan,nan,nan,nan,nan,nan,nan,nan,nan,nan,nan,,nan,nan,,,nan,nan,nan,nan,nan,nan,nan,nan,nan,nan,nan,nan,nan,nan,nan,nan,nan,nan,nan,nan,nan,nan,nan,nan,,nan,nan,nan,,nan,,,,
nan,nan,nan,nan,nan,nan,nan,nan,nan,nan,nan,nan,nan,nan,nan,nan,nan,0.0,0.0,0.0,0.0,0.0,0.0,0.0,0.0,11381.0,0.0,0.0,0.0,0.0,0.0,0.0,0.0,11381.0,nan,nan,nan,,nan,nan,nan,nan,nan,nan,nan,,,,nan,nan,nan,nan,nan,nan,nan,nan,nan,nan,nan,nan,,nan,nan,,,nan,nan,nan,nan,nan,nan,nan,nan,nan,nan,nan,nan,nan,nan,nan,nan,nan,nan,nan,nan,nan,nan,nan,nan,,nan,nan,nan,,nan,,,,
nan,nan,nan,nan,nan,nan,nan,nan,nan,nan,nan,nan,nan,nan,nan,nan,nan,0.0,0.0,0.0,0.0,0.0,0.0,0.0,0.0,11238.0,0.0,0.0,0.0,0.0,0.0,0.0,0.0,11238.0,nan,nan,nan,,nan,nan,nan,nan,nan,nan,nan,,,,nan,nan,nan,nan,nan,nan,nan,nan,nan,nan,nan,nan,,nan,nan,,,nan,nan,nan,nan,nan,nan,nan,nan,nan,nan,nan,nan,nan,nan,nan,nan,nan,nan,nan,nan,nan,nan,nan,nan,,nan,nan,nan,,nan,,,,
nan,nan,nan,nan,nan,nan,nan,nan,nan,nan,nan,nan,nan,nan,nan,nan,nan,0.0,0.0,0.0,0.0,0.0,0.0,0.0,0.0,11046.0,0.0,0.0,0.0,0.0,0.0,0.0,0.0,11046.0,nan,nan,nan,,nan,nan,nan,nan,nan,nan,nan,,,,nan,nan,nan,nan,nan,nan,nan,nan,nan,nan,nan,nan,,nan,nan,,,nan,nan,nan,nan,nan,nan,nan,nan,nan,nan,nan,nan,nan,nan,nan,nan,nan,nan,nan,nan,nan,nan,nan,nan,,nan,nan,nan,,nan,,,,
nan,nan,nan,nan,nan,nan,nan,nan,nan,nan,nan,nan,nan,nan,nan,nan,nan,0.0,0.0,0.0,0.0,0.0,0.0,0.0,0.0,10757.0,0.0,0.0,0.0,0.0,0.0,0.0,0.0,10757.0,nan,nan,nan,,nan,nan,nan,nan,nan,nan,nan,,,,nan,nan,nan,nan,nan,nan,nan,nan,nan,nan,nan,nan,,nan,nan,,,nan,nan,nan,nan,nan,nan,nan,nan,nan,nan,nan,nan,nan,nan,nan,nan,nan,nan,nan,nan,nan,nan,nan,nan,,nan,nan,nan,,nan,,,,
nan,nan,nan,nan,nan,nan,nan,nan,nan,nan,nan,nan,nan,nan,nan,nan,nan,0.0,0.0,0.0,0.0,0.0,0.0,0.0,0.0,10414.0,0.0,0.0,0.0,0.0,0.0,0.0,0.0,10414.0,nan,nan,nan,,nan,nan,nan,nan,nan,nan,nan,,,,nan,nan,nan,nan,nan,nan,nan,nan,nan,nan,nan,nan,,nan,nan,,,nan,nan,nan,nan,nan,nan,nan,nan,nan,nan,nan,nan,nan,nan,nan,nan,nan,nan,nan,nan,nan,nan,nan,nan,,nan,nan,nan,,nan,,,,
nan,nan,nan,nan,nan,nan,nan,nan,nan,nan,nan,nan,nan,nan,nan,nan,nan,0.0,0.0,0.0,0.0,0.0,0.0,0.0,0.0,10162.0,0.0,0.0,0.0,0.0,0.0,0.0,0.0,10162.0,nan,nan,nan,,nan,nan,nan,nan,nan,nan,nan,,,,nan,nan,nan,nan,nan,nan,nan,nan,nan,nan,nan,nan,,nan,nan,,,nan,nan,nan,nan,nan,nan,nan,nan,nan,nan,nan,nan,nan,nan,nan,nan,nan,nan,nan,nan,nan,nan,nan,nan,,nan,nan,nan,,nan,,,,
nan,nan,nan,nan,nan,nan,nan,nan,nan,nan,nan,nan,nan,nan,nan,nan,nan,0.0,0.0,0.0,0.0,0.0,0.0,0.0,0.0,9689.0,0.0,0.0,0.0,0.0,0.0,0.0,0.0,9689.0,nan,nan,nan,,nan,nan,nan,nan,nan,nan,nan,,,,nan,nan,nan,nan,nan,nan,nan,nan,nan,nan,nan,nan,,nan,nan,,,nan,nan,nan,nan,nan,nan,nan,nan,nan,nan,nan,nan,nan,nan,nan,nan,nan,nan,nan,nan,nan,nan,nan,nan,,nan,nan,nan,,nan,,,,
nan,nan,nan,nan,nan,nan,nan,nan,nan,nan,nan,nan,nan,nan,nan,nan,nan,0.0,0.0,0.0,0.0,0.0,0.0,0.0,0.0,9581.0,0.0,0.0,0.0,0.0,0.0,0.0,0.0,9581.0,nan,nan,nan,,nan,nan,nan,nan,nan,nan,nan,,,,nan,nan,nan,nan,nan,nan,nan,nan,nan,nan,nan,nan,,nan,nan,,,nan,nan,nan,nan,nan,nan,nan,nan,nan,nan,nan,nan,nan,nan,nan,nan,nan,nan,nan,nan,nan,nan,nan,nan,,nan,nan,nan,,nan,,,,
nan,nan,nan,nan,nan,nan,nan,nan,nan,nan,nan,nan,nan,nan,nan,nan,nan,0.0,0.0,0.0,0.0,0.0,0.0,0.0,0.0,9321.0,0.0,0.0,0.0,0.0,0.0,0.0,0.0,9321.0,nan,nan,nan,,nan,nan,nan,nan,nan,nan,nan,,,,nan,nan,nan,nan,nan,nan,nan,nan,nan,nan,nan,nan,,nan,nan,,,nan,nan,nan,nan,nan,nan,nan,nan,nan,nan,nan,nan,nan,nan,nan,nan,nan,nan,nan,nan,nan,nan,nan,nan,,nan,nan,nan,,nan,,,,
nan,nan,nan,nan,nan,nan,nan,nan,nan,nan,nan,nan,nan,nan,nan,nan,nan,0.0,0.0,0.0,0.0,0.0,0.0,0.0,0.0,9100.0,0.0,0.0,0.0,0.0,0.0,0.0,0.0,9100.0,nan,nan,nan,,nan,nan,nan,nan,nan,nan,nan,,,,nan,nan,nan,nan,nan,nan,nan,nan,nan,nan,nan,nan,,nan,nan,,,nan,nan,nan,nan,nan,nan,nan,nan,nan,nan,nan,nan,nan,nan,nan,nan,nan,nan,nan,nan,nan,nan,nan,nan,,nan,nan,nan,,nan,,,,
nan,nan,nan,nan,nan,nan,nan,nan,nan,nan,nan,nan,nan,nan,nan,nan,nan,0.0,0.0,0.0,0.0,0.0,0.0,0.0,0.0,8789.0,0.0,0.0,0.0,0.0,0.0,0.0,0.0,8789.0,nan,nan,nan,,nan,nan,nan,nan,nan,nan,nan,,,,nan,nan,nan,nan,nan,nan,nan,nan,nan,nan,nan,nan,,nan,nan,,,nan,nan,nan,nan,nan,nan,nan,nan,nan,nan,nan,nan,nan,nan,nan,nan,nan,nan,nan,nan,nan,nan,nan,nan,,nan,nan,nan,,nan,,,,
nan,nan,nan,nan,nan,nan,nan,nan,nan,nan,nan,nan,nan,nan,nan,nan,nan,0.0,0.0,0.0,0.0,0.0,0.0,0.0,0.0,8673.0,0.0,0.0,0.0,0.0,0.0,0.0,0.0,8673.0,nan,nan,nan,,nan,nan,nan,nan,nan,nan,nan,,,,nan,nan,nan,nan,nan,nan,nan,nan,nan,nan,nan,nan,,nan,nan,,,nan,nan,nan,nan,nan,nan,nan,nan,nan,nan,nan,nan,nan,nan,nan,nan,nan,nan,nan,nan,nan,nan,nan,nan,,nan,nan,nan,,nan,,,,
nan,nan,nan,nan,nan,nan,nan,nan,nan,nan,nan,nan,nan,nan,nan,nan,nan,0.0,0.0,0.0,0.0,0.0,0.0,0.0,0.0,8288.0,0.0,0.0,0.0,0.0,0.0,0.0,0.0,8288.0,nan,nan,nan,,nan,nan,nan,nan,nan,nan,nan,,,,nan,nan,nan,nan,nan,nan,nan,nan,nan,nan,nan,nan,,nan,nan,,,nan,nan,nan,nan,nan,nan,nan,nan,nan,nan,nan,nan,nan,nan,nan,nan,nan,nan,nan,nan,nan,nan,nan,nan,,nan,nan,nan,,nan,,,,
nan,nan,nan,nan,nan,nan,nan,nan,nan,nan,nan,nan,nan,nan,nan,nan,nan,0.0,0.0,0.0,0.0,0.0,0.0,0.0,0.0,7944.0,0.0,0.0,0.0,0.0,0.0,0.0,0.0,7944.0,nan,nan,nan,,nan,nan,nan,nan,nan,nan,nan,,,,nan,nan,nan,nan,nan,nan,nan,nan,nan,nan,nan,nan,,nan,nan,,,nan,nan,nan,nan,nan,nan,nan,nan,nan,nan,nan,nan,nan,nan,nan,nan,nan,nan,nan,nan,nan,nan,nan,nan,,nan,nan,nan,,nan,,,,
nan,nan,nan,nan,nan,nan,nan,nan,nan,nan,nan,nan,nan,nan,nan,nan,nan,0.0,0.0,0.0,0.0,0.0,0.0,0.0,0.0,7791.0,0.0,0.0,0.0,0.0,0.0,0.0,0.0,7791.0,nan,nan,nan,,nan,nan,nan,nan,nan,nan,nan,,,,nan,nan,nan,nan,nan,nan,nan,nan,nan,nan,nan,nan,,nan,nan,,,nan,nan,nan,nan,nan,nan,nan,nan,nan,nan,nan,nan,nan,nan,nan,nan,nan,nan,nan,nan,nan,nan,nan,nan,,nan,nan,nan,,nan,,,,
nan,nan,nan,nan,nan,nan,nan,nan,nan,nan,nan,nan,nan,nan,nan,nan,nan,0.0,0.0,0.0,0.0,0.0,0.0,0.0,0.0,7672.0,0.0,0.0,0.0,0.0,0.0,0.0,0.0,7672.0,nan,nan,nan,,nan,nan,nan,nan,nan,nan,nan,,,,nan,nan,nan,nan,nan,nan,nan,nan,nan,nan,nan,nan,,nan,nan,,,nan,nan,nan,nan,nan,nan,nan,nan,nan,nan,nan,nan,nan,nan,nan,nan,nan,nan,nan,nan,nan,nan,nan,nan,,nan,nan,nan,,nan,,,,
nan,nan,nan,nan,nan,nan,nan,nan,nan,nan,nan,nan,nan,nan,nan,nan,nan,0.0,0.0,0.0,0.0,0.0,0.0,0.0,0.0,7375.0,0.0,0.0,0.0,0.0,0.0,0.0,0.0,7375.0,nan,nan,nan,,nan,nan,nan,nan,nan,nan,nan,,,,nan,nan,nan,nan,nan,nan,nan,nan,nan,nan,nan,nan,,nan,nan,,,nan,nan,nan,nan,nan,nan,nan,nan,nan,nan,nan,nan,nan,nan,nan,nan,nan,nan,nan,nan,nan,nan,nan,nan,,nan,nan,nan,,nan,,,,
nan,nan,nan,nan,nan,nan,nan,nan,nan,nan,nan,nan,nan,nan,nan,nan,nan,0.0,0.0,0.0,0.0,0.0,0.0,0.0,0.0,7057.0,0.0,0.0,0.0,0.0,0.0,0.0,0.0,7057.0,nan,nan,nan,,nan,nan,nan,nan,nan,nan,nan,,,,nan,nan,nan,nan,nan,nan,nan,nan,nan,nan,nan,nan,,nan,nan,,,nan,nan,nan,nan,nan,nan,nan,nan,nan,nan,nan,nan,nan,nan,nan,nan,nan,nan,nan,nan,nan,nan,nan,nan,,nan,nan,nan,,nan,,,,
nan,nan,nan,nan,nan,nan,nan,nan,nan,nan,nan,nan,nan,nan,nan,nan,nan,0.0,0.0,0.0,0.0,0.0,0.0,0.0,0.0,7089.0,0.0,0.0,0.0,0.0,0.0,0.0,0.0,7089.0,nan,nan,nan,,nan,nan,nan,nan,nan,nan,nan,,,,nan,nan,nan,nan,nan,nan,nan,nan,nan,nan,nan,nan,,nan,nan,,,nan,nan,nan,nan,nan,nan,nan,nan,nan,nan,nan,nan,nan,nan,nan,nan,nan,nan,nan,nan,nan,nan,nan,nan,,nan,nan,nan,,nan,,,,
nan,nan,nan,nan,nan,nan,nan,nan,nan,nan,nan,nan,nan,nan,nan,nan,nan,0.0,0.0,0.0,0.0,0.0,0.0,0.0,0.0,6819.0,0.0,0.0,0.0,0.0,0.0,0.0,0.0,6819.0,nan,nan,nan,,nan,nan,nan,nan,nan,nan,nan,,,,nan,nan,nan,nan,nan,nan,nan,nan,nan,nan,nan,nan,,nan,nan,,,nan,nan,nan,nan,nan,nan,nan,nan,nan,nan,nan,nan,nan,nan,nan,nan,nan,nan,nan,nan,nan,nan,nan,nan,,nan,nan,nan,,nan,,,,
nan,nan,nan,nan,nan,nan,nan,nan,nan,nan,nan,nan,nan,nan,nan,nan,nan,0.0,0.0,0.0,0.0,0.0,0.0,0.0,0.0,6629.0,0.0,0.0,0.0,0.0,0.0,0.0,0.0,6629.0,nan,nan,nan,,nan,nan,nan,nan,nan,nan,nan,,,,nan,nan,nan,nan,nan,nan,nan,nan,nan,nan,nan,nan,,nan,nan,,,nan,nan,nan,nan,nan,nan,nan,nan,nan,nan,nan,nan,nan,nan,nan,nan,nan,nan,nan,nan,nan,nan,nan,nan,,nan,nan,nan,,nan,,,,
nan,nan,nan,nan,nan,nan,nan,nan,nan,nan,nan,nan,nan,nan,nan,nan,nan,0.0,0.0,0.0,0.0,0.0,0.0,0.0,0.0,6538.0,0.0,0.0,0.0,0.0,0.0,0.0,0.0,6538.0,nan,nan,nan,,nan,nan,nan,nan,nan,nan,nan,,,,nan,nan,nan,nan,nan,nan,nan,nan,nan,nan,nan,nan,,nan,nan,,,nan,nan,nan,nan,nan,nan,nan,nan,nan,nan,nan,nan,nan,nan,nan,nan,nan,nan,nan,nan,nan,nan,nan,nan,,nan,nan,nan,,nan,,,,
nan,nan,nan,nan,nan,nan,nan,nan,nan,nan,nan,nan,nan,nan,nan,nan,nan,0.0,0.0,0.0,0.0,0.0,0.0,0.0,0.0,6256.0,0.0,0.0,0.0,0.0,0.0,0.0,0.0,6256.0,nan,nan,nan,,nan,nan,nan,nan,nan,nan,nan,,,,nan,nan,nan,nan,nan,nan,nan,nan,nan,nan,nan,nan,,nan,nan,,,nan,nan,nan,nan,nan,nan,nan,nan,nan,nan,nan,nan,nan,nan,nan,nan,nan,nan,nan,nan,nan,nan,nan,nan,,nan,nan,nan,,nan,,,,
nan,nan,nan,nan,nan,nan,nan,nan,nan,nan,nan,nan,nan,nan,nan,nan,nan,0.0,0.0,0.0,0.0,0.0,0.0,0.0,0.0,6090.0,0.0,0.0,0.0,0.0,0.0,0.0,0.0,6090.0,nan,nan,nan,,nan,nan,nan,nan,nan,nan,nan,,,,nan,nan,nan,nan,nan,nan,nan,nan,nan,nan,nan,nan,,nan,nan,,,nan,nan,nan,nan,nan,nan,nan,nan,nan,nan,nan,nan,nan,nan,nan,nan,nan,nan,nan,nan,nan,nan,nan,nan,,nan,nan,nan,,nan,,,,
nan,nan,nan,nan,nan,nan,nan,nan,nan,nan,nan,nan,nan,nan,nan,nan,nan,0.0,0.0,0.0,0.0,0.0,0.0,0.0,0.0,6060.0,0.0,0.0,0.0,0.0,0.0,0.0,0.0,6060.0,nan,nan,nan,,nan,nan,nan,nan,nan,nan,nan,,,,nan,nan,nan,nan,nan,nan,nan,nan,nan,nan,nan,nan,,nan,nan,,,nan,nan,nan,nan,nan,nan,nan,nan,nan,nan,nan,nan,nan,nan,nan,nan,nan,nan,nan,nan,nan,nan,nan,nan,,nan,nan,nan,,nan,,,,
nan,nan,nan,nan,nan,nan,nan,nan,nan,nan,nan,nan,nan,nan,nan,nan,nan,0.0,0.0,0.0,0.0,0.0,0.0,0.0,0.0,5910.0,0.0,0.0,0.0,0.0,0.0,0.0,0.0,5910.0,nan,nan,nan,,nan,nan,nan,nan,nan,nan,nan,,,,nan,nan,nan,nan,nan,nan,nan,nan,nan,nan,nan,nan,,nan,nan,,,nan,nan,nan,nan,nan,nan,nan,nan,nan,nan,nan,nan,nan,nan,nan,nan,nan,nan,nan,nan,nan,nan,nan,nan,,nan,nan,nan,,nan,,,,
nan,nan,nan,nan,nan,nan,nan,nan,nan,nan,nan,nan,nan,nan,nan,nan,nan,0.0,0.0,0.0,0.0,0.0,0.0,0.0,0.0,5854.0,0.0,0.0,0.0,0.0,0.0,0.0,0.0,5854.0,nan,nan,nan,,nan,nan,nan,nan,nan,nan,nan,,,,nan,nan,nan,nan,nan,nan,nan,nan,nan,nan,nan,nan,,nan,nan,,,nan,nan,nan,nan,nan,nan,nan,nan,nan,nan,nan,nan,nan,nan,nan,nan,nan,nan,nan,nan,nan,nan,nan,nan,,nan,nan,nan,,nan,,,,
nan,nan,nan,nan,nan,nan,nan,nan,nan,nan,nan,nan,nan,nan,nan,nan,nan,0.0,0.0,0.0,0.0,0.0,0.0,0.0,0.0,5627.0,0.0,0.0,0.0,0.0,0.0,0.0,0.0,5627.0,nan,nan,nan,,nan,nan,nan,nan,nan,nan,nan,,,,nan,nan,nan,nan,nan,nan,nan,nan,nan,nan,nan,nan,,nan,nan,,,nan,nan,nan,nan,nan,nan,nan,nan,nan,nan,nan,nan,nan,nan,nan,nan,nan,nan,nan,nan,nan,nan,nan,nan,,nan,nan,nan,,nan,,,,
nan,nan,nan,nan,nan,nan,nan,nan,nan,nan,nan,nan,nan,nan,nan,nan,nan,0.0,0.0,0.0,0.0,0.0,0.0,0.0,0.0,5402.0,0.0,0.0,0.0,0.0,0.0,0.0,0.0,5402.0,nan,nan,nan,,nan,nan,nan,nan,nan,nan,nan,,,,nan,nan,nan,nan,nan,nan,nan,nan,nan,nan,nan,nan,,nan,nan,,,nan,nan,nan,nan,nan,nan,nan,nan,nan,nan,nan,nan,nan,nan,nan,nan,nan,nan,nan,nan,nan,nan,nan,nan,,nan,nan,nan,,nan,,,,
nan,nan,nan,nan,nan,nan,nan,nan,nan,nan,nan,nan,nan,nan,nan,nan,nan,0.0,0.0,0.0,0.0,0.0,0.0,0.0,0.0,5241.0,0.0,0.0,0.0,0.0,0.0,0.0,0.0,5241.0,nan,nan,nan,,nan,nan,nan,nan,nan,nan,nan,,,,nan,nan,nan,nan,nan,nan,nan,nan,nan,nan,nan,nan,,nan,nan,,,nan,nan,nan,nan,nan,nan,nan,nan,nan,nan,nan,nan,nan,nan,nan,nan,nan,nan,nan,nan,nan,nan,nan,nan,,nan,nan,nan,,nan,,,,
nan,nan,nan,nan,nan,nan,nan,nan,nan,nan,nan,nan,nan,nan,nan,nan,nan,0.0,0.0,0.0,0.0,0.0,0.0,0.0,0.0,5058.0,0.0,0.0,0.0,0.0,0.0,0.0,0.0,5058.0,nan,nan,nan,,nan,nan,nan,nan,nan,nan,nan,,,,nan,nan,nan,nan,nan,nan,nan,nan,nan,nan,nan,nan,,nan,nan,,,nan,nan,nan,nan,nan,nan,nan,nan,nan,nan,nan,nan,nan,nan,nan,nan,nan,nan,nan,nan,nan,nan,nan,nan,,nan,nan,nan,,nan,,,,
nan,nan,nan,nan,nan,nan,nan,nan,nan,nan,nan,nan,nan,nan,nan,nan,nan,0.0,0.0,0.0,0.0,0.0,0.0,0.0,0.0,5074.0,0.0,0.0,0.0,0.0,0.0,0.0,0.0,5074.0,nan,nan,nan,,nan,nan,nan,nan,nan,nan,nan,,,,nan,nan,nan,nan,nan,nan,nan,nan,nan,nan,nan,nan,,nan,nan,,,nan,nan,nan,nan,nan,nan,nan,nan,nan,nan,nan,nan,nan,nan,nan,nan,nan,nan,nan,nan,nan,nan,nan,nan,,nan,nan,nan,,nan,,,,
nan,nan,nan,nan,nan,nan,nan,nan,nan,nan,nan,nan,nan,nan,nan,nan,nan,0.0,0.0,0.0,0.0,0.0,0.0,0.0,0.0,4970.0,0.0,0.0,0.0,0.0,0.0,0.0,0.0,4970.0,nan,nan,nan,,nan,nan,nan,nan,nan,nan,nan,,,,nan,nan,nan,nan,nan,nan,nan,nan,nan,nan,nan,nan,,nan,nan,,,nan,nan,nan,nan,nan,nan,nan,nan,nan,nan,nan,nan,nan,nan,nan,nan,nan,nan,nan,nan,nan,nan,nan,nan,,nan,nan,nan,,nan,,,,
nan,nan,nan,nan,nan,nan,nan,nan,nan,nan,nan,nan,nan,nan,nan,nan,nan,0.0,0.0,0.0,0.0,0.0,0.0,0.0,0.0,4806.0,0.0,0.0,0.0,0.0,0.0,0.0,0.0,4806.0,nan,nan,nan,,nan,nan,nan,nan,nan,nan,nan,,,,nan,nan,nan,nan,nan,nan,nan,nan,nan,nan,nan,nan,,nan,nan,,,nan,nan,nan,nan,nan,nan,nan,nan,nan,nan,nan,nan,nan,nan,nan,nan,nan,nan,nan,nan,nan,nan,nan,nan,,nan,nan,nan,,nan,,,,
nan,nan,nan,nan,nan,nan,nan,nan,nan,nan,nan,nan,nan,nan,nan,nan,nan,0.0,0.0,0.0,0.0,0.0,0.0,0.0,0.0,4663.0,0.0,0.0,0.0,0.0,0.0,0.0,0.0,4663.0,nan,nan,nan,,nan,nan,nan,nan,nan,nan,nan,,,,nan,nan,nan,nan,nan,nan,nan,nan,nan,nan,nan,nan,,nan,nan,,,nan,nan,nan,nan,nan,nan,nan,nan,nan,nan,nan,nan,nan,nan,nan,nan,nan,nan,nan,nan,nan,nan,nan,nan,,nan,nan,nan,,nan,,,,
nan,nan,nan,nan,nan,nan,nan,nan,nan,nan,nan,nan,nan,nan,nan,nan,nan,0.0,0.0,0.0,0.0,0.0,0.0,0.0,0.0,4549.0,0.0,0.0,0.0,0.0,0.0,0.0,0.0,4549.0,nan,nan,nan,,nan,nan,nan,nan,nan,nan,nan,,,,nan,nan,nan,nan,nan,nan,nan,nan,nan,nan,nan,nan,,nan,nan,,,nan,nan,nan,nan,nan,nan,nan,nan,nan,nan,nan,nan,nan,nan,nan,nan,nan,nan,nan,nan,nan,nan,nan,nan,,nan,nan,nan,,nan,,,,
nan,nan,nan,nan,nan,nan,nan,nan,nan,nan,nan,nan,nan,nan,nan,nan,nan,0.0,0.0,0.0,0.0,0.0,0.0,0.0,0.0,4512.0,0.0,0.0,0.0,0.0,0.0,0.0,0.0,4512.0,nan,nan,nan,,nan,nan,nan,nan,nan,nan,nan,,,,nan,nan,nan,nan,nan,nan,nan,nan,nan,nan,nan,nan,,nan,nan,,,nan,nan,nan,nan,nan,nan,nan,nan,nan,nan,nan,nan,nan,nan,nan,nan,nan,nan,nan,nan,nan,nan,nan,nan,,nan,nan,nan,,nan,,,,
nan,nan,nan,nan,nan,nan,nan,nan,nan,nan,nan,nan,nan,nan,nan,nan,nan,0.0,0.0,0.0,0.0,0.0,0.0,0.0,0.0,4294.0,0.0,0.0,0.0,0.0,0.0,0.0,0.0,4294.0,nan,nan,nan,,nan,nan,nan,nan,nan,nan,nan,,,,nan,nan,nan,nan,nan,nan,nan,nan,nan,nan,nan,nan,,nan,nan,,,nan,nan,nan,nan,nan,nan,nan,nan,nan,nan,nan,nan,nan,nan,nan,nan,nan,nan,nan,nan,nan,nan,nan,nan,,nan,nan,nan,,nan,,,,
nan,nan,nan,nan,nan,nan,nan,nan,nan,nan,nan,nan,nan,nan,nan,nan,nan,0.0,0.0,0.0,0.0,0.0,0.0,0.0,0.0,4257.0,0.0,0.0,0.0,0.0,0.0,0.0,0.0,4257.0,nan,nan,nan,,nan,nan,nan,nan,nan,nan,nan,,,,nan,nan,nan,nan,nan,nan,nan,nan,nan,nan,nan,nan,,nan,nan,,,nan,nan,nan,nan,nan,nan,nan,nan,nan,nan,nan,nan,nan,nan,nan,nan,nan,nan,nan,nan,nan,nan,nan,nan,,nan,nan,nan,,nan,,,,
nan,nan,nan,nan,nan,nan,nan,nan,nan,nan,nan,nan,nan,nan,nan,nan,nan,0.0,0.0,0.0,0.0,0.0,0.0,0.0,0.0,4120.0,0.0,0.0,0.0,0.0,0.0,0.0,0.0,4120.0,nan,nan,nan,,nan,nan,nan,nan,nan,nan,nan,,,,nan,nan,nan,nan,nan,nan,nan,nan,nan,nan,nan,nan,,nan,nan,,,nan,nan,nan,nan,nan,nan,nan,nan,nan,nan,nan,nan,nan,nan,nan,nan,nan,nan,nan,nan,nan,nan,nan,nan,,nan,nan,nan,,nan,,,,
nan,nan,nan,nan,nan,nan,nan,nan,nan,nan,nan,nan,nan,nan,nan,nan,nan,0.0,0.0,0.0,0.0,0.0,0.0,0.0,0.0,4003.0,0.0,0.0,0.0,0.0,0.0,0.0,0.0,4003.0,nan,nan,nan,,nan,nan,nan,nan,nan,nan,nan,,,,nan,nan,nan,nan,nan,nan,nan,nan,nan,nan,nan,nan,,nan,nan,,,nan,nan,nan,nan,nan,nan,nan,nan,nan,nan,nan,nan,nan,nan,nan,nan,nan,nan,nan,nan,nan,nan,nan,nan,,nan,nan,nan,,nan,,,,
nan,nan,nan,nan,nan,nan,nan,nan,nan,nan,nan,nan,nan,nan,nan,nan,nan,0.0,0.0,0.0,0.0,0.0,0.0,0.0,0.0,4014.0,0.0,0.0,0.0,0.0,0.0,0.0,0.0,4014.0,nan,nan,nan,,nan,nan,nan,nan,nan,nan,nan,,,,nan,nan,nan,nan,nan,nan,nan,nan,nan,nan,nan,nan,,nan,nan,,,nan,nan,nan,nan,nan,nan,nan,nan,nan,nan,nan,nan,nan,nan,nan,nan,nan,nan,nan,nan,nan,nan,nan,nan,,nan,nan,nan,,nan,,,,
nan,nan,nan,nan,nan,nan,nan,nan,nan,nan,nan,nan,nan,nan,nan,nan,nan,0.0,0.0,0.0,0.0,0.0,0.0,0.0,0.0,3892.0,0.0,0.0,0.0,0.0,0.0,0.0,0.0,3892.0,nan,nan,nan,,nan,nan,nan,nan,nan,nan,nan,,,,nan,nan,nan,nan,nan,nan,nan,nan,nan,nan,nan,nan,,nan,nan,,,nan,nan,nan,nan,nan,nan,nan,nan,nan,nan,nan,nan,nan,nan,nan,nan,nan,nan,nan,nan,nan,nan,nan,nan,,nan,nan,nan,,nan,,,,
nan,nan,nan,nan,nan,nan,nan,nan,nan,nan,nan,nan,nan,nan,nan,nan,nan,0.0,0.0,0.0,0.0,0.0,0.0,0.0,0.0,3789.0,0.0,0.0,0.0,0.0,0.0,0.0,0.0,3789.0,nan,nan,nan,,nan,nan,nan,nan,nan,nan,nan,,,,nan,nan,nan,nan,nan,nan,nan,nan,nan,nan,nan,nan,,nan,nan,,,nan,nan,nan,nan,nan,nan,nan,nan,nan,nan,nan,nan,nan,nan,nan,nan,nan,nan,nan,nan,nan,nan,nan,nan,,nan,nan,nan,,nan,,,,
nan,nan,nan,nan,nan,nan,nan,nan,nan,nan,nan,nan,nan,nan,nan,nan,nan,0.0,0.0,0.0,0.0,0.0,0.0,0.0,0.0,3701.0,0.0,0.0,0.0,0.0,0.0,0.0,0.0,3701.0,nan,nan,nan,,nan,nan,nan,nan,nan,nan,nan,,,,nan,nan,nan,nan,nan,nan,nan,nan,nan,nan,nan,nan,,nan,nan,,,nan,nan,nan,nan,nan,nan,nan,nan,nan,nan,nan,nan,nan,nan,nan,nan,nan,nan,nan,nan,nan,nan,nan,nan,,nan,nan,nan,,nan,,,,
nan,nan,nan,nan,nan,nan,nan,nan,nan,nan,nan,nan,nan,nan,nan,nan,nan,0.0,0.0,0.0,0.0,0.0,0.0,0.0,0.0,3625.0,0.0,0.0,0.0,0.0,0.0,0.0,0.0,3625.0,nan,nan,nan,,nan,nan,nan,nan,nan,nan,nan,,,,nan,nan,nan,nan,nan,nan,nan,nan,nan,nan,nan,nan,,nan,nan,,,nan,nan,nan,nan,nan,nan,nan,nan,nan,nan,nan,nan,nan,nan,nan,nan,nan,nan,nan,nan,nan,nan,nan,nan,,nan,nan,nan,,nan,,,,
nan,nan,nan,nan,nan,nan,nan,nan,nan,nan,nan,nan,nan,nan,nan,nan,nan,0.0,0.0,0.0,0.0,0.0,0.0,0.0,0.0,3649.0,0.0,0.0,0.0,0.0,0.0,0.0,0.0,3649.0,nan,nan,nan,,nan,nan,nan,nan,nan,nan,nan,,,,nan,nan,nan,nan,nan,nan,nan,nan,nan,nan,nan,nan,,nan,nan,,,nan,nan,nan,nan,nan,nan,nan,nan,nan,nan,nan,nan,nan,nan,nan,nan,nan,nan,nan,nan,nan,nan,nan,nan,,nan,nan,nan,,nan,,,,
nan,nan,nan,nan,nan,nan,nan,nan,nan,nan,nan,nan,nan,nan,nan,nan,nan,0.0,0.0,0.0,0.0,0.0,0.0,0.0,0.0,3541.0,0.0,0.0,0.0,0.0,0.0,0.0,0.0,3541.0,nan,nan,nan,,nan,nan,nan,nan,nan,nan,nan,,,,nan,nan,nan,nan,nan,nan,nan,nan,nan,nan,nan,nan,,nan,nan,,,nan,nan,nan,nan,nan,nan,nan,nan,nan,nan,nan,nan,nan,nan,nan,nan,nan,nan,nan,nan,nan,nan,nan,nan,,nan,nan,nan,,nan,,,,
nan,nan,nan,nan,nan,nan,nan,nan,nan,nan,nan,nan,nan,nan,nan,nan,nan,0.0,0.0,0.0,0.0,0.0,0.0,0.0,0.0,3485.0,0.0,0.0,0.0,0.0,0.0,0.0,0.0,3485.0,nan,nan,nan,,nan,nan,nan,nan,nan,nan,nan,,,,nan,nan,nan,nan,nan,nan,nan,nan,nan,nan,nan,nan,,nan,nan,,,nan,nan,nan,nan,nan,nan,nan,nan,nan,nan,nan,nan,nan,nan,nan,nan,nan,nan,nan,nan,nan,nan,nan,nan,,nan,nan,nan,,nan,,,,
nan,nan,nan,nan,nan,nan,nan,nan,nan,nan,nan,nan,nan,nan,nan,nan,nan,0.0,0.0,0.0,0.0,0.0,0.0,0.0,0.0,3365.0,0.0,0.0,0.0,0.0,0.0,0.0,0.0,3365.0,nan,nan,nan,,nan,nan,nan,nan,nan,nan,nan,,,,nan,nan,nan,nan,nan,nan,nan,nan,nan,nan,nan,nan,,nan,nan,,,nan,nan,nan,nan,nan,nan,nan,nan,nan,nan,nan,nan,nan,nan,nan,nan,nan,nan,nan,nan,nan,nan,nan,nan,,nan,nan,nan,,nan,,,,
nan,nan,nan,nan,nan,nan,nan,nan,nan,nan,nan,nan,nan,nan,nan,nan,nan,0.0,0.0,0.0,0.0,0.0,0.0,0.0,0.0,3286.0,0.0,0.0,0.0,0.0,0.0,0.0,0.0,3286.0,nan,nan,nan,,nan,nan,nan,nan,nan,nan,nan,,,,nan,nan,nan,nan,nan,nan,nan,nan,nan,nan,nan,nan,,nan,nan,,,nan,nan,nan,nan,nan,nan,nan,nan,nan,nan,nan,nan,nan,nan,nan,nan,nan,nan,nan,nan,nan,nan,nan,nan,,nan,nan,nan,,nan,,,,
nan,nan,nan,nan,nan,nan,nan,nan,nan,nan,nan,nan,nan,nan,nan,nan,nan,0.0,0.0,0.0,0.0,0.0,0.0,0.0,0.0,3226.0,0.0,0.0,0.0,0.0,0.0,0.0,0.0,3226.0,nan,nan,nan,,nan,nan,nan,nan,nan,nan,nan,,,,nan,nan,nan,nan,nan,nan,nan,nan,nan,nan,nan,nan,,nan,nan,,,nan,nan,nan,nan,nan,nan,nan,nan,nan,nan,nan,nan,nan,nan,nan,nan,nan,nan,nan,nan,nan,nan,nan,nan,,nan,nan,nan,,nan,,,,
nan,nan,nan,nan,nan,nan,nan,nan,nan,nan,nan,nan,nan,nan,nan,nan,nan,0.0,0.0,0.0,0.0,0.0,0.0,0.0,0.0,3217.0,0.0,0.0,0.0,0.0,0.0,0.0,0.0,3217.0,nan,nan,nan,,nan,nan,nan,nan,nan,nan,nan,,,,nan,nan,nan,nan,nan,nan,nan,nan,nan,nan,nan,nan,,nan,nan,,,nan,nan,nan,nan,nan,nan,nan,nan,nan,nan,nan,nan,nan,nan,nan,nan,nan,nan,nan,nan,nan,nan,nan,nan,,nan,nan,nan,,nan,,,,
nan,nan,nan,nan,nan,nan,nan,nan,nan,nan,nan,nan,nan,nan,nan,nan,nan,0.0,0.0,0.0,0.0,0.0,0.0,0.0,0.0,3005.0,0.0,0.0,0.0,0.0,0.0,0.0,0.0,3005.0,nan,nan,nan,,nan,nan,nan,nan,nan,nan,nan,,,,nan,nan,nan,nan,nan,nan,nan,nan,nan,nan,nan,nan,,nan,nan,,,nan,nan,nan,nan,nan,nan,nan,nan,nan,nan,nan,nan,nan,nan,nan,nan,nan,nan,nan,nan,nan,nan,nan,nan,,nan,nan,nan,,nan,,,,
nan,nan,nan,nan,nan,nan,nan,nan,nan,nan,nan,nan,nan,nan,nan,nan,nan,0.0,0.0,0.0,0.0,0.0,0.0,0.0,0.0,3003.0,0.0,0.0,0.0,0.0,0.0,0.0,0.0,3003.0,nan,nan,nan,,nan,nan,nan,nan,nan,nan,nan,,,,nan,nan,nan,nan,nan,nan,nan,nan,nan,nan,nan,nan,,nan,nan,,,nan,nan,nan,nan,nan,nan,nan,nan,nan,nan,nan,nan,nan,nan,nan,nan,nan,nan,nan,nan,nan,nan,nan,nan,,nan,nan,nan,,nan,,,,
nan,nan,nan,nan,nan,nan,nan,nan,nan,nan,nan,nan,nan,nan,nan,nan,nan,0.0,0.0,0.0,0.0,0.0,0.0,0.0,0.0,2923.0,0.0,0.0,0.0,0.0,0.0,0.0,0.0,2923.0,nan,nan,nan,,nan,nan,nan,nan,nan,nan,nan,,,,nan,nan,nan,nan,nan,nan,nan,nan,nan,nan,nan,nan,,nan,nan,,,nan,nan,nan,nan,nan,nan,nan,nan,nan,nan,nan,nan,nan,nan,nan,nan,nan,nan,nan,nan,nan,nan,nan,nan,,nan,nan,nan,,nan,,,,
nan,nan,nan,nan,nan,nan,nan,nan,nan,nan,nan,nan,nan,nan,nan,nan,nan,0.0,0.0,0.0,0.0,0.0,0.0,0.0,0.0,2906.0,0.0,0.0,0.0,0.0,0.0,0.0,0.0,2906.0,nan,nan,nan,,nan,nan,nan,nan,nan,nan,nan,,,,nan,nan,nan,nan,nan,nan,nan,nan,nan,nan,nan,nan,,nan,nan,,,nan,nan,nan,nan,nan,nan,nan,nan,nan,nan,nan,nan,nan,nan,nan,nan,nan,nan,nan,nan,nan,nan,nan,nan,,nan,nan,nan,,nan,,,,
nan,nan,nan,nan,nan,nan,nan,nan,nan,nan,nan,nan,nan,nan,nan,nan,nan,0.0,0.0,0.0,0.0,0.0,0.0,0.0,0.0,2847.0,0.0,0.0,0.0,0.0,0.0,0.0,0.0,2847.0,nan,nan,nan,,nan,nan,nan,nan,nan,nan,nan,,,,nan,nan,nan,nan,nan,nan,nan,nan,nan,nan,nan,nan,,nan,nan,,,nan,nan,nan,nan,nan,nan,nan,nan,nan,nan,nan,nan,nan,nan,nan,nan,nan,nan,nan,nan,nan,nan,nan,nan,,nan,nan,nan,,nan,,,,
nan,nan,nan,nan,nan,nan,nan,nan,nan,nan,nan,nan,nan,nan,nan,nan,nan,0.0,0.0,0.0,0.0,0.0,0.0,0.0,0.0,2743.0,0.0,0.0,0.0,0.0,0.0,0.0,0.0,2743.0,nan,nan,nan,,nan,nan,nan,nan,nan,nan,nan,,,,nan,nan,nan,nan,nan,nan,nan,nan,nan,nan,nan,nan,,nan,nan,,,nan,nan,nan,nan,nan,nan,nan,nan,nan,nan,nan,nan,nan,nan,nan,nan,nan,nan,nan,nan,nan,nan,nan,nan,,nan,nan,nan,,nan,,,,
nan,nan,nan,nan,nan,nan,nan,nan,nan,nan,nan,nan,nan,nan,nan,nan,nan,0.0,0.0,0.0,0.0,0.0,0.0,0.0,0.0,2721.0,0.0,0.0,0.0,0.0,0.0,0.0,0.0,2721.0,nan,nan,nan,,nan,nan,nan,nan,nan,nan,nan,,,,nan,nan,nan,nan,nan,nan,nan,nan,nan,nan,nan,nan,,nan,nan,,,nan,nan,nan,nan,nan,nan,nan,nan,nan,nan,nan,nan,nan,nan,nan,nan,nan,nan,nan,nan,nan,nan,nan,nan,,nan,nan,nan,,nan,,,,
nan,nan,nan,nan,nan,nan,nan,nan,nan,nan,nan,nan,nan,nan,nan,nan,nan,0.0,0.0,0.0,0.0,0.0,0.0,0.0,0.0,2577.0,0.0,0.0,0.0,0.0,0.0,0.0,0.0,2577.0,nan,nan,nan,,nan,nan,nan,nan,nan,nan,nan,,,,nan,nan,nan,nan,nan,nan,nan,nan,nan,nan,nan,nan,,nan,nan,,,nan,nan,nan,nan,nan,nan,nan,nan,nan,nan,nan,nan,nan,nan,nan,nan,nan,nan,nan,nan,nan,nan,nan,nan,,nan,nan,nan,,nan,,,,
nan,nan,nan,nan,nan,nan,nan,nan,nan,nan,nan,nan,nan,nan,nan,nan,nan,0.0,0.0,0.0,0.0,0.0,0.0,0.0,0.0,2583.0,0.0,0.0,0.0,0.0,0.0,0.0,0.0,2583.0,nan,nan,nan,,nan,nan,nan,nan,nan,nan,nan,,,,nan,nan,nan,nan,nan,nan,nan,nan,nan,nan,nan,nan,,nan,nan,,,nan,nan,nan,nan,nan,nan,nan,nan,nan,nan,nan,nan,nan,nan,nan,nan,nan,nan,nan,nan,nan,nan,nan,nan,,nan,nan,nan,,nan,,,,
nan,nan,nan,nan,nan,nan,nan,nan,nan,nan,nan,nan,nan,nan,nan,nan,nan,0.0,0.0,0.0,0.0,0.0,0.0,0.0,0.0,2495.0,0.0,0.0,0.0,0.0,0.0,0.0,0.0,2495.0,nan,nan,nan,,nan,nan,nan,nan,nan,nan,nan,,,,nan,nan,nan,nan,nan,nan,nan,nan,nan,nan,nan,nan,,nan,nan,,,nan,nan,nan,nan,nan,nan,nan,nan,nan,nan,nan,nan,nan,nan,nan,nan,nan,nan,nan,nan,nan,nan,nan,nan,,nan,nan,nan,,nan,,,,
nan,nan,nan,nan,nan,nan,nan,nan,nan,nan,nan,nan,nan,nan,nan,nan,nan,0.0,0.0,0.0,0.0,0.0,0.0,0.0,0.0,2403.0,0.0,0.0,0.0,0.0,0.0,0.0,0.0,2403.0,nan,nan,nan,,nan,nan,nan,nan,nan,nan,nan,,,,nan,nan,nan,nan,nan,nan,nan,nan,nan,nan,nan,nan,,nan,nan,,,nan,nan,nan,nan,nan,nan,nan,nan,nan,nan,nan,nan,nan,nan,nan,nan,nan,nan,nan,nan,nan,nan,nan,nan,,nan,nan,nan,,nan,,,,
nan,nan,nan,nan,nan,nan,nan,nan,nan,nan,nan,nan,nan,nan,nan,nan,nan,0.0,0.0,0.0,0.0,0.0,0.0,0.0,0.0,2555.0,0.0,0.0,0.0,0.0,0.0,0.0,0.0,2555.0,nan,nan,nan,,nan,nan,nan,nan,nan,nan,nan,,,,nan,nan,nan,nan,nan,nan,nan,nan,nan,nan,nan,nan,,nan,nan,,,nan,nan,nan,nan,nan,nan,nan,nan,nan,nan,nan,nan,nan,nan,nan,nan,nan,nan,nan,nan,nan,nan,nan,nan,,nan,nan,nan,,nan,,,,
nan,nan,nan,nan,nan,nan,nan,nan,nan,nan,nan,nan,nan,nan,nan,nan,nan,0.0,0.0,0.0,0.0,0.0,0.0,0.0,0.0,2312.0,0.0,0.0,0.0,0.0,0.0,0.0,0.0,2312.0,nan,nan,nan,,nan,nan,nan,nan,nan,nan,nan,,,,nan,nan,nan,nan,nan,nan,nan,nan,nan,nan,nan,nan,,nan,nan,,,nan,nan,nan,nan,nan,nan,nan,nan,nan,nan,nan,nan,nan,nan,nan,nan,nan,nan,nan,nan,nan,nan,nan,nan,,nan,nan,nan,,nan,,,,
nan,nan,nan,nan,nan,nan,nan,nan,nan,nan,nan,nan,nan,nan,nan,nan,nan,0.0,0.0,0.0,0.0,0.0,0.0,0.0,0.0,2415.0,0.0,0.0,0.0,0.0,0.0,0.0,0.0,2415.0,nan,nan,nan,,nan,nan,nan,nan,nan,nan,nan,,,,nan,nan,nan,nan,nan,nan,nan,nan,nan,nan,nan,nan,,nan,nan,,,nan,nan,nan,nan,nan,nan,nan,nan,nan,nan,nan,nan,nan,nan,nan,nan,nan,nan,nan,nan,nan,nan,nan,nan,,nan,nan,nan,,nan,,,,
nan,nan,nan,nan,nan,nan,nan,nan,nan,nan,nan,nan,nan,nan,nan,nan,nan,0.0,0.0,0.0,0.0,0.0,0.0,0.0,0.0,2348.0,0.0,0.0,0.0,0.0,0.0,0.0,0.0,2348.0,nan,nan,nan,,nan,nan,nan,nan,nan,nan,nan,,,,nan,nan,nan,nan,nan,nan,nan,nan,nan,nan,nan,nan,,nan,nan,,,nan,nan,nan,nan,nan,nan,nan,nan,nan,nan,nan,nan,nan,nan,nan,nan,nan,nan,nan,nan,nan,nan,nan,nan,,nan,nan,nan,,nan,,,,
nan,nan,nan,nan,nan,nan,nan,nan,nan,nan,nan,nan,nan,nan,nan,nan,nan,0.0,0.0,0.0,0.0,0.0,0.0,0.0,0.0,2264.0,0.0,0.0,0.0,0.0,0.0,0.0,0.0,2264.0,nan,nan,nan,,nan,nan,nan,nan,nan,nan,nan,,,,nan,nan,nan,nan,nan,nan,nan,nan,nan,nan,nan,nan,,nan,nan,,,nan,nan,nan,nan,nan,nan,nan,nan,nan,nan,nan,nan,nan,nan,nan,nan,nan,nan,nan,nan,nan,nan,nan,nan,,nan,nan,nan,,nan,,,,
nan,nan,nan,nan,nan,nan,nan,nan,nan,nan,nan,nan,nan,nan,nan,nan,nan,0.0,0.0,0.0,0.0,0.0,0.0,0.0,0.0,2137.0,0.0,0.0,0.0,0.0,0.0,0.0,0.0,2137.0,nan,nan,nan,,nan,nan,nan,nan,nan,nan,nan,,,,nan,nan,nan,nan,nan,nan,nan,nan,nan,nan,nan,nan,,nan,nan,,,nan,nan,nan,nan,nan,nan,nan,nan,nan,nan,nan,nan,nan,nan,nan,nan,nan,nan,nan,nan,nan,nan,nan,nan,,nan,nan,nan,,nan,,,,
nan,nan,nan,nan,nan,nan,nan,nan,nan,nan,nan,nan,nan,nan,nan,nan,nan,0.0,0.0,0.0,0.0,0.0,0.0,0.0,0.0,2065.0,0.0,0.0,0.0,0.0,0.0,0.0,0.0,2065.0,nan,nan,nan,,nan,nan,nan,nan,nan,nan,nan,,,,nan,nan,nan,nan,nan,nan,nan,nan,nan,nan,nan,nan,,nan,nan,,,nan,nan,nan,nan,nan,nan,nan,nan,nan,nan,nan,nan,nan,nan,nan,nan,nan,nan,nan,nan,nan,nan,nan,nan,,nan,nan,nan,,nan,,,,
nan,nan,nan,nan,nan,nan,nan,nan,nan,nan,nan,nan,nan,nan,nan,nan,nan,0.0,0.0,0.0,0.0,0.0,0.0,0.0,0.0,2129.0,0.0,0.0,0.0,0.0,0.0,0.0,0.0,2129.0,nan,nan,nan,,nan,nan,nan,nan,nan,nan,nan,,,,nan,nan,nan,nan,nan,nan,nan,nan,nan,nan,nan,nan,,nan,nan,,,nan,nan,nan,nan,nan,nan,nan,nan,nan,nan,nan,nan,nan,nan,nan,nan,nan,nan,nan,nan,nan,nan,nan,nan,,nan,nan,nan,,nan,,,,
nan,nan,nan,nan,nan,nan,nan,nan,nan,nan,nan,nan,nan,nan,nan,nan,nan,0.0,0.0,0.0,0.0,0.0,0.0,0.0,0.0,2093.0,0.0,0.0,0.0,0.0,0.0,0.0,0.0,2093.0,nan,nan,nan,,nan,nan,nan,nan,nan,nan,nan,,,,nan,nan,nan,nan,nan,nan,nan,nan,nan,nan,nan,nan,,nan,nan,,,nan,nan,nan,nan,nan,nan,nan,nan,nan,nan,nan,nan,nan,nan,nan,nan,nan,nan,nan,nan,nan,nan,nan,nan,,nan,nan,nan,,nan,,,,
nan,nan,nan,nan,nan,nan,nan,nan,nan,nan,nan,nan,nan,nan,nan,nan,nan,0.0,0.0,0.0,0.0,0.0,0.0,0.0,0.0,1979.0,0.0,0.0,0.0,0.0,0.0,0.0,0.0,1979.0,nan,nan,nan,,nan,nan,nan,nan,nan,nan,nan,,,,nan,nan,nan,nan,nan,nan,nan,nan,nan,nan,nan,nan,,nan,nan,,,nan,nan,nan,nan,nan,nan,nan,nan,nan,nan,nan,nan,nan,nan,nan,nan,nan,nan,nan,nan,nan,nan,nan,nan,,nan,nan,nan,,nan,,,,
nan,nan,nan,nan,nan,nan,nan,nan,nan,nan,nan,nan,nan,nan,nan,nan,nan,0.0,0.0,0.0,0.0,0.0,0.0,0.0,0.0,1964.0,0.0,0.0,0.0,0.0,0.0,0.0,0.0,1964.0,nan,nan,nan,,nan,nan,nan,nan,nan,nan,nan,,,,nan,nan,nan,nan,nan,nan,nan,nan,nan,nan,nan,nan,,nan,nan,,,nan,nan,nan,nan,nan,nan,nan,nan,nan,nan,nan,nan,nan,nan,nan,nan,nan,nan,nan,nan,nan,nan,nan,nan,,nan,nan,nan,,nan,,,,
nan,nan,nan,nan,nan,nan,nan,nan,nan,nan,nan,nan,nan,nan,nan,nan,nan,0.0,0.0,0.0,0.0,0.0,0.0,0.0,0.0,2054.0,0.0,0.0,0.0,0.0,0.0,0.0,0.0,2054.0,nan,nan,nan,,nan,nan,nan,nan,nan,nan,nan,,,,nan,nan,nan,nan,nan,nan,nan,nan,nan,nan,nan,nan,,nan,nan,,,nan,nan,nan,nan,nan,nan,nan,nan,nan,nan,nan,nan,nan,nan,nan,nan,nan,nan,nan,nan,nan,nan,nan,nan,,nan,nan,nan,,nan,,,,
nan,nan,nan,nan,nan,nan,nan,nan,nan,nan,nan,nan,nan,nan,nan,nan,nan,0.0,0.0,0.0,0.0,0.0,0.0,0.0,0.0,1993.0,0.0,0.0,0.0,0.0,0.0,0.0,0.0,1993.0,nan,nan,nan,,nan,nan,nan,nan,nan,nan,nan,,,,nan,nan,nan,nan,nan,nan,nan,nan,nan,nan,nan,nan,,nan,nan,,,nan,nan,nan,nan,nan,nan,nan,nan,nan,nan,nan,nan,nan,nan,nan,nan,nan,nan,nan,nan,nan,nan,nan,nan,,nan,nan,nan,,nan,,,,
nan,nan,nan,nan,nan,nan,nan,nan,nan,nan,nan,nan,nan,nan,nan,nan,nan,0.0,0.0,0.0,0.0,0.0,0.0,0.0,0.0,1825.0,0.0,0.0,0.0,0.0,0.0,0.0,0.0,1825.0,nan,nan,nan,,nan,nan,nan,nan,nan,nan,nan,,,,nan,nan,nan,nan,nan,nan,nan,nan,nan,nan,nan,nan,,nan,nan,,,nan,nan,nan,nan,nan,nan,nan,nan,nan,nan,nan,nan,nan,nan,nan,nan,nan,nan,nan,nan,nan,nan,nan,nan,,nan,nan,nan,,nan,,,,
nan,nan,nan,nan,nan,nan,nan,nan,nan,nan,nan,nan,nan,nan,nan,nan,nan,0.0,0.0,0.0,0.0,0.0,0.0,0.0,0.0,1931.0,0.0,0.0,0.0,0.0,0.0,0.0,0.0,1931.0,nan,nan,nan,,nan,nan,nan,nan,nan,nan,nan,,,,nan,nan,nan,nan,nan,nan,nan,nan,nan,nan,nan,nan,,nan,nan,,,nan,nan,nan,nan,nan,nan,nan,nan,nan,nan,nan,nan,nan,nan,nan,nan,nan,nan,nan,nan,nan,nan,nan,nan,,nan,nan,nan,,nan,,,,
nan,nan,nan,nan,nan,nan,nan,nan,nan,nan,nan,nan,nan,nan,nan,nan,nan,0.0,0.0,0.0,0.0,0.0,0.0,0.0,0.0,1842.0,0.0,0.0,0.0,0.0,0.0,0.0,0.0,1842.0,nan,nan,nan,,nan,nan,nan,nan,nan,nan,nan,,,,nan,nan,nan,nan,nan,nan,nan,nan,nan,nan,nan,nan,,nan,nan,,,nan,nan,nan,nan,nan,nan,nan,nan,nan,nan,nan,nan,nan,nan,nan,nan,nan,nan,nan,nan,nan,nan,nan,nan,,nan,nan,nan,,nan,,,,
nan,nan,nan,nan,nan,nan,nan,nan,nan,nan,nan,nan,nan,nan,nan,nan,nan,0.0,0.0,0.0,0.0,0.0,0.0,0.0,0.0,1824.0,0.0,0.0,0.0,0.0,0.0,0.0,0.0,1824.0,nan,nan,nan,,nan,nan,nan,nan,nan,nan,nan,,,,nan,nan,nan,nan,nan,nan,nan,nan,nan,nan,nan,nan,,nan,nan,,,nan,nan,nan,nan,nan,nan,nan,nan,nan,nan,nan,nan,nan,nan,nan,nan,nan,nan,nan,nan,nan,nan,nan,nan,,nan,nan,nan,,nan,,,,
nan,nan,nan,nan,nan,nan,nan,nan,nan,nan,nan,nan,nan,nan,nan,nan,nan,0.0,0.0,0.0,0.0,0.0,0.0,0.0,0.0,1849.0,0.0,0.0,0.0,0.0,0.0,0.0,0.0,1849.0,nan,nan,nan,,nan,nan,nan,nan,nan,nan,nan,,,,nan,nan,nan,nan,nan,nan,nan,nan,nan,nan,nan,nan,,nan,nan,,,nan,nan,nan,nan,nan,nan,nan,nan,nan,nan,nan,nan,nan,nan,nan,nan,nan,nan,nan,nan,nan,nan,nan,nan,,nan,nan,nan,,nan,,,,
nan,nan,nan,nan,nan,nan,nan,nan,nan,nan,nan,nan,nan,nan,nan,nan,nan,0.0,0.0,0.0,0.0,0.0,0.0,0.0,0.0,1772.0,0.0,0.0,0.0,0.0,0.0,0.0,0.0,1772.0,nan,nan,nan,,nan,nan,nan,nan,nan,nan,nan,,,,nan,nan,nan,nan,nan,nan,nan,nan,nan,nan,nan,nan,,nan,nan,,,nan,nan,nan,nan,nan,nan,nan,nan,nan,nan,nan,nan,nan,nan,nan,nan,nan,nan,nan,nan,nan,nan,nan,nan,,nan,nan,nan,,nan,,,,
nan,nan,nan,nan,nan,nan,nan,nan,nan,nan,nan,nan,nan,nan,nan,nan,nan,0.0,0.0,0.0,0.0,0.0,0.0,0.0,0.0,1668.0,0.0,0.0,0.0,0.0,0.0,0.0,0.0,1668.0,nan,nan,nan,,nan,nan,nan,nan,nan,nan,nan,,,,nan,nan,nan,nan,nan,nan,nan,nan,nan,nan,nan,nan,,nan,nan,,,nan,nan,nan,nan,nan,nan,nan,nan,nan,nan,nan,nan,nan,nan,nan,nan,nan,nan,nan,nan,nan,nan,nan,nan,,nan,nan,nan,,nan,,,,
nan,nan,nan,nan,nan,nan,nan,nan,nan,nan,nan,nan,nan,nan,nan,nan,nan,0.0,0.0,0.0,0.0,0.0,0.0,0.0,0.0,1646.0,0.0,0.0,0.0,0.0,0.0,0.0,0.0,1646.0,nan,nan,nan,,nan,nan,nan,nan,nan,nan,nan,,,,nan,nan,nan,nan,nan,nan,nan,nan,nan,nan,nan,nan,,nan,nan,,,nan,nan,nan,nan,nan,nan,nan,nan,nan,nan,nan,nan,nan,nan,nan,nan,nan,nan,nan,nan,nan,nan,nan,nan,,nan,nan,nan,,nan,,,,
nan,nan,nan,nan,nan,nan,nan,nan,nan,nan,nan,nan,nan,nan,nan,nan,nan,0.0,0.0,0.0,0.0,0.0,0.0,0.0,0.0,1694.0,0.0,0.0,0.0,0.0,0.0,0.0,0.0,1694.0,nan,nan,nan,,nan,nan,nan,nan,nan,nan,nan,,,,nan,nan,nan,nan,nan,nan,nan,nan,nan,nan,nan,nan,,nan,nan,,,nan,nan,nan,nan,nan,nan,nan,nan,nan,nan,nan,nan,nan,nan,nan,nan,nan,nan,nan,nan,nan,nan,nan,nan,,nan,nan,nan,,nan,,,,
nan,nan,nan,nan,nan,nan,nan,nan,nan,nan,nan,nan,nan,nan,nan,nan,nan,0.0,0.0,0.0,0.0,0.0,0.0,0.0,0.0,1643.0,0.0,0.0,0.0,0.0,0.0,0.0,0.0,1643.0,nan,nan,nan,,nan,nan,nan,nan,nan,nan,nan,,,,nan,nan,nan,nan,nan,nan,nan,nan,nan,nan,nan,nan,,nan,nan,,,nan,nan,nan,nan,nan,nan,nan,nan,nan,nan,nan,nan,nan,nan,nan,nan,nan,nan,nan,nan,nan,nan,nan,nan,,nan,nan,nan,,nan,,,,
nan,nan,nan,nan,nan,nan,nan,nan,nan,nan,nan,nan,nan,nan,nan,nan,nan,0.0,0.0,0.0,0.0,0.0,0.0,0.0,0.0,1594.0,0.0,0.0,0.0,0.0,0.0,0.0,0.0,1594.0,nan,nan,nan,,nan,nan,nan,nan,nan,nan,nan,,,,nan,nan,nan,nan,nan,nan,nan,nan,nan,nan,nan,nan,,nan,nan,,,nan,nan,nan,nan,nan,nan,nan,nan,nan,nan,nan,nan,nan,nan,nan,nan,nan,nan,nan,nan,nan,nan,nan,nan,,nan,nan,nan,,nan,,,,
nan,nan,nan,nan,nan,nan,nan,nan,nan,nan,nan,nan,nan,nan,nan,nan,nan,0.0,0.0,0.0,0.0,0.0,0.0,0.0,0.0,1558.0,0.0,0.0,0.0,0.0,0.0,0.0,0.0,1558.0,nan,nan,nan,,nan,nan,nan,nan,nan,nan,nan,,,,nan,nan,nan,nan,nan,nan,nan,nan,nan,nan,nan,nan,,nan,nan,,,nan,nan,nan,nan,nan,nan,nan,nan,nan,nan,nan,nan,nan,nan,nan,nan,nan,nan,nan,nan,nan,nan,nan,nan,,nan,nan,nan,,nan,,,,
nan,nan,nan,nan,nan,nan,nan,nan,nan,nan,nan,nan,nan,nan,nan,nan,nan,0.0,0.0,0.0,0.0,0.0,0.0,0.0,0.0,1552.0,0.0,0.0,0.0,0.0,0.0,0.0,0.0,1552.0,nan,nan,nan,,nan,nan,nan,nan,nan,nan,nan,,,,nan,nan,nan,nan,nan,nan,nan,nan,nan,nan,nan,nan,,nan,nan,,,nan,nan,nan,nan,nan,nan,nan,nan,nan,nan,nan,nan,nan,nan,nan,nan,nan,nan,nan,nan,nan,nan,nan,nan,,nan,nan,nan,,nan,,,,
nan,nan,nan,nan,nan,nan,nan,nan,nan,nan,nan,nan,nan,nan,nan,nan,nan,0.0,0.0,0.0,0.0,0.0,0.0,0.0,0.0,1490.0,0.0,0.0,0.0,0.0,0.0,0.0,0.0,1490.0,nan,nan,nan,,nan,nan,nan,nan,nan,nan,nan,,,,nan,nan,nan,nan,nan,nan,nan,nan,nan,nan,nan,nan,,nan,nan,,,nan,nan,nan,nan,nan,nan,nan,nan,nan,nan,nan,nan,nan,nan,nan,nan,nan,nan,nan,nan,nan,nan,nan,nan,,nan,nan,nan,,nan,,,,
nan,nan,nan,nan,nan,nan,nan,nan,nan,nan,nan,nan,nan,nan,nan,nan,nan,0.0,0.0,0.0,0.0,0.0,0.0,0.0,0.0,1441.0,0.0,0.0,0.0,0.0,0.0,0.0,0.0,1441.0,nan,nan,nan,,nan,nan,nan,nan,nan,nan,nan,,,,nan,nan,nan,nan,nan,nan,nan,nan,nan,nan,nan,nan,,nan,nan,,,nan,nan,nan,nan,nan,nan,nan,nan,nan,nan,nan,nan,nan,nan,nan,nan,nan,nan,nan,nan,nan,nan,nan,nan,,nan,nan,nan,,nan,,,,
nan,nan,nan,nan,nan,nan,nan,nan,nan,nan,nan,nan,nan,nan,nan,nan,nan,0.0,0.0,0.0,0.0,0.0,0.0,0.0,0.0,1501.0,0.0,0.0,0.0,0.0,0.0,0.0,0.0,1501.0,nan,nan,nan,,nan,nan,nan,nan,nan,nan,nan,,,,nan,nan,nan,nan,nan,nan,nan,nan,nan,nan,nan,nan,,nan,nan,,,nan,nan,nan,nan,nan,nan,nan,nan,nan,nan,nan,nan,nan,nan,nan,nan,nan,nan,nan,nan,nan,nan,nan,nan,,nan,nan,nan,,nan,,,,
nan,nan,nan,nan,nan,nan,nan,nan,nan,nan,nan,nan,nan,nan,nan,nan,nan,0.0,0.0,0.0,0.0,0.0,0.0,0.0,0.0,1402.0,0.0,0.0,0.0,0.0,0.0,0.0,0.0,1402.0,nan,nan,nan,,nan,nan,nan,nan,nan,nan,nan,,,,nan,nan,nan,nan,nan,nan,nan,nan,nan,nan,nan,nan,,nan,nan,,,nan,nan,nan,nan,nan,nan,nan,nan,nan,nan,nan,nan,nan,nan,nan,nan,nan,nan,nan,nan,nan,nan,nan,nan,,nan,nan,nan,,nan,,,,
nan,nan,nan,nan,nan,nan,nan,nan,nan,nan,nan,nan,nan,nan,nan,nan,nan,0.0,0.0,0.0,0.0,0.0,0.0,0.0,0.0,1403.0,0.0,0.0,0.0,0.0,0.0,0.0,0.0,1403.0,nan,nan,nan,,nan,nan,nan,nan,nan,nan,nan,,,,nan,nan,nan,nan,nan,nan,nan,nan,nan,nan,nan,nan,,nan,nan,,,nan,nan,nan,nan,nan,nan,nan,nan,nan,nan,nan,nan,nan,nan,nan,nan,nan,nan,nan,nan,nan,nan,nan,nan,,nan,nan,nan,,nan,,,,
nan,nan,nan,nan,nan,nan,nan,nan,nan,nan,nan,nan,nan,nan,nan,nan,nan,0.0,0.0,0.0,0.0,0.0,0.0,0.0,0.0,1385.0,0.0,0.0,0.0,0.0,0.0,0.0,0.0,1385.0,nan,nan,nan,,nan,nan,nan,nan,nan,nan,nan,,,,nan,nan,nan,nan,nan,nan,nan,nan,nan,nan,nan,nan,,nan,nan,,,nan,nan,nan,nan,nan,nan,nan,nan,nan,nan,nan,nan,nan,nan,nan,nan,nan,nan,nan,nan,nan,nan,nan,nan,,nan,nan,nan,,nan,,,,
nan,nan,nan,nan,nan,nan,nan,nan,nan,nan,nan,nan,nan,nan,nan,nan,nan,0.0,0.0,0.0,0.0,0.0,0.0,0.0,0.0,1333.0,0.0,0.0,0.0,0.0,0.0,0.0,0.0,1333.0,nan,nan,nan,,nan,nan,nan,nan,nan,nan,nan,,,,nan,nan,nan,nan,nan,nan,nan,nan,nan,nan,nan,nan,,nan,nan,,,nan,nan,nan,nan,nan,nan,nan,nan,nan,nan,nan,nan,nan,nan,nan,nan,nan,nan,nan,nan,nan,nan,nan,nan,,nan,nan,nan,,nan,,,,
nan,nan,nan,nan,nan,nan,nan,nan,nan,nan,nan,nan,nan,nan,nan,nan,nan,0.0,0.0,0.0,0.0,0.0,0.0,0.0,0.0,1309.0,0.0,0.0,0.0,0.0,0.0,0.0,0.0,1309.0,nan,nan,nan,,nan,nan,nan,nan,nan,nan,nan,,,,nan,nan,nan,nan,nan,nan,nan,nan,nan,nan,nan,nan,,nan,nan,,,nan,nan,nan,nan,nan,nan,nan,nan,nan,nan,nan,nan,nan,nan,nan,nan,nan,nan,nan,nan,nan,nan,nan,nan,,nan,nan,nan,,nan,,,,
nan,nan,nan,nan,nan,nan,nan,nan,nan,nan,nan,nan,nan,nan,nan,nan,nan,0.0,0.0,0.0,0.0,0.0,0.0,0.0,0.0,1259.0,0.0,0.0,0.0,0.0,0.0,0.0,0.0,1259.0,nan,nan,nan,,nan,nan,nan,nan,nan,nan,nan,,,,nan,nan,nan,nan,nan,nan,nan,nan,nan,nan,nan,nan,,nan,nan,,,nan,nan,nan,nan,nan,nan,nan,nan,nan,nan,nan,nan,nan,nan,nan,nan,nan,nan,nan,nan,nan,nan,nan,nan,,nan,nan,nan,,nan,,,,
nan,nan,nan,nan,nan,nan,nan,nan,nan,nan,nan,nan,nan,nan,nan,nan,nan,0.0,0.0,0.0,0.0,0.0,0.0,0.0,0.0,1278.0,0.0,0.0,0.0,0.0,0.0,0.0,0.0,1278.0,nan,nan,nan,,nan,nan,nan,nan,nan,nan,nan,,,,nan,nan,nan,nan,nan,nan,nan,nan,nan,nan,nan,nan,,nan,nan,,,nan,nan,nan,nan,nan,nan,nan,nan,nan,nan,nan,nan,nan,nan,nan,nan,nan,nan,nan,nan,nan,nan,nan,nan,,nan,nan,nan,,nan,,,,
nan,nan,nan,nan,nan,nan,nan,nan,nan,nan,nan,nan,nan,nan,nan,nan,nan,0.0,0.0,0.0,0.0,0.0,0.0,0.0,0.0,1233.0,0.0,0.0,0.0,0.0,0.0,0.0,0.0,1233.0,nan,nan,nan,,nan,nan,nan,nan,nan,nan,nan,,,,nan,nan,nan,nan,nan,nan,nan,nan,nan,nan,nan,nan,,nan,nan,,,nan,nan,nan,nan,nan,nan,nan,nan,nan,nan,nan,nan,nan,nan,nan,nan,nan,nan,nan,nan,nan,nan,nan,nan,,nan,nan,nan,,nan,,,,
nan,nan,nan,nan,nan,nan,nan,nan,nan,nan,nan,nan,nan,nan,nan,nan,nan,0.0,0.0,0.0,0.0,0.0,0.0,0.0,0.0,1206.0,0.0,0.0,0.0,0.0,0.0,0.0,0.0,1206.0,nan,nan,nan,,nan,nan,nan,nan,nan,nan,nan,,,,nan,nan,nan,nan,nan,nan,nan,nan,nan,nan,nan,nan,,nan,nan,,,nan,nan,nan,nan,nan,nan,nan,nan,nan,nan,nan,nan,nan,nan,nan,nan,nan,nan,nan,nan,nan,nan,nan,nan,,nan,nan,nan,,nan,,,,
nan,nan,nan,nan,nan,nan,nan,nan,nan,nan,nan,nan,nan,nan,nan,nan,nan,0.0,0.0,0.0,0.0,0.0,0.0,0.0,0.0,1252.0,0.0,0.0,0.0,0.0,0.0,0.0,0.0,1252.0,nan,nan,nan,,nan,nan,nan,nan,nan,nan,nan,,,,nan,nan,nan,nan,nan,nan,nan,nan,nan,nan,nan,nan,,nan,nan,,,nan,nan,nan,nan,nan,nan,nan,nan,nan,nan,nan,nan,nan,nan,nan,nan,nan,nan,nan,nan,nan,nan,nan,nan,,nan,nan,nan,,nan,,,,
nan,nan,nan,nan,nan,nan,nan,nan,nan,nan,nan,nan,nan,nan,nan,nan,nan,0.0,0.0,0.0,0.0,0.0,0.0,0.0,0.0,1185.0,0.0,0.0,0.0,0.0,0.0,0.0,0.0,1185.0,nan,nan,nan,,nan,nan,nan,nan,nan,nan,nan,,,,nan,nan,nan,nan,nan,nan,nan,nan,nan,nan,nan,nan,,nan,nan,,,nan,nan,nan,nan,nan,nan,nan,nan,nan,nan,nan,nan,nan,nan,nan,nan,nan,nan,nan,nan,nan,nan,nan,nan,,nan,nan,nan,,nan,,,,
nan,nan,nan,nan,nan,nan,nan,nan,nan,nan,nan,nan,nan,nan,nan,nan,nan,0.0,0.0,0.0,0.0,0.0,0.0,0.0,0.0,1128.0,0.0,0.0,0.0,0.0,0.0,0.0,0.0,1128.0,nan,nan,nan,,nan,nan,nan,nan,nan,nan,nan,,,,nan,nan,nan,nan,nan,nan,nan,nan,nan,nan,nan,nan,,nan,nan,,,nan,nan,nan,nan,nan,nan,nan,nan,nan,nan,nan,nan,nan,nan,nan,nan,nan,nan,nan,nan,nan,nan,nan,nan,,nan,nan,nan,,nan,,,,
nan,nan,nan,nan,nan,nan,nan,nan,nan,nan,nan,nan,nan,nan,nan,nan,nan,0.0,0.0,0.0,0.0,0.0,0.0,0.0,0.0,1204.0,0.0,0.0,0.0,0.0,0.0,0.0,0.0,1204.0,nan,nan,nan,,nan,nan,nan,nan,nan,nan,nan,,,,nan,nan,nan,nan,nan,nan,nan,nan,nan,nan,nan,nan,,nan,nan,,,nan,nan,nan,nan,nan,nan,nan,nan,nan,nan,nan,nan,nan,nan,nan,nan,nan,nan,nan,nan,nan,nan,nan,nan,,nan,nan,nan,,nan,,,,
nan,nan,nan,nan,nan,nan,nan,nan,nan,nan,nan,nan,nan,nan,nan,nan,nan,0.0,0.0,0.0,0.0,0.0,0.0,0.0,0.0,1133.0,0.0,0.0,0.0,0.0,0.0,0.0,0.0,1133.0,nan,nan,nan,,nan,nan,nan,nan,nan,nan,nan,,,,nan,nan,nan,nan,nan,nan,nan,nan,nan,nan,nan,nan,,nan,nan,,,nan,nan,nan,nan,nan,nan,nan,nan,nan,nan,nan,nan,nan,nan,nan,nan,nan,nan,nan,nan,nan,nan,nan,nan,,nan,nan,nan,,nan,,,,
nan,nan,nan,nan,nan,nan,nan,nan,nan,nan,nan,nan,nan,nan,nan,nan,nan,0.0,0.0,0.0,0.0,0.0,0.0,0.0,0.0,1126.0,0.0,0.0,0.0,0.0,0.0,0.0,0.0,1126.0,nan,nan,nan,,nan,nan,nan,nan,nan,nan,nan,,,,nan,nan,nan,nan,nan,nan,nan,nan,nan,nan,nan,nan,,nan,nan,,,nan,nan,nan,nan,nan,nan,nan,nan,nan,nan,nan,nan,nan,nan,nan,nan,nan,nan,nan,nan,nan,nan,nan,nan,,nan,nan,nan,,nan,,,,
nan,nan,nan,nan,nan,nan,nan,nan,nan,nan,nan,nan,nan,nan,nan,nan,nan,0.0,0.0,0.0,0.0,0.0,0.0,0.0,0.0,1078.0,0.0,0.0,0.0,0.0,0.0,0.0,0.0,1078.0,nan,nan,nan,,nan,nan,nan,nan,nan,nan,nan,,,,nan,nan,nan,nan,nan,nan,nan,nan,nan,nan,nan,nan,,nan,nan,,,nan,nan,nan,nan,nan,nan,nan,nan,nan,nan,nan,nan,nan,nan,nan,nan,nan,nan,nan,nan,nan,nan,nan,nan,,nan,nan,nan,,nan,,,,
nan,nan,nan,nan,nan,nan,nan,nan,nan,nan,nan,nan,nan,nan,nan,nan,nan,0.0,0.0,0.0,0.0,0.0,0.0,0.0,0.0,1083.0,0.0,0.0,0.0,0.0,0.0,0.0,0.0,1083.0,nan,nan,nan,,nan,nan,nan,nan,nan,nan,nan,,,,nan,nan,nan,nan,nan,nan,nan,nan,nan,nan,nan,nan,,nan,nan,,,nan,nan,nan,nan,nan,nan,nan,nan,nan,nan,nan,nan,nan,nan,nan,nan,nan,nan,nan,nan,nan,nan,nan,nan,,nan,nan,nan,,nan,,,,
nan,nan,nan,nan,nan,nan,nan,nan,nan,nan,nan,nan,nan,nan,nan,nan,nan,0.0,0.0,0.0,0.0,0.0,0.0,0.0,0.0,969.0,0.0,0.0,0.0,0.0,0.0,0.0,0.0,969.0,nan,nan,nan,,nan,nan,nan,nan,nan,nan,nan,,,,nan,nan,nan,nan,nan,nan,nan,nan,nan,nan,nan,nan,,nan,nan,,,nan,nan,nan,nan,nan,nan,nan,nan,nan,nan,nan,nan,nan,nan,nan,nan,nan,nan,nan,nan,nan,nan,nan,nan,,nan,nan,nan,,nan,,,,
nan,nan,nan,nan,nan,nan,nan,nan,nan,nan,nan,nan,nan,nan,nan,nan,nan,0.0,0.0,0.0,0.0,0.0,0.0,0.0,0.0,1041.0,0.0,0.0,0.0,0.0,0.0,0.0,0.0,1041.0,nan,nan,nan,,nan,nan,nan,nan,nan,nan,nan,,,,nan,nan,nan,nan,nan,nan,nan,nan,nan,nan,nan,nan,,nan,nan,,,nan,nan,nan,nan,nan,nan,nan,nan,nan,nan,nan,nan,nan,nan,nan,nan,nan,nan,nan,nan,nan,nan,nan,nan,,nan,nan,nan,,nan,,,,
nan,nan,nan,nan,nan,nan,nan,nan,nan,nan,nan,nan,nan,nan,nan,nan,nan,0.0,0.0,0.0,0.0,0.0,0.0,0.0,0.0,1012.0,0.0,0.0,0.0,0.0,0.0,0.0,0.0,1012.0,nan,nan,nan,,nan,nan,nan,nan,nan,nan,nan,,,,nan,nan,nan,nan,nan,nan,nan,nan,nan,nan,nan,nan,,nan,nan,,,nan,nan,nan,nan,nan,nan,nan,nan,nan,nan,nan,nan,nan,nan,nan,nan,nan,nan,nan,nan,nan,nan,nan,nan,,nan,nan,nan,,nan,,,,
nan,nan,nan,nan,nan,nan,nan,nan,nan,nan,nan,nan,nan,nan,nan,nan,nan,0.0,0.0,0.0,0.0,0.0,0.0,0.0,0.0,1038.0,0.0,0.0,0.0,0.0,0.0,0.0,0.0,1038.0,nan,nan,nan,,nan,nan,nan,nan,nan,nan,nan,,,,nan,nan,nan,nan,nan,nan,nan,nan,nan,nan,nan,nan,,nan,nan,,,nan,nan,nan,nan,nan,nan,nan,nan,nan,nan,nan,nan,nan,nan,nan,nan,nan,nan,nan,nan,nan,nan,nan,nan,,nan,nan,nan,,nan,,,,
nan,nan,nan,nan,nan,nan,nan,nan,nan,nan,nan,nan,nan,nan,nan,nan,nan,0.0,0.0,0.0,0.0,0.0,0.0,0.0,0.0,926.0,0.0,0.0,0.0,0.0,0.0,0.0,0.0,926.0,nan,nan,nan,,nan,nan,nan,nan,nan,nan,nan,,,,nan,nan,nan,nan,nan,nan,nan,nan,nan,nan,nan,nan,,nan,nan,,,nan,nan,nan,nan,nan,nan,nan,nan,nan,nan,nan,nan,nan,nan,nan,nan,nan,nan,nan,nan,nan,nan,nan,nan,,nan,nan,nan,,nan,,,,
nan,nan,nan,nan,nan,nan,nan,nan,nan,nan,nan,nan,nan,nan,nan,nan,nan,0.0,0.0,0.0,0.0,0.0,0.0,0.0,0.0,952.0,0.0,0.0,0.0,0.0,0.0,0.0,0.0,952.0,nan,nan,nan,,nan,nan,nan,nan,nan,nan,nan,,,,nan,nan,nan,nan,nan,nan,nan,nan,nan,nan,nan,nan,,nan,nan,,,nan,nan,nan,nan,nan,nan,nan,nan,nan,nan,nan,nan,nan,nan,nan,nan,nan,nan,nan,nan,nan,nan,nan,nan,,nan,nan,nan,,nan,,,,
nan,nan,nan,nan,nan,nan,nan,nan,nan,nan,nan,nan,nan,nan,nan,nan,nan,0.0,0.0,0.0,0.0,0.0,0.0,0.0,0.0,942.0,0.0,0.0,0.0,0.0,0.0,0.0,0.0,942.0,nan,nan,nan,,nan,nan,nan,nan,nan,nan,nan,,,,nan,nan,nan,nan,nan,nan,nan,nan,nan,nan,nan,nan,,nan,nan,,,nan,nan,nan,nan,nan,nan,nan,nan,nan,nan,nan,nan,nan,nan,nan,nan,nan,nan,nan,nan,nan,nan,nan,nan,,nan,nan,nan,,nan,,,,
nan,nan,nan,nan,nan,nan,nan,nan,nan,nan,nan,nan,nan,nan,nan,nan,nan,0.0,0.0,0.0,0.0,0.0,0.0,0.0,0.0,914.0,0.0,0.0,0.0,0.0,0.0,0.0,0.0,914.0,nan,nan,nan,,nan,nan,nan,nan,nan,nan,nan,,,,nan,nan,nan,nan,nan,nan,nan,nan,nan,nan,nan,nan,,nan,nan,,,nan,nan,nan,nan,nan,nan,nan,nan,nan,nan,nan,nan,nan,nan,nan,nan,nan,nan,nan,nan,nan,nan,nan,nan,,nan,nan,nan,,nan,,,,
nan,nan,nan,nan,nan,nan,nan,nan,nan,nan,nan,nan,nan,nan,nan,nan,nan,0.0,0.0,0.0,0.0,0.0,0.0,0.0,0.0,858.0,0.0,0.0,0.0,0.0,0.0,0.0,0.0,858.0,nan,nan,nan,,nan,nan,nan,nan,nan,nan,nan,,,,nan,nan,nan,nan,nan,nan,nan,nan,nan,nan,nan,nan,,nan,nan,,,nan,nan,nan,nan,nan,nan,nan,nan,nan,nan,nan,nan,nan,nan,nan,nan,nan,nan,nan,nan,nan,nan,nan,nan,,nan,nan,nan,,nan,,,,
nan,nan,nan,nan,nan,nan,nan,nan,nan,nan,nan,nan,nan,nan,nan,nan,nan,0.0,0.0,0.0,0.0,0.0,0.0,0.0,0.0,946.0,0.0,0.0,0.0,0.0,0.0,0.0,0.0,946.0,nan,nan,nan,,nan,nan,nan,nan,nan,nan,nan,,,,nan,nan,nan,nan,nan,nan,nan,nan,nan,nan,nan,nan,,nan,nan,,,nan,nan,nan,nan,nan,nan,nan,nan,nan,nan,nan,nan,nan,nan,nan,nan,nan,nan,nan,nan,nan,nan,nan,nan,,nan,nan,nan,,nan,,,,
nan,nan,nan,nan,nan,nan,nan,nan,nan,nan,nan,nan,nan,nan,nan,nan,nan,0.0,0.0,0.0,0.0,0.0,0.0,0.0,0.0,870.0,0.0,0.0,0.0,0.0,0.0,0.0,0.0,870.0,nan,nan,nan,,nan,nan,nan,nan,nan,nan,nan,,,,nan,nan,nan,nan,nan,nan,nan,nan,nan,nan,nan,nan,,nan,nan,,,nan,nan,nan,nan,nan,nan,nan,nan,nan,nan,nan,nan,nan,nan,nan,nan,nan,nan,nan,nan,nan,nan,nan,nan,,nan,nan,nan,,nan,,,,
nan,nan,nan,nan,nan,nan,nan,nan,nan,nan,nan,nan,nan,nan,nan,nan,nan,0.0,0.0,0.0,0.0,0.0,0.0,0.0,0.0,849.0,0.0,0.0,0.0,0.0,0.0,0.0,0.0,849.0,nan,nan,nan,,nan,nan,nan,nan,nan,nan,nan,,,,nan,nan,nan,nan,nan,nan,nan,nan,nan,nan,nan,nan,,nan,nan,,,nan,nan,nan,nan,nan,nan,nan,nan,nan,nan,nan,nan,nan,nan,nan,nan,nan,nan,nan,nan,nan,nan,nan,nan,,nan,nan,nan,,nan,,,,
nan,nan,nan,nan,nan,nan,nan,nan,nan,nan,nan,nan,nan,nan,nan,nan,nan,0.0,0.0,0.0,0.0,0.0,0.0,0.0,0.0,840.0,0.0,0.0,0.0,0.0,0.0,0.0,0.0,840.0,nan,nan,nan,,nan,nan,nan,nan,nan,nan,nan,,,,nan,nan,nan,nan,nan,nan,nan,nan,nan,nan,nan,nan,,nan,nan,,,nan,nan,nan,nan,nan,nan,nan,nan,nan,nan,nan,nan,nan,nan,nan,nan,nan,nan,nan,nan,nan,nan,nan,nan,,nan,nan,nan,,nan,,,,
nan,nan,nan,nan,nan,nan,nan,nan,nan,nan,nan,nan,nan,nan,nan,nan,nan,0.0,0.0,0.0,0.0,0.0,0.0,0.0,0.0,840.0,0.0,0.0,0.0,0.0,0.0,0.0,0.0,840.0,nan,nan,nan,,nan,nan,nan,nan,nan,nan,nan,,,,nan,nan,nan,nan,nan,nan,nan,nan,nan,nan,nan,nan,,nan,nan,,,nan,nan,nan,nan,nan,nan,nan,nan,nan,nan,nan,nan,nan,nan,nan,nan,nan,nan,nan,nan,nan,nan,nan,nan,,nan,nan,nan,,nan,,,,
nan,nan,nan,nan,nan,nan,nan,nan,nan,nan,nan,nan,nan,nan,nan,nan,nan,0.0,0.0,0.0,0.0,0.0,0.0,0.0,0.0,857.0,0.0,0.0,0.0,0.0,0.0,0.0,0.0,857.0,nan,nan,nan,,nan,nan,nan,nan,nan,nan,nan,,,,nan,nan,nan,nan,nan,nan,nan,nan,nan,nan,nan,nan,,nan,nan,,,nan,nan,nan,nan,nan,nan,nan,nan,nan,nan,nan,nan,nan,nan,nan,nan,nan,nan,nan,nan,nan,nan,nan,nan,,nan,nan,nan,,nan,,,,
nan,nan,nan,nan,nan,nan,nan,nan,nan,nan,nan,nan,nan,nan,nan,nan,nan,0.0,0.0,0.0,0.0,0.0,0.0,0.0,0.0,829.0,0.0,0.0,0.0,0.0,0.0,0.0,0.0,829.0,nan,nan,nan,,nan,nan,nan,nan,nan,nan,nan,,,,nan,nan,nan,nan,nan,nan,nan,nan,nan,nan,nan,nan,,nan,nan,,,nan,nan,nan,nan,nan,nan,nan,nan,nan,nan,nan,nan,nan,nan,nan,nan,nan,nan,nan,nan,nan,nan,nan,nan,,nan,nan,nan,,nan,,,,
nan,nan,nan,nan,nan,nan,nan,nan,nan,nan,nan,nan,nan,nan,nan,nan,nan,0.0,0.0,0.0,0.0,0.0,0.0,0.0,0.0,797.0,0.0,0.0,0.0,0.0,0.0,0.0,0.0,797.0,nan,nan,nan,,nan,nan,nan,nan,nan,nan,nan,,,,nan,nan,nan,nan,nan,nan,nan,nan,nan,nan,nan,nan,,nan,nan,,,nan,nan,nan,nan,nan,nan,nan,nan,nan,nan,nan,nan,nan,nan,nan,nan,nan,nan,nan,nan,nan,nan,nan,nan,,nan,nan,nan,,nan,,,,
nan,nan,nan,nan,nan,nan,nan,nan,nan,nan,nan,nan,nan,nan,nan,nan,nan,0.0,0.0,0.0,0.0,0.0,0.0,0.0,0.0,796.0,0.0,0.0,0.0,0.0,0.0,0.0,0.0,796.0,nan,nan,nan,,nan,nan,nan,nan,nan,nan,nan,,,,nan,nan,nan,nan,nan,nan,nan,nan,nan,nan,nan,nan,,nan,nan,,,nan,nan,nan,nan,nan,nan,nan,nan,nan,nan,nan,nan,nan,nan,nan,nan,nan,nan,nan,nan,nan,nan,nan,nan,,nan,nan,nan,,nan,,,,
nan,nan,nan,nan,nan,nan,nan,nan,nan,nan,nan,nan,nan,nan,nan,nan,nan,0.0,0.0,0.0,0.0,0.0,0.0,0.0,0.0,783.0,0.0,0.0,0.0,0.0,0.0,0.0,0.0,783.0,nan,nan,nan,,nan,nan,nan,nan,nan,nan,nan,,,,nan,nan,nan,nan,nan,nan,nan,nan,nan,nan,nan,nan,,nan,nan,,,nan,nan,nan,nan,nan,nan,nan,nan,nan,nan,nan,nan,nan,nan,nan,nan,nan,nan,nan,nan,nan,nan,nan,nan,,nan,nan,nan,,nan,,,,
nan,nan,nan,nan,nan,nan,nan,nan,nan,nan,nan,nan,nan,nan,nan,nan,nan,0.0,0.0,0.0,0.0,0.0,0.0,0.0,0.0,735.0,0.0,0.0,0.0,0.0,0.0,0.0,0.0,735.0,nan,nan,nan,,nan,nan,nan,nan,nan,nan,nan,,,,nan,nan,nan,nan,nan,nan,nan,nan,nan,nan,nan,nan,,nan,nan,,,nan,nan,nan,nan,nan,nan,nan,nan,nan,nan,nan,nan,nan,nan,nan,nan,nan,nan,nan,nan,nan,nan,nan,nan,,nan,nan,nan,,nan,,,,
nan,nan,nan,nan,nan,nan,nan,nan,nan,nan,nan,nan,nan,nan,nan,nan,nan,0.0,0.0,0.0,0.0,0.0,0.0,0.0,0.0,759.0,0.0,0.0,0.0,0.0,0.0,0.0,0.0,759.0,nan,nan,nan,,nan,nan,nan,nan,nan,nan,nan,,,,nan,nan,nan,nan,nan,nan,nan,nan,nan,nan,nan,nan,,nan,nan,,,nan,nan,nan,nan,nan,nan,nan,nan,nan,nan,nan,nan,nan,nan,nan,nan,nan,nan,nan,nan,nan,nan,nan,nan,,nan,nan,nan,,nan,,,,
nan,nan,nan,nan,nan,nan,nan,nan,nan,nan,nan,nan,nan,nan,nan,nan,nan,0.0,0.0,0.0,0.0,0.0,0.0,0.0,0.0,741.0,0.0,0.0,0.0,0.0,0.0,0.0,0.0,741.0,nan,nan,nan,,nan,nan,nan,nan,nan,nan,nan,,,,nan,nan,nan,nan,nan,nan,nan,nan,nan,nan,nan,nan,,nan,nan,,,nan,nan,nan,nan,nan,nan,nan,nan,nan,nan,nan,nan,nan,nan,nan,nan,nan,nan,nan,nan,nan,nan,nan,nan,,nan,nan,nan,,nan,,,,
nan,nan,nan,nan,nan,nan,nan,nan,nan,nan,nan,nan,nan,nan,nan,nan,nan,0.0,0.0,0.0,0.0,0.0,0.0,0.0,0.0,734.0,0.0,0.0,0.0,0.0,0.0,0.0,0.0,734.0,nan,nan,nan,,nan,nan,nan,nan,nan,nan,nan,,,,nan,nan,nan,nan,nan,nan,nan,nan,nan,nan,nan,nan,,nan,nan,,,nan,nan,nan,nan,nan,nan,nan,nan,nan,nan,nan,nan,nan,nan,nan,nan,nan,nan,nan,nan,nan,nan,nan,nan,,nan,nan,nan,,nan,,,,
nan,nan,nan,nan,nan,nan,nan,nan,nan,nan,nan,nan,nan,nan,nan,nan,nan,0.0,0.0,0.0,0.0,0.0,0.0,0.0,0.0,718.0,0.0,0.0,0.0,0.0,0.0,0.0,0.0,718.0,nan,nan,nan,,nan,nan,nan,nan,nan,nan,nan,,,,nan,nan,nan,nan,nan,nan,nan,nan,nan,nan,nan,nan,,nan,nan,,,nan,nan,nan,nan,nan,nan,nan,nan,nan,nan,nan,nan,nan,nan,nan,nan,nan,nan,nan,nan,nan,nan,nan,nan,,nan,nan,nan,,nan,,,,
nan,nan,nan,nan,nan,nan,nan,nan,nan,nan,nan,nan,nan,nan,nan,nan,nan,0.0,0.0,0.0,0.0,0.0,0.0,0.0,0.0,742.0,0.0,0.0,0.0,0.0,0.0,0.0,0.0,742.0,nan,nan,nan,,nan,nan,nan,nan,nan,nan,nan,,,,nan,nan,nan,nan,nan,nan,nan,nan,nan,nan,nan,nan,,nan,nan,,,nan,nan,nan,nan,nan,nan,nan,nan,nan,nan,nan,nan,nan,nan,nan,nan,nan,nan,nan,nan,nan,nan,nan,nan,,nan,nan,nan,,nan,,,,
nan,nan,nan,nan,nan,nan,nan,nan,nan,nan,nan,nan,nan,nan,nan,nan,nan,0.0,0.0,0.0,0.0,0.0,0.0,0.0,0.0,691.0,0.0,0.0,0.0,0.0,0.0,0.0,0.0,691.0,nan,nan,nan,,nan,nan,nan,nan,nan,nan,nan,,,,nan,nan,nan,nan,nan,nan,nan,nan,nan,nan,nan,nan,,nan,nan,,,nan,nan,nan,nan,nan,nan,nan,nan,nan,nan,nan,nan,nan,nan,nan,nan,nan,nan,nan,nan,nan,nan,nan,nan,,nan,nan,nan,,nan,,,,
nan,nan,nan,nan,nan,nan,nan,nan,nan,nan,nan,nan,nan,nan,nan,nan,nan,0.0,0.0,0.0,0.0,0.0,0.0,0.0,0.0,630.0,0.0,0.0,0.0,0.0,0.0,0.0,0.0,630.0,nan,nan,nan,,nan,nan,nan,nan,nan,nan,nan,,,,nan,nan,nan,nan,nan,nan,nan,nan,nan,nan,nan,nan,,nan,nan,,,nan,nan,nan,nan,nan,nan,nan,nan,nan,nan,nan,nan,nan,nan,nan,nan,nan,nan,nan,nan,nan,nan,nan,nan,,nan,nan,nan,,nan,,,,
nan,nan,nan,nan,nan,nan,nan,nan,nan,nan,nan,nan,nan,nan,nan,nan,nan,0.0,0.0,0.0,0.0,0.0,0.0,0.0,0.0,620.0,0.0,0.0,0.0,0.0,0.0,0.0,0.0,620.0,nan,nan,nan,,nan,nan,nan,nan,nan,nan,nan,,,,nan,nan,nan,nan,nan,nan,nan,nan,nan,nan,nan,nan,,nan,nan,,,nan,nan,nan,nan,nan,nan,nan,nan,nan,nan,nan,nan,nan,nan,nan,nan,nan,nan,nan,nan,nan,nan,nan,nan,,nan,nan,nan,,nan,,,,
nan,nan,nan,nan,nan,nan,nan,nan,nan,nan,nan,nan,nan,nan,nan,nan,nan,0.0,0.0,0.0,0.0,0.0,0.0,0.0,0.0,628.0,0.0,0.0,0.0,0.0,0.0,0.0,0.0,628.0,nan,nan,nan,,nan,nan,nan,nan,nan,nan,nan,,,,nan,nan,nan,nan,nan,nan,nan,nan,nan,nan,nan,nan,,nan,nan,,,nan,nan,nan,nan,nan,nan,nan,nan,nan,nan,nan,nan,nan,nan,nan,nan,nan,nan,nan,nan,nan,nan,nan,nan,,nan,nan,nan,,nan,,,,
nan,nan,nan,nan,nan,nan,nan,nan,nan,nan,nan,nan,nan,nan,nan,nan,nan,0.0,0.0,0.0,0.0,0.0,0.0,0.0,0.0,649.0,0.0,0.0,0.0,0.0,0.0,0.0,0.0,649.0,nan,nan,nan,,nan,nan,nan,nan,nan,nan,nan,,,,nan,nan,nan,nan,nan,nan,nan,nan,nan,nan,nan,nan,,nan,nan,,,nan,nan,nan,nan,nan,nan,nan,nan,nan,nan,nan,nan,nan,nan,nan,nan,nan,nan,nan,nan,nan,nan,nan,nan,,nan,nan,nan,,nan,,,,
nan,nan,nan,nan,nan,nan,nan,nan,nan,nan,nan,nan,nan,nan,nan,nan,nan,0.0,0.0,0.0,0.0,0.0,0.0,0.0,0.0,638.0,0.0,0.0,0.0,0.0,0.0,0.0,0.0,638.0,nan,nan,nan,,nan,nan,nan,nan,nan,nan,nan,,,,nan,nan,nan,nan,nan,nan,nan,nan,nan,nan,nan,nan,,nan,nan,,,nan,nan,nan,nan,nan,nan,nan,nan,nan,nan,nan,nan,nan,nan,nan,nan,nan,nan,nan,nan,nan,nan,nan,nan,,nan,nan,nan,,nan,,,,
nan,nan,nan,nan,nan,nan,nan,nan,nan,nan,nan,nan,nan,nan,nan,nan,nan,0.0,0.0,0.0,0.0,0.0,0.0,0.0,0.0,637.0,0.0,0.0,0.0,0.0,0.0,0.0,0.0,637.0,nan,nan,nan,,nan,nan,nan,nan,nan,nan,nan,,,,nan,nan,nan,nan,nan,nan,nan,nan,nan,nan,nan,nan,,nan,nan,,,nan,nan,nan,nan,nan,nan,nan,nan,nan,nan,nan,nan,nan,nan,nan,nan,nan,nan,nan,nan,nan,nan,nan,nan,,nan,nan,nan,,nan,,,,
nan,nan,nan,nan,nan,nan,nan,nan,nan,nan,nan,nan,nan,nan,nan,nan,nan,0.0,0.0,0.0,0.0,0.0,0.0,0.0,0.0,623.0,0.0,0.0,0.0,0.0,0.0,0.0,0.0,623.0,nan,nan,nan,,nan,nan,nan,nan,nan,nan,nan,,,,nan,nan,nan,nan,nan,nan,nan,nan,nan,nan,nan,nan,,nan,nan,,,nan,nan,nan,nan,nan,nan,nan,nan,nan,nan,nan,nan,nan,nan,nan,nan,nan,nan,nan,nan,nan,nan,nan,nan,,nan,nan,nan,,nan,,,,
nan,nan,nan,nan,nan,nan,nan,nan,nan,nan,nan,nan,nan,nan,nan,nan,nan,0.0,0.0,0.0,0.0,0.0,0.0,0.0,0.0,606.0,0.0,0.0,0.0,0.0,0.0,0.0,0.0,606.0,nan,nan,nan,,nan,nan,nan,nan,nan,nan,nan,,,,nan,nan,nan,nan,nan,nan,nan,nan,nan,nan,nan,nan,,nan,nan,,,nan,nan,nan,nan,nan,nan,nan,nan,nan,nan,nan,nan,nan,nan,nan,nan,nan,nan,nan,nan,nan,nan,nan,nan,,nan,nan,nan,,nan,,,,
nan,nan,nan,nan,nan,nan,nan,nan,nan,nan,nan,nan,nan,nan,nan,nan,nan,0.0,0.0,0.0,0.0,0.0,0.0,0.0,0.0,568.0,0.0,0.0,0.0,0.0,0.0,0.0,0.0,568.0,nan,nan,nan,,nan,nan,nan,nan,nan,nan,nan,,,,nan,nan,nan,nan,nan,nan,nan,nan,nan,nan,nan,nan,,nan,nan,,,nan,nan,nan,nan,nan,nan,nan,nan,nan,nan,nan,nan,nan,nan,nan,nan,nan,nan,nan,nan,nan,nan,nan,nan,,nan,nan,nan,,nan,,,,
nan,nan,nan,nan,nan,nan,nan,nan,nan,nan,nan,nan,nan,nan,nan,nan,nan,0.0,0.0,0.0,0.0,0.0,0.0,0.0,0.0,602.0,0.0,0.0,0.0,0.0,0.0,0.0,0.0,602.0,nan,nan,nan,,nan,nan,nan,nan,nan,nan,nan,,,,nan,nan,nan,nan,nan,nan,nan,nan,nan,nan,nan,nan,,nan,nan,,,nan,nan,nan,nan,nan,nan,nan,nan,nan,nan,nan,nan,nan,nan,nan,nan,nan,nan,nan,nan,nan,nan,nan,nan,,nan,nan,nan,,nan,,,,
nan,nan,nan,nan,nan,nan,nan,nan,nan,nan,nan,nan,nan,nan,nan,nan,nan,0.0,0.0,0.0,0.0,0.0,0.0,0.0,0.0,566.0,0.0,0.0,0.0,0.0,0.0,0.0,0.0,566.0,nan,nan,nan,,nan,nan,nan,nan,nan,nan,nan,,,,nan,nan,nan,nan,nan,nan,nan,nan,nan,nan,nan,nan,,nan,nan,,,nan,nan,nan,nan,nan,nan,nan,nan,nan,nan,nan,nan,nan,nan,nan,nan,nan,nan,nan,nan,nan,nan,nan,nan,,nan,nan,nan,,nan,,,,
nan,nan,nan,nan,nan,nan,nan,nan,nan,nan,nan,nan,nan,nan,nan,nan,nan,0.0,0.0,0.0,0.0,0.0,0.0,0.0,0.0,578.0,0.0,0.0,0.0,0.0,0.0,0.0,0.0,578.0,nan,nan,nan,,nan,nan,nan,nan,nan,nan,nan,,,,nan,nan,nan,nan,nan,nan,nan,nan,nan,nan,nan,nan,,nan,nan,,,nan,nan,nan,nan,nan,nan,nan,nan,nan,nan,nan,nan,nan,nan,nan,nan,nan,nan,nan,nan,nan,nan,nan,nan,,nan,nan,nan,,nan,,,,
nan,nan,nan,nan,nan,nan,nan,nan,nan,nan,nan,nan,nan,nan,nan,nan,nan,0.0,0.0,0.0,0.0,0.0,0.0,0.0,0.0,523.0,0.0,0.0,0.0,0.0,0.0,0.0,0.0,523.0,nan,nan,nan,,nan,nan,nan,nan,nan,nan,nan,,,,nan,nan,nan,nan,nan,nan,nan,nan,nan,nan,nan,nan,,nan,nan,,,nan,nan,nan,nan,nan,nan,nan,nan,nan,nan,nan,nan,nan,nan,nan,nan,nan,nan,nan,nan,nan,nan,nan,nan,,nan,nan,nan,,nan,,,,
nan,nan,nan,nan,nan,nan,nan,nan,nan,nan,nan,nan,nan,nan,nan,nan,nan,0.0,0.0,0.0,0.0,0.0,0.0,0.0,0.0,524.0,0.0,0.0,0.0,0.0,0.0,0.0,0.0,524.0,nan,nan,nan,,nan,nan,nan,nan,nan,nan,nan,,,,nan,nan,nan,nan,nan,nan,nan,nan,nan,nan,nan,nan,,nan,nan,,,nan,nan,nan,nan,nan,nan,nan,nan,nan,nan,nan,nan,nan,nan,nan,nan,nan,nan,nan,nan,nan,nan,nan,nan,,nan,nan,nan,,nan,,,,
nan,nan,nan,nan,nan,nan,nan,nan,nan,nan,nan,nan,nan,nan,nan,nan,nan,0.0,0.0,0.0,0.0,0.0,0.0,0.0,0.0,545.0,0.0,0.0,0.0,0.0,0.0,0.0,0.0,545.0,nan,nan,nan,,nan,nan,nan,nan,nan,nan,nan,,,,nan,nan,nan,nan,nan,nan,nan,nan,nan,nan,nan,nan,,nan,nan,,,nan,nan,nan,nan,nan,nan,nan,nan,nan,nan,nan,nan,nan,nan,nan,nan,nan,nan,nan,nan,nan,nan,nan,nan,,nan,nan,nan,,nan,,,,
nan,nan,nan,nan,nan,nan,nan,nan,nan,nan,nan,nan,nan,nan,nan,nan,nan,0.0,0.0,0.0,0.0,0.0,0.0,0.0,0.0,514.0,0.0,0.0,0.0,0.0,0.0,0.0,0.0,514.0,nan,nan,nan,,nan,nan,nan,nan,nan,nan,nan,,,,nan,nan,nan,nan,nan,nan,nan,nan,nan,nan,nan,nan,,nan,nan,,,nan,nan,nan,nan,nan,nan,nan,nan,nan,nan,nan,nan,nan,nan,nan,nan,nan,nan,nan,nan,nan,nan,nan,nan,,nan,nan,nan,,nan,,,,
nan,nan,nan,nan,nan,nan,nan,nan,nan,nan,nan,nan,nan,nan,nan,nan,nan,0.0,0.0,0.0,0.0,0.0,0.0,0.0,0.0,505.0,0.0,0.0,0.0,0.0,0.0,0.0,0.0,505.0,nan,nan,nan,,nan,nan,nan,nan,nan,nan,nan,,,,nan,nan,nan,nan,nan,nan,nan,nan,nan,nan,nan,nan,,nan,nan,,,nan,nan,nan,nan,nan,nan,nan,nan,nan,nan,nan,nan,nan,nan,nan,nan,nan,nan,nan,nan,nan,nan,nan,nan,,nan,nan,nan,,nan,,,,
nan,nan,nan,nan,nan,nan,nan,nan,nan,nan,nan,nan,nan,nan,nan,nan,nan,0.0,0.0,0.0,0.0,0.0,0.0,0.0,0.0,499.0,0.0,0.0,0.0,0.0,0.0,0.0,0.0,499.0,nan,nan,nan,,nan,nan,nan,nan,nan,nan,nan,,,,nan,nan,nan,nan,nan,nan,nan,nan,nan,nan,nan,nan,,nan,nan,,,nan,nan,nan,nan,nan,nan,nan,nan,nan,nan,nan,nan,nan,nan,nan,nan,nan,nan,nan,nan,nan,nan,nan,nan,,nan,nan,nan,,nan,,,,
nan,nan,nan,nan,nan,nan,nan,nan,nan,nan,nan,nan,nan,nan,nan,nan,nan,0.0,0.0,0.0,0.0,0.0,0.0,0.0,0.0,500.0,0.0,0.0,0.0,0.0,0.0,0.0,0.0,500.0,nan,nan,nan,,nan,nan,nan,nan,nan,nan,nan,,,,nan,nan,nan,nan,nan,nan,nan,nan,nan,nan,nan,nan,,nan,nan,,,nan,nan,nan,nan,nan,nan,nan,nan,nan,nan,nan,nan,nan,nan,nan,nan,nan,nan,nan,nan,nan,nan,nan,nan,,nan,nan,nan,,nan,,,,
nan,nan,nan,nan,nan,nan,nan,nan,nan,nan,nan,nan,nan,nan,nan,nan,nan,0.0,0.0,0.0,0.0,0.0,0.0,0.0,0.0,487.0,0.0,0.0,0.0,0.0,0.0,0.0,0.0,487.0,nan,nan,nan,,nan,nan,nan,nan,nan,nan,nan,,,,nan,nan,nan,nan,nan,nan,nan,nan,nan,nan,nan,nan,,nan,nan,,,nan,nan,nan,nan,nan,nan,nan,nan,nan,nan,nan,nan,nan,nan,nan,nan,nan,nan,nan,nan,nan,nan,nan,nan,,nan,nan,nan,,nan,,,,
nan,nan,nan,nan,nan,nan,nan,nan,nan,nan,nan,nan,nan,nan,nan,nan,nan,0.0,0.0,0.0,0.0,0.0,0.0,0.0,0.0,535.0,0.0,0.0,0.0,0.0,0.0,0.0,0.0,535.0,nan,nan,nan,,nan,nan,nan,nan,nan,nan,nan,,,,nan,nan,nan,nan,nan,nan,nan,nan,nan,nan,nan,nan,,nan,nan,,,nan,nan,nan,nan,nan,nan,nan,nan,nan,nan,nan,nan,nan,nan,nan,nan,nan,nan,nan,nan,nan,nan,nan,nan,,nan,nan,nan,,nan,,,,
nan,nan,nan,nan,nan,nan,nan,nan,nan,nan,nan,nan,nan,nan,nan,nan,nan,0.0,0.0,0.0,0.0,0.0,0.0,0.0,0.0,463.0,0.0,0.0,0.0,0.0,0.0,0.0,0.0,463.0,nan,nan,nan,,nan,nan,nan,nan,nan,nan,nan,,,,nan,nan,nan,nan,nan,nan,nan,nan,nan,nan,nan,nan,,nan,nan,,,nan,nan,nan,nan,nan,nan,nan,nan,nan,nan,nan,nan,nan,nan,nan,nan,nan,nan,nan,nan,nan,nan,nan,nan,,nan,nan,nan,,nan,,,,
nan,nan,nan,nan,nan,nan,nan,nan,nan,nan,nan,nan,nan,nan,nan,nan,nan,0.0,0.0,0.0,0.0,0.0,0.0,0.0,0.0,475.0,0.0,0.0,0.0,0.0,0.0,0.0,0.0,475.0,nan,nan,nan,,nan,nan,nan,nan,nan,nan,nan,,,,nan,nan,nan,nan,nan,nan,nan,nan,nan,nan,nan,nan,,nan,nan,,,nan,nan,nan,nan,nan,nan,nan,nan,nan,nan,nan,nan,nan,nan,nan,nan,nan,nan,nan,nan,nan,nan,nan,nan,,nan,nan,nan,,nan,,,,
nan,nan,nan,nan,nan,nan,nan,nan,nan,nan,nan,nan,nan,nan,nan,nan,nan,0.0,0.0,0.0,0.0,0.0,0.0,0.0,0.0,474.0,0.0,0.0,0.0,0.0,0.0,0.0,0.0,474.0,nan,nan,nan,,nan,nan,nan,nan,nan,nan,nan,,,,nan,nan,nan,nan,nan,nan,nan,nan,nan,nan,nan,nan,,nan,nan,,,nan,nan,nan,nan,nan,nan,nan,nan,nan,nan,nan,nan,nan,nan,nan,nan,nan,nan,nan,nan,nan,nan,nan,nan,,nan,nan,nan,,nan,,,,
nan,nan,nan,nan,nan,nan,nan,nan,nan,nan,nan,nan,nan,nan,nan,nan,nan,0.0,0.0,0.0,0.0,0.0,0.0,0.0,0.0,453.0,0.0,0.0,0.0,0.0,0.0,0.0,0.0,453.0,nan,nan,nan,,nan,nan,nan,nan,nan,nan,nan,,,,nan,nan,nan,nan,nan,nan,nan,nan,nan,nan,nan,nan,,nan,nan,,,nan,nan,nan,nan,nan,nan,nan,nan,nan,nan,nan,nan,nan,nan,nan,nan,nan,nan,nan,nan,nan,nan,nan,nan,,nan,nan,nan,,nan,,,,
nan,nan,nan,nan,nan,nan,nan,nan,nan,nan,nan,nan,nan,nan,nan,nan,nan,0.0,0.0,0.0,0.0,0.0,0.0,0.0,0.0,439.0,0.0,0.0,0.0,0.0,0.0,0.0,0.0,439.0,nan,nan,nan,,nan,nan,nan,nan,nan,nan,nan,,,,nan,nan,nan,nan,nan,nan,nan,nan,nan,nan,nan,nan,,nan,nan,,,nan,nan,nan,nan,nan,nan,nan,nan,nan,nan,nan,nan,nan,nan,nan,nan,nan,nan,nan,nan,nan,nan,nan,nan,,nan,nan,nan,,nan,,,,
nan,nan,nan,nan,nan,nan,nan,nan,nan,nan,nan,nan,nan,nan,nan,nan,nan,0.0,0.0,0.0,0.0,0.0,0.0,0.0,0.0,448.0,0.0,0.0,0.0,0.0,0.0,0.0,0.0,448.0,nan,nan,nan,,nan,nan,nan,nan,nan,nan,nan,,,,nan,nan,nan,nan,nan,nan,nan,nan,nan,nan,nan,nan,,nan,nan,,,nan,nan,nan,nan,nan,nan,nan,nan,nan,nan,nan,nan,nan,nan,nan,nan,nan,nan,nan,nan,nan,nan,nan,nan,,nan,nan,nan,,nan,,,,
nan,nan,nan,nan,nan,nan,nan,nan,nan,nan,nan,nan,nan,nan,nan,nan,nan,0.0,0.0,0.0,0.0,0.0,0.0,0.0,0.0,440.0,0.0,0.0,0.0,0.0,0.0,0.0,0.0,440.0,nan,nan,nan,,nan,nan,nan,nan,nan,nan,nan,,,,nan,nan,nan,nan,nan,nan,nan,nan,nan,nan,nan,nan,,nan,nan,,,nan,nan,nan,nan,nan,nan,nan,nan,nan,nan,nan,nan,nan,nan,nan,nan,nan,nan,nan,nan,nan,nan,nan,nan,,nan,nan,nan,,nan,,,,
nan,nan,nan,nan,nan,nan,nan,nan,nan,nan,nan,nan,nan,nan,nan,nan,nan,0.0,0.0,0.0,0.0,0.0,0.0,0.0,0.0,451.0,0.0,0.0,0.0,0.0,0.0,0.0,0.0,451.0,nan,nan,nan,,nan,nan,nan,nan,nan,nan,nan,,,,nan,nan,nan,nan,nan,nan,nan,nan,nan,nan,nan,nan,,nan,nan,,,nan,nan,nan,nan,nan,nan,nan,nan,nan,nan,nan,nan,nan,nan,nan,nan,nan,nan,nan,nan,nan,nan,nan,nan,,nan,nan,nan,,nan,,,,
nan,nan,nan,nan,nan,nan,nan,nan,nan,nan,nan,nan,nan,nan,nan,nan,nan,0.0,0.0,0.0,0.0,0.0,0.0,0.0,0.0,445.0,0.0,0.0,0.0,0.0,0.0,0.0,0.0,445.0,nan,nan,nan,,nan,nan,nan,nan,nan,nan,nan,,,,nan,nan,nan,nan,nan,nan,nan,nan,nan,nan,nan,nan,,nan,nan,,,nan,nan,nan,nan,nan,nan,nan,nan,nan,nan,nan,nan,nan,nan,nan,nan,nan,nan,nan,nan,nan,nan,nan,nan,,nan,nan,nan,,nan,,,,
nan,nan,nan,nan,nan,nan,nan,nan,nan,nan,nan,nan,nan,nan,nan,nan,nan,0.0,0.0,0.0,0.0,0.0,0.0,0.0,0.0,415.0,0.0,0.0,0.0,0.0,0.0,0.0,0.0,415.0,nan,nan,nan,,nan,nan,nan,nan,nan,nan,nan,,,,nan,nan,nan,nan,nan,nan,nan,nan,nan,nan,nan,nan,,nan,nan,,,nan,nan,nan,nan,nan,nan,nan,nan,nan,nan,nan,nan,nan,nan,nan,nan,nan,nan,nan,nan,nan,nan,nan,nan,,nan,nan,nan,,nan,,,,
nan,nan,nan,nan,nan,nan,nan,nan,nan,nan,nan,nan,nan,nan,nan,nan,nan,0.0,0.0,0.0,0.0,0.0,0.0,0.0,0.0,434.0,0.0,0.0,0.0,0.0,0.0,0.0,0.0,434.0,nan,nan,nan,,nan,nan,nan,nan,nan,nan,nan,,,,nan,nan,nan,nan,nan,nan,nan,nan,nan,nan,nan,nan,,nan,nan,,,nan,nan,nan,nan,nan,nan,nan,nan,nan,nan,nan,nan,nan,nan,nan,nan,nan,nan,nan,nan,nan,nan,nan,nan,,nan,nan,nan,,nan,,,,
nan,nan,nan,nan,nan,nan,nan,nan,nan,nan,nan,nan,nan,nan,nan,nan,nan,0.0,0.0,0.0,0.0,0.0,0.0,0.0,0.0,395.0,0.0,0.0,0.0,0.0,0.0,0.0,0.0,395.0,nan,nan,nan,,nan,nan,nan,nan,nan,nan,nan,,,,nan,nan,nan,nan,nan,nan,nan,nan,nan,nan,nan,nan,,nan,nan,,,nan,nan,nan,nan,nan,nan,nan,nan,nan,nan,nan,nan,nan,nan,nan,nan,nan,nan,nan,nan,nan,nan,nan,nan,,nan,nan,nan,,nan,,,,
nan,nan,nan,nan,nan,nan,nan,nan,nan,nan,nan,nan,nan,nan,nan,nan,nan,0.0,0.0,0.0,0.0,0.0,0.0,0.0,0.0,434.0,0.0,0.0,0.0,0.0,0.0,0.0,0.0,434.0,nan,nan,nan,,nan,nan,nan,nan,nan,nan,nan,,,,nan,nan,nan,nan,nan,nan,nan,nan,nan,nan,nan,nan,,nan,nan,,,nan,nan,nan,nan,nan,nan,nan,nan,nan,nan,nan,nan,nan,nan,nan,nan,nan,nan,nan,nan,nan,nan,nan,nan,,nan,nan,nan,,nan,,,,
nan,nan,nan,nan,nan,nan,nan,nan,nan,nan,nan,nan,nan,nan,nan,nan,nan,0.0,0.0,0.0,0.0,0.0,0.0,0.0,0.0,365.0,0.0,0.0,0.0,0.0,0.0,0.0,0.0,365.0,nan,nan,nan,,nan,nan,nan,nan,nan,nan,nan,,,,nan,nan,nan,nan,nan,nan,nan,nan,nan,nan,nan,nan,,nan,nan,,,nan,nan,nan,nan,nan,nan,nan,nan,nan,nan,nan,nan,nan,nan,nan,nan,nan,nan,nan,nan,nan,nan,nan,nan,,nan,nan,nan,,nan,,,,
nan,nan,nan,nan,nan,nan,nan,nan,nan,nan,nan,nan,nan,nan,nan,nan,nan,0.0,0.0,0.0,0.0,0.0,0.0,0.0,0.0,394.0,0.0,0.0,0.0,0.0,0.0,0.0,0.0,394.0,nan,nan,nan,,nan,nan,nan,nan,nan,nan,nan,,,,nan,nan,nan,nan,nan,nan,nan,nan,nan,nan,nan,nan,,nan,nan,,,nan,nan,nan,nan,nan,nan,nan,nan,nan,nan,nan,nan,nan,nan,nan,nan,nan,nan,nan,nan,nan,nan,nan,nan,,nan,nan,nan,,nan,,,,
nan,nan,nan,nan,nan,nan,nan,nan,nan,nan,nan,nan,nan,nan,nan,nan,nan,0.0,0.0,0.0,0.0,0.0,0.0,0.0,0.0,428.0,0.0,0.0,0.0,0.0,0.0,0.0,0.0,428.0,nan,nan,nan,,nan,nan,nan,nan,nan,nan,nan,,,,nan,nan,nan,nan,nan,nan,nan,nan,nan,nan,nan,nan,,nan,nan,,,nan,nan,nan,nan,nan,nan,nan,nan,nan,nan,nan,nan,nan,nan,nan,nan,nan,nan,nan,nan,nan,nan,nan,nan,,nan,nan,nan,,nan,,,,
nan,nan,nan,nan,nan,nan,nan,nan,nan,nan,nan,nan,nan,nan,nan,nan,nan,0.0,0.0,0.0,0.0,0.0,0.0,0.0,0.0,360.0,0.0,0.0,0.0,0.0,0.0,0.0,0.0,360.0,nan,nan,nan,,nan,nan,nan,nan,nan,nan,nan,,,,nan,nan,nan,nan,nan,nan,nan,nan,nan,nan,nan,nan,,nan,nan,,,nan,nan,nan,nan,nan,nan,nan,nan,nan,nan,nan,nan,nan,nan,nan,nan,nan,nan,nan,nan,nan,nan,nan,nan,,nan,nan,nan,,nan,,,,
nan,nan,nan,nan,nan,nan,nan,nan,nan,nan,nan,nan,nan,nan,nan,nan,nan,0.0,0.0,0.0,0.0,0.0,0.0,0.0,0.0,360.0,0.0,0.0,0.0,0.0,0.0,0.0,0.0,360.0,nan,nan,nan,,nan,nan,nan,nan,nan,nan,nan,,,,nan,nan,nan,nan,nan,nan,nan,nan,nan,nan,nan,nan,,nan,nan,,,nan,nan,nan,nan,nan,nan,nan,nan,nan,nan,nan,nan,nan,nan,nan,nan,nan,nan,nan,nan,nan,nan,nan,nan,,nan,nan,nan,,nan,,,,
nan,nan,nan,nan,nan,nan,nan,nan,nan,nan,nan,nan,nan,nan,nan,nan,nan,0.0,0.0,0.0,0.0,0.0,0.0,0.0,0.0,385.0,0.0,0.0,0.0,0.0,0.0,0.0,0.0,385.0,nan,nan,nan,,nan,nan,nan,nan,nan,nan,nan,,,,nan,nan,nan,nan,nan,nan,nan,nan,nan,nan,nan,nan,,nan,nan,,,nan,nan,nan,nan,nan,nan,nan,nan,nan,nan,nan,nan,nan,nan,nan,nan,nan,nan,nan,nan,nan,nan,nan,nan,,nan,nan,nan,,nan,,,,
nan,nan,nan,nan,nan,nan,nan,nan,nan,nan,nan,nan,nan,nan,nan,nan,nan,0.0,0.0,0.0,0.0,0.0,0.0,0.0,0.0,348.0,0.0,0.0,0.0,0.0,0.0,0.0,0.0,348.0,nan,nan,nan,,nan,nan,nan,nan,nan,nan,nan,,,,nan,nan,nan,nan,nan,nan,nan,nan,nan,nan,nan,nan,,nan,nan,,,nan,nan,nan,nan,nan,nan,nan,nan,nan,nan,nan,nan,nan,nan,nan,nan,nan,nan,nan,nan,nan,nan,nan,nan,,nan,nan,nan,,nan,,,,
nan,nan,nan,nan,nan,nan,nan,nan,nan,nan,nan,nan,nan,nan,nan,nan,nan,0.0,0.0,0.0,0.0,0.0,0.0,0.0,0.0,351.0,0.0,0.0,0.0,0.0,0.0,0.0,0.0,351.0,nan,nan,nan,,nan,nan,nan,nan,nan,nan,nan,,,,nan,nan,nan,nan,nan,nan,nan,nan,nan,nan,nan,nan,,nan,nan,,,nan,nan,nan,nan,nan,nan,nan,nan,nan,nan,nan,nan,nan,nan,nan,nan,nan,nan,nan,nan,nan,nan,nan,nan,,nan,nan,nan,,nan,,,,
nan,nan,nan,nan,nan,nan,nan,nan,nan,nan,nan,nan,nan,nan,nan,nan,nan,0.0,0.0,0.0,0.0,0.0,0.0,0.0,0.0,366.0,0.0,0.0,0.0,0.0,0.0,0.0,0.0,366.0,nan,nan,nan,,nan,nan,nan,nan,nan,nan,nan,,,,nan,nan,nan,nan,nan,nan,nan,nan,nan,nan,nan,nan,,nan,nan,,,nan,nan,nan,nan,nan,nan,nan,nan,nan,nan,nan,nan,nan,nan,nan,nan,nan,nan,nan,nan,nan,nan,nan,nan,,nan,nan,nan,,nan,,,,
nan,nan,nan,nan,nan,nan,nan,nan,nan,nan,nan,nan,nan,nan,nan,nan,nan,0.0,0.0,0.0,0.0,0.0,0.0,0.0,0.0,351.0,0.0,0.0,0.0,0.0,0.0,0.0,0.0,351.0,nan,nan,nan,,nan,nan,nan,nan,nan,nan,nan,,,,nan,nan,nan,nan,nan,nan,nan,nan,nan,nan,nan,nan,,nan,nan,,,nan,nan,nan,nan,nan,nan,nan,nan,nan,nan,nan,nan,nan,nan,nan,nan,nan,nan,nan,nan,nan,nan,nan,nan,,nan,nan,nan,,nan,,,,
nan,nan,nan,nan,nan,nan,nan,nan,nan,nan,nan,nan,nan,nan,nan,nan,nan,0.0,0.0,0.0,0.0,0.0,0.0,0.0,0.0,353.0,0.0,0.0,0.0,0.0,0.0,0.0,0.0,353.0,nan,nan,nan,,nan,nan,nan,nan,nan,nan,nan,,,,nan,nan,nan,nan,nan,nan,nan,nan,nan,nan,nan,nan,,nan,nan,,,nan,nan,nan,nan,nan,nan,nan,nan,nan,nan,nan,nan,nan,nan,nan,nan,nan,nan,nan,nan,nan,nan,nan,nan,,nan,nan,nan,,nan,,,,
nan,nan,nan,nan,nan,nan,nan,nan,nan,nan,nan,nan,nan,nan,nan,nan,nan,0.0,0.0,0.0,0.0,0.0,0.0,0.0,0.0,345.0,0.0,0.0,0.0,0.0,0.0,0.0,0.0,345.0,nan,nan,nan,,nan,nan,nan,nan,nan,nan,nan,,,,nan,nan,nan,nan,nan,nan,nan,nan,nan,nan,nan,nan,,nan,nan,,,nan,nan,nan,nan,nan,nan,nan,nan,nan,nan,nan,nan,nan,nan,nan,nan,nan,nan,nan,nan,nan,nan,nan,nan,,nan,nan,nan,,nan,,,,
nan,nan,nan,nan,nan,nan,nan,nan,nan,nan,nan,nan,nan,nan,nan,nan,nan,0.0,0.0,0.0,0.0,0.0,0.0,0.0,0.0,334.0,0.0,0.0,0.0,0.0,0.0,0.0,0.0,334.0,nan,nan,nan,,nan,nan,nan,nan,nan,nan,nan,,,,nan,nan,nan,nan,nan,nan,nan,nan,nan,nan,nan,nan,,nan,nan,,,nan,nan,nan,nan,nan,nan,nan,nan,nan,nan,nan,nan,nan,nan,nan,nan,nan,nan,nan,nan,nan,nan,nan,nan,,nan,nan,nan,,nan,,,,
nan,nan,nan,nan,nan,nan,nan,nan,nan,nan,nan,nan,nan,nan,nan,nan,nan,0.0,0.0,0.0,0.0,0.0,0.0,0.0,0.0,334.0,0.0,0.0,0.0,0.0,0.0,0.0,0.0,334.0,nan,nan,nan,,nan,nan,nan,nan,nan,nan,nan,,,,nan,nan,nan,nan,nan,nan,nan,nan,nan,nan,nan,nan,,nan,nan,,,nan,nan,nan,nan,nan,nan,nan,nan,nan,nan,nan,nan,nan,nan,nan,nan,nan,nan,nan,nan,nan,nan,nan,nan,,nan,nan,nan,,nan,,,,
nan,nan,nan,nan,nan,nan,nan,nan,nan,nan,nan,nan,nan,nan,nan,nan,nan,0.0,0.0,0.0,0.0,0.0,0.0,0.0,0.0,314.0,0.0,0.0,0.0,0.0,0.0,0.0,0.0,314.0,nan,nan,nan,,nan,nan,nan,nan,nan,nan,nan,,,,nan,nan,nan,nan,nan,nan,nan,nan,nan,nan,nan,nan,,nan,nan,,,nan,nan,nan,nan,nan,nan,nan,nan,nan,nan,nan,nan,nan,nan,nan,nan,nan,nan,nan,nan,nan,nan,nan,nan,,nan,nan,nan,,nan,,,,
nan,nan,nan,nan,nan,nan,nan,nan,nan,nan,nan,nan,nan,nan,nan,nan,nan,0.0,0.0,0.0,0.0,0.0,0.0,0.0,0.0,322.0,0.0,0.0,0.0,0.0,0.0,0.0,0.0,322.0,nan,nan,nan,,nan,nan,nan,nan,nan,nan,nan,,,,nan,nan,nan,nan,nan,nan,nan,nan,nan,nan,nan,nan,,nan,nan,,,nan,nan,nan,nan,nan,nan,nan,nan,nan,nan,nan,nan,nan,nan,nan,nan,nan,nan,nan,nan,nan,nan,nan,nan,,nan,nan,nan,,nan,,,,
nan,nan,nan,nan,nan,nan,nan,nan,nan,nan,nan,nan,nan,nan,nan,nan,nan,0.0,0.0,0.0,0.0,0.0,0.0,0.0,0.0,318.0,0.0,0.0,0.0,0.0,0.0,0.0,0.0,318.0,nan,nan,nan,,nan,nan,nan,nan,nan,nan,nan,,,,nan,nan,nan,nan,nan,nan,nan,nan,nan,nan,nan,nan,,nan,nan,,,nan,nan,nan,nan,nan,nan,nan,nan,nan,nan,nan,nan,nan,nan,nan,nan,nan,nan,nan,nan,nan,nan,nan,nan,,nan,nan,nan,,nan,,,,
nan,nan,nan,nan,nan,nan,nan,nan,nan,nan,nan,nan,nan,nan,nan,nan,nan,0.0,0.0,0.0,0.0,0.0,0.0,0.0,0.0,288.0,0.0,0.0,0.0,0.0,0.0,0.0,0.0,288.0,nan,nan,nan,,nan,nan,nan,nan,nan,nan,nan,,,,nan,nan,nan,nan,nan,nan,nan,nan,nan,nan,nan,nan,,nan,nan,,,nan,nan,nan,nan,nan,nan,nan,nan,nan,nan,nan,nan,nan,nan,nan,nan,nan,nan,nan,nan,nan,nan,nan,nan,,nan,nan,nan,,nan,,,,
nan,nan,nan,nan,nan,nan,nan,nan,nan,nan,nan,nan,nan,nan,nan,nan,nan,0.0,0.0,0.0,0.0,0.0,0.0,0.0,0.0,279.0,0.0,0.0,0.0,0.0,0.0,0.0,0.0,279.0,nan,nan,nan,,nan,nan,nan,nan,nan,nan,nan,,,,nan,nan,nan,nan,nan,nan,nan,nan,nan,nan,nan,nan,,nan,nan,,,nan,nan,nan,nan,nan,nan,nan,nan,nan,nan,nan,nan,nan,nan,nan,nan,nan,nan,nan,nan,nan,nan,nan,nan,,nan,nan,nan,,nan,,,,
nan,nan,nan,nan,nan,nan,nan,nan,nan,nan,nan,nan,nan,nan,nan,nan,nan,0.0,0.0,0.0,0.0,0.0,0.0,0.0,0.0,333.0,0.0,0.0,0.0,0.0,0.0,0.0,0.0,333.0,nan,nan,nan,,nan,nan,nan,nan,nan,nan,nan,,,,nan,nan,nan,nan,nan,nan,nan,nan,nan,nan,nan,nan,,nan,nan,,,nan,nan,nan,nan,nan,nan,nan,nan,nan,nan,nan,nan,nan,nan,nan,nan,nan,nan,nan,nan,nan,nan,nan,nan,,nan,nan,nan,,nan,,,,
nan,nan,nan,nan,nan,nan,nan,nan,nan,nan,nan,nan,nan,nan,nan,nan,nan,0.0,0.0,0.0,0.0,0.0,0.0,0.0,0.0,303.0,0.0,0.0,0.0,0.0,0.0,0.0,0.0,303.0,nan,nan,nan,,nan,nan,nan,nan,nan,nan,nan,,,,nan,nan,nan,nan,nan,nan,nan,nan,nan,nan,nan,nan,,nan,nan,,,nan,nan,nan,nan,nan,nan,nan,nan,nan,nan,nan,nan,nan,nan,nan,nan,nan,nan,nan,nan,nan,nan,nan,nan,,nan,nan,nan,,nan,,,,
nan,nan,nan,nan,nan,nan,nan,nan,nan,nan,nan,nan,nan,nan,nan,nan,nan,0.0,0.0,0.0,0.0,0.0,0.0,0.0,0.0,263.0,0.0,0.0,0.0,0.0,0.0,0.0,0.0,263.0,nan,nan,nan,,nan,nan,nan,nan,nan,nan,nan,,,,nan,nan,nan,nan,nan,nan,nan,nan,nan,nan,nan,nan,,nan,nan,,,nan,nan,nan,nan,nan,nan,nan,nan,nan,nan,nan,nan,nan,nan,nan,nan,nan,nan,nan,nan,nan,nan,nan,nan,,nan,nan,nan,,nan,,,,
nan,nan,nan,nan,nan,nan,nan,nan,nan,nan,nan,nan,nan,nan,nan,nan,nan,0.0,0.0,0.0,0.0,0.0,0.0,0.0,0.0,290.0,0.0,0.0,0.0,0.0,0.0,0.0,0.0,290.0,nan,nan,nan,,nan,nan,nan,nan,nan,nan,nan,,,,nan,nan,nan,nan,nan,nan,nan,nan,nan,nan,nan,nan,,nan,nan,,,nan,nan,nan,nan,nan,nan,nan,nan,nan,nan,nan,nan,nan,nan,nan,nan,nan,nan,nan,nan,nan,nan,nan,nan,,nan,nan,nan,,nan,,,,
nan,nan,nan,nan,nan,nan,nan,nan,nan,nan,nan,nan,nan,nan,nan,nan,nan,0.0,0.0,0.0,0.0,0.0,0.0,0.0,0.0,277.0,0.0,0.0,0.0,0.0,0.0,0.0,0.0,277.0,nan,nan,nan,,nan,nan,nan,nan,nan,nan,nan,,,,nan,nan,nan,nan,nan,nan,nan,nan,nan,nan,nan,nan,,nan,nan,,,nan,nan,nan,nan,nan,nan,nan,nan,nan,nan,nan,nan,nan,nan,nan,nan,nan,nan,nan,nan,nan,nan,nan,nan,,nan,nan,nan,,nan,,,,
nan,nan,nan,nan,nan,nan,nan,nan,nan,nan,nan,nan,nan,nan,nan,nan,nan,0.0,0.0,0.0,0.0,0.0,0.0,0.0,0.0,239.0,0.0,0.0,0.0,0.0,0.0,0.0,0.0,239.0,nan,nan,nan,,nan,nan,nan,nan,nan,nan,nan,,,,nan,nan,nan,nan,nan,nan,nan,nan,nan,nan,nan,nan,,nan,nan,,,nan,nan,nan,nan,nan,nan,nan,nan,nan,nan,nan,nan,nan,nan,nan,nan,nan,nan,nan,nan,nan,nan,nan,nan,,nan,nan,nan,,nan,,,,
nan,nan,nan,nan,nan,nan,nan,nan,nan,nan,nan,nan,nan,nan,nan,nan,nan,0.0,0.0,0.0,0.0,0.0,0.0,0.0,0.0,286.0,0.0,0.0,0.0,0.0,0.0,0.0,0.0,286.0,nan,nan,nan,,nan,nan,nan,nan,nan,nan,nan,,,,nan,nan,nan,nan,nan,nan,nan,nan,nan,nan,nan,nan,,nan,nan,,,nan,nan,nan,nan,nan,nan,nan,nan,nan,nan,nan,nan,nan,nan,nan,nan,nan,nan,nan,nan,nan,nan,nan,nan,,nan,nan,nan,,nan,,,,
nan,nan,nan,nan,nan,nan,nan,nan,nan,nan,nan,nan,nan,nan,nan,nan,nan,0.0,0.0,0.0,0.0,0.0,0.0,0.0,0.0,285.0,0.0,0.0,0.0,0.0,0.0,0.0,0.0,285.0,nan,nan,nan,,nan,nan,nan,nan,nan,nan,nan,,,,nan,nan,nan,nan,nan,nan,nan,nan,nan,nan,nan,nan,,nan,nan,,,nan,nan,nan,nan,nan,nan,nan,nan,nan,nan,nan,nan,nan,nan,nan,nan,nan,nan,nan,nan,nan,nan,nan,nan,,nan,nan,nan,,nan,,,,
nan,nan,nan,nan,nan,nan,nan,nan,nan,nan,nan,nan,nan,nan,nan,nan,nan,0.0,0.0,0.0,0.0,0.0,0.0,0.0,0.0,263.0,0.0,0.0,0.0,0.0,0.0,0.0,0.0,263.0,nan,nan,nan,,nan,nan,nan,nan,nan,nan,nan,,,,nan,nan,nan,nan,nan,nan,nan,nan,nan,nan,nan,nan,,nan,nan,,,nan,nan,nan,nan,nan,nan,nan,nan,nan,nan,nan,nan,nan,nan,nan,nan,nan,nan,nan,nan,nan,nan,nan,nan,,nan,nan,nan,,nan,,,,
nan,nan,nan,nan,nan,nan,nan,nan,nan,nan,nan,nan,nan,nan,nan,nan,nan,0.0,0.0,0.0,0.0,0.0,0.0,0.0,0.0,258.0,0.0,0.0,0.0,0.0,0.0,0.0,0.0,258.0,nan,nan,nan,,nan,nan,nan,nan,nan,nan,nan,,,,nan,nan,nan,nan,nan,nan,nan,nan,nan,nan,nan,nan,,nan,nan,,,nan,nan,nan,nan,nan,nan,nan,nan,nan,nan,nan,nan,nan,nan,nan,nan,nan,nan,nan,nan,nan,nan,nan,nan,,nan,nan,nan,,nan,,,,
nan,nan,nan,nan,nan,nan,nan,nan,nan,nan,nan,nan,nan,nan,nan,nan,nan,0.0,0.0,0.0,0.0,0.0,0.0,0.0,0.0,240.0,0.0,0.0,0.0,0.0,0.0,0.0,0.0,240.0,nan,nan,nan,,nan,nan,nan,nan,nan,nan,nan,,,,nan,nan,nan,nan,nan,nan,nan,nan,nan,nan,nan,nan,,nan,nan,,,nan,nan,nan,nan,nan,nan,nan,nan,nan,nan,nan,nan,nan,nan,nan,nan,nan,nan,nan,nan,nan,nan,nan,nan,,nan,nan,nan,,nan,,,,
nan,nan,nan,nan,nan,nan,nan,nan,nan,nan,nan,nan,nan,nan,nan,nan,nan,0.0,0.0,0.0,0.0,0.0,0.0,0.0,0.0,227.0,0.0,0.0,0.0,0.0,0.0,0.0,0.0,227.0,nan,nan,nan,,nan,nan,nan,nan,nan,nan,nan,,,,nan,nan,nan,nan,nan,nan,nan,nan,nan,nan,nan,nan,,nan,nan,,,nan,nan,nan,nan,nan,nan,nan,nan,nan,nan,nan,nan,nan,nan,nan,nan,nan,nan,nan,nan,nan,nan,nan,nan,,nan,nan,nan,,nan,,,,
nan,nan,nan,nan,nan,nan,nan,nan,nan,nan,nan,nan,nan,nan,nan,nan,nan,0.0,0.0,0.0,0.0,0.0,0.0,0.0,0.0,258.0,0.0,0.0,0.0,0.0,0.0,0.0,0.0,258.0,nan,nan,nan,,nan,nan,nan,nan,nan,nan,nan,,,,nan,nan,nan,nan,nan,nan,nan,nan,nan,nan,nan,nan,,nan,nan,,,nan,nan,nan,nan,nan,nan,nan,nan,nan,nan,nan,nan,nan,nan,nan,nan,nan,nan,nan,nan,nan,nan,nan,nan,,nan,nan,nan,,nan,,,,
nan,nan,nan,nan,nan,nan,nan,nan,nan,nan,nan,nan,nan,nan,nan,nan,nan,0.0,0.0,0.0,0.0,0.0,0.0,0.0,0.0,220.0,0.0,0.0,0.0,0.0,0.0,0.0,0.0,220.0,nan,nan,nan,,nan,nan,nan,nan,nan,nan,nan,,,,nan,nan,nan,nan,nan,nan,nan,nan,nan,nan,nan,nan,,nan,nan,,,nan,nan,nan,nan,nan,nan,nan,nan,nan,nan,nan,nan,nan,nan,nan,nan,nan,nan,nan,nan,nan,nan,nan,nan,,nan,nan,nan,,nan,,,,
nan,nan,nan,nan,nan,nan,nan,nan,nan,nan,nan,nan,nan,nan,nan,nan,nan,0.0,0.0,0.0,0.0,0.0,0.0,0.0,0.0,238.0,0.0,0.0,0.0,0.0,0.0,0.0,0.0,238.0,nan,nan,nan,,nan,nan,nan,nan,nan,nan,nan,,,,nan,nan,nan,nan,nan,nan,nan,nan,nan,nan,nan,nan,,nan,nan,,,nan,nan,nan,nan,nan,nan,nan,nan,nan,nan,nan,nan,nan,nan,nan,nan,nan,nan,nan,nan,nan,nan,nan,nan,,nan,nan,nan,,nan,,,,
nan,nan,nan,nan,nan,nan,nan,nan,nan,nan,nan,nan,nan,nan,nan,nan,nan,0.0,0.0,0.0,0.0,0.0,0.0,0.0,0.0,262.0,0.0,0.0,0.0,0.0,0.0,0.0,0.0,262.0,nan,nan,nan,,nan,nan,nan,nan,nan,nan,nan,,,,nan,nan,nan,nan,nan,nan,nan,nan,nan,nan,nan,nan,,nan,nan,,,nan,nan,nan,nan,nan,nan,nan,nan,nan,nan,nan,nan,nan,nan,nan,nan,nan,nan,nan,nan,nan,nan,nan,nan,,nan,nan,nan,,nan,,,,
nan,nan,nan,nan,nan,nan,nan,nan,nan,nan,nan,nan,nan,nan,nan,nan,nan,0.0,0.0,0.0,0.0,0.0,0.0,0.0,0.0,248.0,0.0,0.0,0.0,0.0,0.0,0.0,0.0,248.0,nan,nan,nan,,nan,nan,nan,nan,nan,nan,nan,,,,nan,nan,nan,nan,nan,nan,nan,nan,nan,nan,nan,nan,,nan,nan,,,nan,nan,nan,nan,nan,nan,nan,nan,nan,nan,nan,nan,nan,nan,nan,nan,nan,nan,nan,nan,nan,nan,nan,nan,,nan,nan,nan,,nan,,,,
nan,nan,nan,nan,nan,nan,nan,nan,nan,nan,nan,nan,nan,nan,nan,nan,nan,0.0,0.0,0.0,0.0,0.0,0.0,0.0,0.0,231.0,0.0,0.0,0.0,0.0,0.0,0.0,0.0,231.0,nan,nan,nan,,nan,nan,nan,nan,nan,nan,nan,,,,nan,nan,nan,nan,nan,nan,nan,nan,nan,nan,nan,nan,,nan,nan,,,nan,nan,nan,nan,nan,nan,nan,nan,nan,nan,nan,nan,nan,nan,nan,nan,nan,nan,nan,nan,nan,nan,nan,nan,,nan,nan,nan,,nan,,,,
nan,nan,nan,nan,nan,nan,nan,nan,nan,nan,nan,nan,nan,nan,nan,nan,nan,0.0,0.0,0.0,0.0,0.0,0.0,0.0,0.0,233.0,0.0,0.0,0.0,0.0,0.0,0.0,0.0,233.0,nan,nan,nan,,nan,nan,nan,nan,nan,nan,nan,,,,nan,nan,nan,nan,nan,nan,nan,nan,nan,nan,nan,nan,,nan,nan,,,nan,nan,nan,nan,nan,nan,nan,nan,nan,nan,nan,nan,nan,nan,nan,nan,nan,nan,nan,nan,nan,nan,nan,nan,,nan,nan,nan,,nan,,,,
nan,nan,nan,nan,nan,nan,nan,nan,nan,nan,nan,nan,nan,nan,nan,nan,nan,0.0,0.0,0.0,0.0,0.0,0.0,0.0,0.0,182.0,0.0,0.0,0.0,0.0,0.0,0.0,0.0,182.0,nan,nan,nan,,nan,nan,nan,nan,nan,nan,nan,,,,nan,nan,nan,nan,nan,nan,nan,nan,nan,nan,nan,nan,,nan,nan,,,nan,nan,nan,nan,nan,nan,nan,nan,nan,nan,nan,nan,nan,nan,nan,nan,nan,nan,nan,nan,nan,nan,nan,nan,,nan,nan,nan,,nan,,,,
nan,nan,nan,nan,nan,nan,nan,nan,nan,nan,nan,nan,nan,nan,nan,nan,nan,0.0,0.0,0.0,0.0,0.0,0.0,0.0,0.0,233.0,0.0,0.0,0.0,0.0,0.0,0.0,0.0,233.0,nan,nan,nan,,nan,nan,nan,nan,nan,nan,nan,,,,nan,nan,nan,nan,nan,nan,nan,nan,nan,nan,nan,nan,,nan,nan,,,nan,nan,nan,nan,nan,nan,nan,nan,nan,nan,nan,nan,nan,nan,nan,nan,nan,nan,nan,nan,nan,nan,nan,nan,,nan,nan,nan,,nan,,,,
nan,nan,nan,nan,nan,nan,nan,nan,nan,nan,nan,nan,nan,nan,nan,nan,nan,0.0,0.0,0.0,0.0,0.0,0.0,0.0,0.0,222.0,0.0,0.0,0.0,0.0,0.0,0.0,0.0,222.0,nan,nan,nan,,nan,nan,nan,nan,nan,nan,nan,,,,nan,nan,nan,nan,nan,nan,nan,nan,nan,nan,nan,nan,,nan,nan,,,nan,nan,nan,nan,nan,nan,nan,nan,nan,nan,nan,nan,nan,nan,nan,nan,nan,nan,nan,nan,nan,nan,nan,nan,,nan,nan,nan,,nan,,,,
nan,nan,nan,nan,nan,nan,nan,nan,nan,nan,nan,nan,nan,nan,nan,nan,nan,0.0,0.0,0.0,0.0,0.0,0.0,0.0,0.0,255.0,0.0,0.0,0.0,0.0,0.0,0.0,0.0,255.0,nan,nan,nan,,nan,nan,nan,nan,nan,nan,nan,,,,nan,nan,nan,nan,nan,nan,nan,nan,nan,nan,nan,nan,,nan,nan,,,nan,nan,nan,nan,nan,nan,nan,nan,nan,nan,nan,nan,nan,nan,nan,nan,nan,nan,nan,nan,nan,nan,nan,nan,,nan,nan,nan,,nan,,,,
nan,nan,nan,nan,nan,nan,nan,nan,nan,nan,nan,nan,nan,nan,nan,nan,nan,0.0,0.0,0.0,0.0,0.0,0.0,0.0,0.0,206.0,0.0,0.0,0.0,0.0,0.0,0.0,0.0,206.0,nan,nan,nan,,nan,nan,nan,nan,nan,nan,nan,,,,nan,nan,nan,nan,nan,nan,nan,nan,nan,nan,nan,nan,,nan,nan,,,nan,nan,nan,nan,nan,nan,nan,nan,nan,nan,nan,nan,nan,nan,nan,nan,nan,nan,nan,nan,nan,nan,nan,nan,,nan,nan,nan,,nan,,,,
nan,nan,nan,nan,nan,nan,nan,nan,nan,nan,nan,nan,nan,nan,nan,nan,nan,0.0,0.0,0.0,0.0,0.0,0.0,0.0,0.0,232.0,0.0,0.0,0.0,0.0,0.0,0.0,0.0,232.0,nan,nan,nan,,nan,nan,nan,nan,nan,nan,nan,,,,nan,nan,nan,nan,nan,nan,nan,nan,nan,nan,nan,nan,,nan,nan,,,nan,nan,nan,nan,nan,nan,nan,nan,nan,nan,nan,nan,nan,nan,nan,nan,nan,nan,nan,nan,nan,nan,nan,nan,,nan,nan,nan,,nan,,,,
nan,nan,nan,nan,nan,nan,nan,nan,nan,nan,nan,nan,nan,nan,nan,nan,nan,0.0,0.0,0.0,0.0,0.0,0.0,0.0,0.0,212.0,0.0,0.0,0.0,0.0,0.0,0.0,0.0,212.0,nan,nan,nan,,nan,nan,nan,nan,nan,nan,nan,,,,nan,nan,nan,nan,nan,nan,nan,nan,nan,nan,nan,nan,,nan,nan,,,nan,nan,nan,nan,nan,nan,nan,nan,nan,nan,nan,nan,nan,nan,nan,nan,nan,nan,nan,nan,nan,nan,nan,nan,,nan,nan,nan,,nan,,,,
nan,nan,nan,nan,nan,nan,nan,nan,nan,nan,nan,nan,nan,nan,nan,nan,nan,0.0,0.0,0.0,0.0,0.0,0.0,0.0,0.0,238.0,0.0,0.0,0.0,0.0,0.0,0.0,0.0,238.0,nan,nan,nan,,nan,nan,nan,nan,nan,nan,nan,,,,nan,nan,nan,nan,nan,nan,nan,nan,nan,nan,nan,nan,,nan,nan,,,nan,nan,nan,nan,nan,nan,nan,nan,nan,nan,nan,nan,nan,nan,nan,nan,nan,nan,nan,nan,nan,nan,nan,nan,,nan,nan,nan,,nan,,,,
nan,nan,nan,nan,nan,nan,nan,nan,nan,nan,nan,nan,nan,nan,nan,nan,nan,0.0,0.0,0.0,0.0,0.0,0.0,0.0,0.0,222.0,0.0,0.0,0.0,0.0,0.0,0.0,0.0,222.0,nan,nan,nan,,nan,nan,nan,nan,nan,nan,nan,,,,nan,nan,nan,nan,nan,nan,nan,nan,nan,nan,nan,nan,,nan,nan,,,nan,nan,nan,nan,nan,nan,nan,nan,nan,nan,nan,nan,nan,nan,nan,nan,nan,nan,nan,nan,nan,nan,nan,nan,,nan,nan,nan,,nan,,,,
nan,nan,nan,nan,nan,nan,nan,nan,nan,nan,nan,nan,nan,nan,nan,nan,nan,0.0,0.0,0.0,0.0,0.0,0.0,0.0,0.0,218.0,0.0,0.0,0.0,0.0,0.0,0.0,0.0,218.0,nan,nan,nan,,nan,nan,nan,nan,nan,nan,nan,,,,nan,nan,nan,nan,nan,nan,nan,nan,nan,nan,nan,nan,,nan,nan,,,nan,nan,nan,nan,nan,nan,nan,nan,nan,nan,nan,nan,nan,nan,nan,nan,nan,nan,nan,nan,nan,nan,nan,nan,,nan,nan,nan,,nan,,,,
nan,nan,nan,nan,nan,nan,nan,nan,nan,nan,nan,nan,nan,nan,nan,nan,nan,0.0,0.0,0.0,0.0,0.0,0.0,0.0,0.0,206.0,0.0,0.0,0.0,0.0,0.0,0.0,0.0,206.0,nan,nan,nan,,nan,nan,nan,nan,nan,nan,nan,,,,nan,nan,nan,nan,nan,nan,nan,nan,nan,nan,nan,nan,,nan,nan,,,nan,nan,nan,nan,nan,nan,nan,nan,nan,nan,nan,nan,nan,nan,nan,nan,nan,nan,nan,nan,nan,nan,nan,nan,,nan,nan,nan,,nan,,,,
nan,nan,nan,nan,nan,nan,nan,nan,nan,nan,nan,nan,nan,nan,nan,nan,nan,0.0,0.0,0.0,0.0,0.0,0.0,0.0,0.0,200.0,0.0,0.0,0.0,0.0,0.0,0.0,0.0,200.0,nan,nan,nan,,nan,nan,nan,nan,nan,nan,nan,,,,nan,nan,nan,nan,nan,nan,nan,nan,nan,nan,nan,nan,,nan,nan,,,nan,nan,nan,nan,nan,nan,nan,nan,nan,nan,nan,nan,nan,nan,nan,nan,nan,nan,nan,nan,nan,nan,nan,nan,,nan,nan,nan,,nan,,,,
nan,nan,nan,nan,nan,nan,nan,nan,nan,nan,nan,nan,nan,nan,nan,nan,nan,0.0,0.0,0.0,0.0,0.0,0.0,0.0,0.0,185.0,0.0,0.0,0.0,0.0,0.0,0.0,0.0,185.0,nan,nan,nan,,nan,nan,nan,nan,nan,nan,nan,,,,nan,nan,nan,nan,nan,nan,nan,nan,nan,nan,nan,nan,,nan,nan,,,nan,nan,nan,nan,nan,nan,nan,nan,nan,nan,nan,nan,nan,nan,nan,nan,nan,nan,nan,nan,nan,nan,nan,nan,,nan,nan,nan,,nan,,,,
nan,nan,nan,nan,nan,nan,nan,nan,nan,nan,nan,nan,nan,nan,nan,nan,nan,0.0,0.0,0.0,0.0,0.0,0.0,0.0,0.0,223.0,0.0,0.0,0.0,0.0,0.0,0.0,0.0,223.0,nan,nan,nan,,nan,nan,nan,nan,nan,nan,nan,,,,nan,nan,nan,nan,nan,nan,nan,nan,nan,nan,nan,nan,,nan,nan,,,nan,nan,nan,nan,nan,nan,nan,nan,nan,nan,nan,nan,nan,nan,nan,nan,nan,nan,nan,nan,nan,nan,nan,nan,,nan,nan,nan,,nan,,,,
nan,nan,nan,nan,nan,nan,nan,nan,nan,nan,nan,nan,nan,nan,nan,nan,nan,0.0,0.0,0.0,0.0,0.0,0.0,0.0,0.0,180.0,0.0,0.0,0.0,0.0,0.0,0.0,0.0,180.0,nan,nan,nan,,nan,nan,nan,nan,nan,nan,nan,,,,nan,nan,nan,nan,nan,nan,nan,nan,nan,nan,nan,nan,,nan,nan,,,nan,nan,nan,nan,nan,nan,nan,nan,nan,nan,nan,nan,nan,nan,nan,nan,nan,nan,nan,nan,nan,nan,nan,nan,,nan,nan,nan,,nan,,,,
nan,nan,nan,nan,nan,nan,nan,nan,nan,nan,nan,nan,nan,nan,nan,nan,nan,0.0,0.0,0.0,0.0,0.0,0.0,0.0,0.0,196.0,0.0,0.0,0.0,0.0,0.0,0.0,0.0,196.0,nan,nan,nan,,nan,nan,nan,nan,nan,nan,nan,,,,nan,nan,nan,nan,nan,nan,nan,nan,nan,nan,nan,nan,,nan,nan,,,nan,nan,nan,nan,nan,nan,nan,nan,nan,nan,nan,nan,nan,nan,nan,nan,nan,nan,nan,nan,nan,nan,nan,nan,,nan,nan,nan,,nan,,,,
nan,nan,nan,nan,nan,nan,nan,nan,nan,nan,nan,nan,nan,nan,nan,nan,nan,0.0,0.0,0.0,0.0,0.0,0.0,0.0,0.0,163.0,0.0,0.0,0.0,0.0,0.0,0.0,0.0,163.0,nan,nan,nan,,nan,nan,nan,nan,nan,nan,nan,,,,nan,nan,nan,nan,nan,nan,nan,nan,nan,nan,nan,nan,,nan,nan,,,nan,nan,nan,nan,nan,nan,nan,nan,nan,nan,nan,nan,nan,nan,nan,nan,nan,nan,nan,nan,nan,nan,nan,nan,,nan,nan,nan,,nan,,,,
nan,nan,nan,nan,nan,nan,nan,nan,nan,nan,nan,nan,nan,nan,nan,nan,nan,0.0,0.0,0.0,0.0,0.0,0.0,0.0,0.0,191.0,0.0,0.0,0.0,0.0,0.0,0.0,0.0,191.0,nan,nan,nan,,nan,nan,nan,nan,nan,nan,nan,,,,nan,nan,nan,nan,nan,nan,nan,nan,nan,nan,nan,nan,,nan,nan,,,nan,nan,nan,nan,nan,nan,nan,nan,nan,nan,nan,nan,nan,nan,nan,nan,nan,nan,nan,nan,nan,nan,nan,nan,,nan,nan,nan,,nan,,,,
nan,nan,nan,nan,nan,nan,nan,nan,nan,nan,nan,nan,nan,nan,nan,nan,nan,0.0,0.0,0.0,0.0,0.0,0.0,0.0,0.0,180.0,0.0,0.0,0.0,0.0,0.0,0.0,0.0,180.0,nan,nan,nan,,nan,nan,nan,nan,nan,nan,nan,,,,nan,nan,nan,nan,nan,nan,nan,nan,nan,nan,nan,nan,,nan,nan,,,nan,nan,nan,nan,nan,nan,nan,nan,nan,nan,nan,nan,nan,nan,nan,nan,nan,nan,nan,nan,nan,nan,nan,nan,,nan,nan,nan,,nan,,,,
nan,nan,nan,nan,nan,nan,nan,nan,nan,nan,nan,nan,nan,nan,nan,nan,nan,0.0,0.0,0.0,0.0,0.0,0.0,0.0,0.0,188.0,0.0,0.0,0.0,0.0,0.0,0.0,0.0,188.0,nan,nan,nan,,nan,nan,nan,nan,nan,nan,nan,,,,nan,nan,nan,nan,nan,nan,nan,nan,nan,nan,nan,nan,,nan,nan,,,nan,nan,nan,nan,nan,nan,nan,nan,nan,nan,nan,nan,nan,nan,nan,nan,nan,nan,nan,nan,nan,nan,nan,nan,,nan,nan,nan,,nan,,,,
nan,nan,nan,nan,nan,nan,nan,nan,nan,nan,nan,nan,nan,nan,nan,nan,nan,0.0,0.0,0.0,0.0,0.0,0.0,0.0,0.0,180.0,0.0,0.0,0.0,0.0,0.0,0.0,0.0,180.0,nan,nan,nan,,nan,nan,nan,nan,nan,nan,nan,,,,nan,nan,nan,nan,nan,nan,nan,nan,nan,nan,nan,nan,,nan,nan,,,nan,nan,nan,nan,nan,nan,nan,nan,nan,nan,nan,nan,nan,nan,nan,nan,nan,nan,nan,nan,nan,nan,nan,nan,,nan,nan,nan,,nan,,,,
nan,nan,nan,nan,nan,nan,nan,nan,nan,nan,nan,nan,nan,nan,nan,nan,nan,0.0,0.0,0.0,0.0,0.0,0.0,0.0,0.0,168.0,0.0,0.0,0.0,0.0,0.0,0.0,0.0,168.0,nan,nan,nan,,nan,nan,nan,nan,nan,nan,nan,,,,nan,nan,nan,nan,nan,nan,nan,nan,nan,nan,nan,nan,,nan,nan,,,nan,nan,nan,nan,nan,nan,nan,nan,nan,nan,nan,nan,nan,nan,nan,nan,nan,nan,nan,nan,nan,nan,nan,nan,,nan,nan,nan,,nan,,,,
nan,nan,nan,nan,nan,nan,nan,nan,nan,nan,nan,nan,nan,nan,nan,nan,nan,0.0,0.0,0.0,0.0,0.0,0.0,0.0,0.0,172.0,0.0,0.0,0.0,0.0,0.0,0.0,0.0,172.0,nan,nan,nan,,nan,nan,nan,nan,nan,nan,nan,,,,nan,nan,nan,nan,nan,nan,nan,nan,nan,nan,nan,nan,,nan,nan,,,nan,nan,nan,nan,nan,nan,nan,nan,nan,nan,nan,nan,nan,nan,nan,nan,nan,nan,nan,nan,nan,nan,nan,nan,,nan,nan,nan,,nan,,,,
nan,nan,nan,nan,nan,nan,nan,nan,nan,nan,nan,nan,nan,nan,nan,nan,nan,0.0,0.0,0.0,0.0,0.0,0.0,0.0,0.0,161.0,0.0,0.0,0.0,0.0,0.0,0.0,0.0,161.0,nan,nan,nan,,nan,nan,nan,nan,nan,nan,nan,,,,nan,nan,nan,nan,nan,nan,nan,nan,nan,nan,nan,nan,,nan,nan,,,nan,nan,nan,nan,nan,nan,nan,nan,nan,nan,nan,nan,nan,nan,nan,nan,nan,nan,nan,nan,nan,nan,nan,nan,,nan,nan,nan,,nan,,,,
nan,nan,nan,nan,nan,nan,nan,nan,nan,nan,nan,nan,nan,nan,nan,nan,nan,0.0,0.0,0.0,0.0,0.0,0.0,0.0,0.0,175.0,0.0,0.0,0.0,0.0,0.0,0.0,0.0,175.0,nan,nan,nan,,nan,nan,nan,nan,nan,nan,nan,,,,nan,nan,nan,nan,nan,nan,nan,nan,nan,nan,nan,nan,,nan,nan,,,nan,nan,nan,nan,nan,nan,nan,nan,nan,nan,nan,nan,nan,nan,nan,nan,nan,nan,nan,nan,nan,nan,nan,nan,,nan,nan,nan,,nan,,,,
nan,nan,nan,nan,nan,nan,nan,nan,nan,nan,nan,nan,nan,nan,nan,nan,nan,0.0,0.0,0.0,0.0,0.0,0.0,0.0,0.0,168.0,0.0,0.0,0.0,0.0,0.0,0.0,0.0,168.0,nan,nan,nan,,nan,nan,nan,nan,nan,nan,nan,,,,nan,nan,nan,nan,nan,nan,nan,nan,nan,nan,nan,nan,,nan,nan,,,nan,nan,nan,nan,nan,nan,nan,nan,nan,nan,nan,nan,nan,nan,nan,nan,nan,nan,nan,nan,nan,nan,nan,nan,,nan,nan,nan,,nan,,,,
nan,nan,nan,nan,nan,nan,nan,nan,nan,nan,nan,nan,nan,nan,nan,nan,nan,0.0,0.0,0.0,0.0,0.0,0.0,0.0,0.0,163.0,0.0,0.0,0.0,0.0,0.0,0.0,0.0,163.0,nan,nan,nan,,nan,nan,nan,nan,nan,nan,nan,,,,nan,nan,nan,nan,nan,nan,nan,nan,nan,nan,nan,nan,,nan,nan,,,nan,nan,nan,nan,nan,nan,nan,nan,nan,nan,nan,nan,nan,nan,nan,nan,nan,nan,nan,nan,nan,nan,nan,nan,,nan,nan,nan,,nan,,,,
nan,nan,nan,nan,nan,nan,nan,nan,nan,nan,nan,nan,nan,nan,nan,nan,nan,0.0,0.0,0.0,0.0,0.0,0.0,0.0,0.0,143.0,0.0,0.0,0.0,0.0,0.0,0.0,0.0,143.0,nan,nan,nan,,nan,nan,nan,nan,nan,nan,nan,,,,nan,nan,nan,nan,nan,nan,nan,nan,nan,nan,nan,nan,,nan,nan,,,nan,nan,nan,nan,nan,nan,nan,nan,nan,nan,nan,nan,nan,nan,nan,nan,nan,nan,nan,nan,nan,nan,nan,nan,,nan,nan,nan,,nan,,,,
nan,nan,nan,nan,nan,nan,nan,nan,nan,nan,nan,nan,nan,nan,nan,nan,nan,0.0,0.0,0.0,0.0,0.0,0.0,0.0,0.0,162.0,0.0,0.0,0.0,0.0,0.0,0.0,0.0,162.0,nan,nan,nan,,nan,nan,nan,nan,nan,nan,nan,,,,nan,nan,nan,nan,nan,nan,nan,nan,nan,nan,nan,nan,,nan,nan,,,nan,nan,nan,nan,nan,nan,nan,nan,nan,nan,nan,nan,nan,nan,nan,nan,nan,nan,nan,nan,nan,nan,nan,nan,,nan,nan,nan,,nan,,,,
nan,nan,nan,nan,nan,nan,nan,nan,nan,nan,nan,nan,nan,nan,nan,nan,nan,0.0,0.0,0.0,0.0,0.0,0.0,0.0,0.0,158.0,0.0,0.0,0.0,0.0,0.0,0.0,0.0,158.0,nan,nan,nan,,nan,nan,nan,nan,nan,nan,nan,,,,nan,nan,nan,nan,nan,nan,nan,nan,nan,nan,nan,nan,,nan,nan,,,nan,nan,nan,nan,nan,nan,nan,nan,nan,nan,nan,nan,nan,nan,nan,nan,nan,nan,nan,nan,nan,nan,nan,nan,,nan,nan,nan,,nan,,,,
nan,nan,nan,nan,nan,nan,nan,nan,nan,nan,nan,nan,nan,nan,nan,nan,nan,0.0,0.0,0.0,0.0,0.0,0.0,0.0,0.0,182.0,0.0,0.0,0.0,0.0,0.0,0.0,0.0,182.0,nan,nan,nan,,nan,nan,nan,nan,nan,nan,nan,,,,nan,nan,nan,nan,nan,nan,nan,nan,nan,nan,nan,nan,,nan,nan,,,nan,nan,nan,nan,nan,nan,nan,nan,nan,nan,nan,nan,nan,nan,nan,nan,nan,nan,nan,nan,nan,nan,nan,nan,,nan,nan,nan,,nan,,,,
nan,nan,nan,nan,nan,nan,nan,nan,nan,nan,nan,nan,nan,nan,nan,nan,nan,0.0,0.0,0.0,0.0,0.0,0.0,0.0,0.0,157.0,0.0,0.0,0.0,0.0,0.0,0.0,0.0,157.0,nan,nan,nan,,nan,nan,nan,nan,nan,nan,nan,,,,nan,nan,nan,nan,nan,nan,nan,nan,nan,nan,nan,nan,,nan,nan,,,nan,nan,nan,nan,nan,nan,nan,nan,nan,nan,nan,nan,nan,nan,nan,nan,nan,nan,nan,nan,nan,nan,nan,nan,,nan,nan,nan,,nan,,,,
nan,nan,nan,nan,nan,nan,nan,nan,nan,nan,nan,nan,nan,nan,nan,nan,nan,0.0,0.0,0.0,0.0,0.0,0.0,0.0,0.0,145.0,0.0,0.0,0.0,0.0,0.0,0.0,0.0,145.0,nan,nan,nan,,nan,nan,nan,nan,nan,nan,nan,,,,nan,nan,nan,nan,nan,nan,nan,nan,nan,nan,nan,nan,,nan,nan,,,nan,nan,nan,nan,nan,nan,nan,nan,nan,nan,nan,nan,nan,nan,nan,nan,nan,nan,nan,nan,nan,nan,nan,nan,,nan,nan,nan,,nan,,,,
nan,nan,nan,nan,nan,nan,nan,nan,nan,nan,nan,nan,nan,nan,nan,nan,nan,0.0,0.0,0.0,0.0,0.0,0.0,0.0,0.0,159.0,0.0,0.0,0.0,0.0,0.0,0.0,0.0,159.0,nan,nan,nan,,nan,nan,nan,nan,nan,nan,nan,,,,nan,nan,nan,nan,nan,nan,nan,nan,nan,nan,nan,nan,,nan,nan,,,nan,nan,nan,nan,nan,nan,nan,nan,nan,nan,nan,nan,nan,nan,nan,nan,nan,nan,nan,nan,nan,nan,nan,nan,,nan,nan,nan,,nan,,,,
nan,nan,nan,nan,nan,nan,nan,nan,nan,nan,nan,nan,nan,nan,nan,nan,nan,0.0,0.0,0.0,0.0,0.0,0.0,0.0,0.0,155.0,0.0,0.0,0.0,0.0,0.0,0.0,0.0,155.0,nan,nan,nan,,nan,nan,nan,nan,nan,nan,nan,,,,nan,nan,nan,nan,nan,nan,nan,nan,nan,nan,nan,nan,,nan,nan,,,nan,nan,nan,nan,nan,nan,nan,nan,nan,nan,nan,nan,nan,nan,nan,nan,nan,nan,nan,nan,nan,nan,nan,nan,,nan,nan,nan,,nan,,,,
nan,nan,nan,nan,nan,nan,nan,nan,nan,nan,nan,nan,nan,nan,nan,nan,nan,0.0,0.0,0.0,0.0,0.0,0.0,0.0,0.0,142.0,0.0,0.0,0.0,0.0,0.0,0.0,0.0,142.0,nan,nan,nan,,nan,nan,nan,nan,nan,nan,nan,,,,nan,nan,nan,nan,nan,nan,nan,nan,nan,nan,nan,nan,,nan,nan,,,nan,nan,nan,nan,nan,nan,nan,nan,nan,nan,nan,nan,nan,nan,nan,nan,nan,nan,nan,nan,nan,nan,nan,nan,,nan,nan,nan,,nan,,,,
nan,nan,nan,nan,nan,nan,nan,nan,nan,nan,nan,nan,nan,nan,nan,nan,nan,0.0,0.0,0.0,0.0,0.0,0.0,0.0,0.0,157.0,0.0,0.0,0.0,0.0,0.0,0.0,0.0,157.0,nan,nan,nan,,nan,nan,nan,nan,nan,nan,nan,,,,nan,nan,nan,nan,nan,nan,nan,nan,nan,nan,nan,nan,,nan,nan,,,nan,nan,nan,nan,nan,nan,nan,nan,nan,nan,nan,nan,nan,nan,nan,nan,nan,nan,nan,nan,nan,nan,nan,nan,,nan,nan,nan,,nan,,,,
nan,nan,nan,nan,nan,nan,nan,nan,nan,nan,nan,nan,nan,nan,nan,nan,nan,0.0,0.0,0.0,0.0,0.0,0.0,0.0,0.0,140.0,0.0,0.0,0.0,0.0,0.0,0.0,0.0,140.0,nan,nan,nan,,nan,nan,nan,nan,nan,nan,nan,,,,nan,nan,nan,nan,nan,nan,nan,nan,nan,nan,nan,nan,,nan,nan,,,nan,nan,nan,nan,nan,nan,nan,nan,nan,nan,nan,nan,nan,nan,nan,nan,nan,nan,nan,nan,nan,nan,nan,nan,,nan,nan,nan,,nan,,,,
nan,nan,nan,nan,nan,nan,nan,nan,nan,nan,nan,nan,nan,nan,nan,nan,nan,0.0,0.0,0.0,0.0,0.0,0.0,0.0,0.0,141.0,0.0,0.0,0.0,0.0,0.0,0.0,0.0,141.0,nan,nan,nan,,nan,nan,nan,nan,nan,nan,nan,,,,nan,nan,nan,nan,nan,nan,nan,nan,nan,nan,nan,nan,,nan,nan,,,nan,nan,nan,nan,nan,nan,nan,nan,nan,nan,nan,nan,nan,nan,nan,nan,nan,nan,nan,nan,nan,nan,nan,nan,,nan,nan,nan,,nan,,,,
nan,nan,nan,nan,nan,nan,nan,nan,nan,nan,nan,nan,nan,nan,nan,nan,nan,0.0,0.0,0.0,0.0,0.0,0.0,0.0,0.0,131.0,0.0,0.0,0.0,0.0,0.0,0.0,0.0,131.0,nan,nan,nan,,nan,nan,nan,nan,nan,nan,nan,,,,nan,nan,nan,nan,nan,nan,nan,nan,nan,nan,nan,nan,,nan,nan,,,nan,nan,nan,nan,nan,nan,nan,nan,nan,nan,nan,nan,nan,nan,nan,nan,nan,nan,nan,nan,nan,nan,nan,nan,,nan,nan,nan,,nan,,,,
nan,nan,nan,nan,nan,nan,nan,nan,nan,nan,nan,nan,nan,nan,nan,nan,nan,0.0,0.0,0.0,0.0,0.0,0.0,0.0,0.0,141.0,0.0,0.0,0.0,0.0,0.0,0.0,0.0,141.0,nan,nan,nan,,nan,nan,nan,nan,nan,nan,nan,,,,nan,nan,nan,nan,nan,nan,nan,nan,nan,nan,nan,nan,,nan,nan,,,nan,nan,nan,nan,nan,nan,nan,nan,nan,nan,nan,nan,nan,nan,nan,nan,nan,nan,nan,nan,nan,nan,nan,nan,,nan,nan,nan,,nan,,,,
nan,nan,nan,nan,nan,nan,nan,nan,nan,nan,nan,nan,nan,nan,nan,nan,nan,0.0,0.0,0.0,0.0,0.0,0.0,0.0,0.0,143.0,0.0,0.0,0.0,0.0,0.0,0.0,0.0,143.0,nan,nan,nan,,nan,nan,nan,nan,nan,nan,nan,,,,nan,nan,nan,nan,nan,nan,nan,nan,nan,nan,nan,nan,,nan,nan,,,nan,nan,nan,nan,nan,nan,nan,nan,nan,nan,nan,nan,nan,nan,nan,nan,nan,nan,nan,nan,nan,nan,nan,nan,,nan,nan,nan,,nan,,,,
nan,nan,nan,nan,nan,nan,nan,nan,nan,nan,nan,nan,nan,nan,nan,nan,nan,0.0,0.0,0.0,0.0,0.0,0.0,0.0,0.0,130.0,0.0,0.0,0.0,0.0,0.0,0.0,0.0,130.0,nan,nan,nan,,nan,nan,nan,nan,nan,nan,nan,,,,nan,nan,nan,nan,nan,nan,nan,nan,nan,nan,nan,nan,,nan,nan,,,nan,nan,nan,nan,nan,nan,nan,nan,nan,nan,nan,nan,nan,nan,nan,nan,nan,nan,nan,nan,nan,nan,nan,nan,,nan,nan,nan,,nan,,,,
nan,nan,nan,nan,nan,nan,nan,nan,nan,nan,nan,nan,nan,nan,nan,nan,nan,0.0,0.0,0.0,0.0,0.0,0.0,0.0,0.0,121.0,0.0,0.0,0.0,0.0,0.0,0.0,0.0,121.0,nan,nan,nan,,nan,nan,nan,nan,nan,nan,nan,,,,nan,nan,nan,nan,nan,nan,nan,nan,nan,nan,nan,nan,,nan,nan,,,nan,nan,nan,nan,nan,nan,nan,nan,nan,nan,nan,nan,nan,nan,nan,nan,nan,nan,nan,nan,nan,nan,nan,nan,,nan,nan,nan,,nan,,,,
nan,nan,nan,nan,nan,nan,nan,nan,nan,nan,nan,nan,nan,nan,nan,nan,nan,0.0,0.0,0.0,0.0,0.0,0.0,0.0,0.0,141.0,0.0,0.0,0.0,0.0,0.0,0.0,0.0,141.0,nan,nan,nan,,nan,nan,nan,nan,nan,nan,nan,,,,nan,nan,nan,nan,nan,nan,nan,nan,nan,nan,nan,nan,,nan,nan,,,nan,nan,nan,nan,nan,nan,nan,nan,nan,nan,nan,nan,nan,nan,nan,nan,nan,nan,nan,nan,nan,nan,nan,nan,,nan,nan,nan,,nan,,,,
nan,nan,nan,nan,nan,nan,nan,nan,nan,nan,nan,nan,nan,nan,nan,nan,nan,0.0,0.0,0.0,0.0,0.0,0.0,0.0,0.0,128.0,0.0,0.0,0.0,0.0,0.0,0.0,0.0,128.0,nan,nan,nan,,nan,nan,nan,nan,nan,nan,nan,,,,nan,nan,nan,nan,nan,nan,nan,nan,nan,nan,nan,nan,,nan,nan,,,nan,nan,nan,nan,nan,nan,nan,nan,nan,nan,nan,nan,nan,nan,nan,nan,nan,nan,nan,nan,nan,nan,nan,nan,,nan,nan,nan,,nan,,,,
nan,nan,nan,nan,nan,nan,nan,nan,nan,nan,nan,nan,nan,nan,nan,nan,nan,0.0,0.0,0.0,0.0,0.0,0.0,0.0,0.0,150.0,0.0,0.0,0.0,0.0,0.0,0.0,0.0,150.0,nan,nan,nan,,nan,nan,nan,nan,nan,nan,nan,,,,nan,nan,nan,nan,nan,nan,nan,nan,nan,nan,nan,nan,,nan,nan,,,nan,nan,nan,nan,nan,nan,nan,nan,nan,nan,nan,nan,nan,nan,nan,nan,nan,nan,nan,nan,nan,nan,nan,nan,,nan,nan,nan,,nan,,,,
nan,nan,nan,nan,nan,nan,nan,nan,nan,nan,nan,nan,nan,nan,nan,nan,nan,0.0,0.0,0.0,0.0,0.0,0.0,0.0,0.0,121.0,0.0,0.0,0.0,0.0,0.0,0.0,0.0,121.0,nan,nan,nan,,nan,nan,nan,nan,nan,nan,nan,,,,nan,nan,nan,nan,nan,nan,nan,nan,nan,nan,nan,nan,,nan,nan,,,nan,nan,nan,nan,nan,nan,nan,nan,nan,nan,nan,nan,nan,nan,nan,nan,nan,nan,nan,nan,nan,nan,nan,nan,,nan,nan,nan,,nan,,,,
nan,nan,nan,nan,nan,nan,nan,nan,nan,nan,nan,nan,nan,nan,nan,nan,nan,0.0,0.0,0.0,0.0,0.0,0.0,0.0,0.0,125.0,0.0,0.0,0.0,0.0,0.0,0.0,0.0,125.0,nan,nan,nan,,nan,nan,nan,nan,nan,nan,nan,,,,nan,nan,nan,nan,nan,nan,nan,nan,nan,nan,nan,nan,,nan,nan,,,nan,nan,nan,nan,nan,nan,nan,nan,nan,nan,nan,nan,nan,nan,nan,nan,nan,nan,nan,nan,nan,nan,nan,nan,,nan,nan,nan,,nan,,,,
nan,nan,nan,nan,nan,nan,nan,nan,nan,nan,nan,nan,nan,nan,nan,nan,nan,0.0,0.0,0.0,0.0,0.0,0.0,0.0,0.0,135.0,0.0,0.0,0.0,0.0,0.0,0.0,0.0,135.0,nan,nan,nan,,nan,nan,nan,nan,nan,nan,nan,,,,nan,nan,nan,nan,nan,nan,nan,nan,nan,nan,nan,nan,,nan,nan,,,nan,nan,nan,nan,nan,nan,nan,nan,nan,nan,nan,nan,nan,nan,nan,nan,nan,nan,nan,nan,nan,nan,nan,nan,,nan,nan,nan,,nan,,,,
nan,nan,nan,nan,nan,nan,nan,nan,nan,nan,nan,nan,nan,nan,nan,nan,nan,0.0,0.0,0.0,0.0,0.0,0.0,0.0,0.0,116.0,0.0,0.0,0.0,0.0,0.0,0.0,0.0,116.0,nan,nan,nan,,nan,nan,nan,nan,nan,nan,nan,,,,nan,nan,nan,nan,nan,nan,nan,nan,nan,nan,nan,nan,,nan,nan,,,nan,nan,nan,nan,nan,nan,nan,nan,nan,nan,nan,nan,nan,nan,nan,nan,nan,nan,nan,nan,nan,nan,nan,nan,,nan,nan,nan,,nan,,,,
nan,nan,nan,nan,nan,nan,nan,nan,nan,nan,nan,nan,nan,nan,nan,nan,nan,0.0,0.0,0.0,0.0,0.0,0.0,0.0,0.0,125.0,0.0,0.0,0.0,0.0,0.0,0.0,0.0,125.0,nan,nan,nan,,nan,nan,nan,nan,nan,nan,nan,,,,nan,nan,nan,nan,nan,nan,nan,nan,nan,nan,nan,nan,,nan,nan,,,nan,nan,nan,nan,nan,nan,nan,nan,nan,nan,nan,nan,nan,nan,nan,nan,nan,nan,nan,nan,nan,nan,nan,nan,,nan,nan,nan,,nan,,,,
nan,nan,nan,nan,nan,nan,nan,nan,nan,nan,nan,nan,nan,nan,nan,nan,nan,0.0,0.0,0.0,0.0,0.0,0.0,0.0,0.0,105.0,0.0,0.0,0.0,0.0,0.0,0.0,0.0,105.0,nan,nan,nan,,nan,nan,nan,nan,nan,nan,nan,,,,nan,nan,nan,nan,nan,nan,nan,nan,nan,nan,nan,nan,,nan,nan,,,nan,nan,nan,nan,nan,nan,nan,nan,nan,nan,nan,nan,nan,nan,nan,nan,nan,nan,nan,nan,nan,nan,nan,nan,,nan,nan,nan,,nan,,,,
nan,nan,nan,nan,nan,nan,nan,nan,nan,nan,nan,nan,nan,nan,nan,nan,nan,0.0,0.0,0.0,0.0,0.0,0.0,0.0,0.0,103.0,0.0,0.0,0.0,0.0,0.0,0.0,0.0,103.0,nan,nan,nan,,nan,nan,nan,nan,nan,nan,nan,,,,nan,nan,nan,nan,nan,nan,nan,nan,nan,nan,nan,nan,,nan,nan,,,nan,nan,nan,nan,nan,nan,nan,nan,nan,nan,nan,nan,nan,nan,nan,nan,nan,nan,nan,nan,nan,nan,nan,nan,,nan,nan,nan,,nan,,,,
nan,nan,nan,nan,nan,nan,nan,nan,nan,nan,nan,nan,nan,nan,nan,nan,nan,0.0,0.0,0.0,0.0,0.0,0.0,0.0,0.0,117.0,0.0,0.0,0.0,0.0,0.0,0.0,0.0,117.0,nan,nan,nan,,nan,nan,nan,nan,nan,nan,nan,,,,nan,nan,nan,nan,nan,nan,nan,nan,nan,nan,nan,nan,,nan,nan,,,nan,nan,nan,nan,nan,nan,nan,nan,nan,nan,nan,nan,nan,nan,nan,nan,nan,nan,nan,nan,nan,nan,nan,nan,,nan,nan,nan,,nan,,,,
nan,nan,nan,nan,nan,nan,nan,nan,nan,nan,nan,nan,nan,nan,nan,nan,nan,0.0,0.0,0.0,0.0,0.0,0.0,0.0,0.0,101.0,0.0,0.0,0.0,0.0,0.0,0.0,0.0,101.0,nan,nan,nan,,nan,nan,nan,nan,nan,nan,nan,,,,nan,nan,nan,nan,nan,nan,nan,nan,nan,nan,nan,nan,,nan,nan,,,nan,nan,nan,nan,nan,nan,nan,nan,nan,nan,nan,nan,nan,nan,nan,nan,nan,nan,nan,nan,nan,nan,nan,nan,,nan,nan,nan,,nan,,,,
nan,nan,nan,nan,nan,nan,nan,nan,nan,nan,nan,nan,nan,nan,nan,nan,nan,0.0,0.0,0.0,0.0,0.0,0.0,0.0,0.0,110.0,0.0,0.0,0.0,0.0,0.0,0.0,0.0,110.0,nan,nan,nan,,nan,nan,nan,nan,nan,nan,nan,,,,nan,nan,nan,nan,nan,nan,nan,nan,nan,nan,nan,nan,,nan,nan,,,nan,nan,nan,nan,nan,nan,nan,nan,nan,nan,nan,nan,nan,nan,nan,nan,nan,nan,nan,nan,nan,nan,nan,nan,,nan,nan,nan,,nan,,,,
nan,nan,nan,nan,nan,nan,nan,nan,nan,nan,nan,nan,nan,nan,nan,nan,nan,0.0,0.0,0.0,0.0,0.0,0.0,0.0,0.0,133.0,0.0,0.0,0.0,0.0,0.0,0.0,0.0,133.0,nan,nan,nan,,nan,nan,nan,nan,nan,nan,nan,,,,nan,nan,nan,nan,nan,nan,nan,nan,nan,nan,nan,nan,,nan,nan,,,nan,nan,nan,nan,nan,nan,nan,nan,nan,nan,nan,nan,nan,nan,nan,nan,nan,nan,nan,nan,nan,nan,nan,nan,,nan,nan,nan,,nan,,,,
nan,nan,nan,nan,nan,nan,nan,nan,nan,nan,nan,nan,nan,nan,nan,nan,nan,0.0,0.0,0.0,0.0,0.0,0.0,0.0,0.0,107.0,0.0,0.0,0.0,0.0,0.0,0.0,0.0,107.0,nan,nan,nan,,nan,nan,nan,nan,nan,nan,nan,,,,nan,nan,nan,nan,nan,nan,nan,nan,nan,nan,nan,nan,,nan,nan,,,nan,nan,nan,nan,nan,nan,nan,nan,nan,nan,nan,nan,nan,nan,nan,nan,nan,nan,nan,nan,nan,nan,nan,nan,,nan,nan,nan,,nan,,,,
nan,nan,nan,nan,nan,nan,nan,nan,nan,nan,nan,nan,nan,nan,nan,nan,nan,0.0,0.0,0.0,0.0,0.0,0.0,0.0,0.0,97.0,0.0,0.0,0.0,0.0,0.0,0.0,0.0,97.0,nan,nan,nan,,nan,nan,nan,nan,nan,nan,nan,,,,nan,nan,nan,nan,nan,nan,nan,nan,nan,nan,nan,nan,,nan,nan,,,nan,nan,nan,nan,nan,nan,nan,nan,nan,nan,nan,nan,nan,nan,nan,nan,nan,nan,nan,nan,nan,nan,nan,nan,,nan,nan,nan,,nan,,,,
nan,nan,nan,nan,nan,nan,nan,nan,nan,nan,nan,nan,nan,nan,nan,nan,nan,0.0,0.0,0.0,0.0,0.0,0.0,0.0,0.0,91.0,0.0,0.0,0.0,0.0,0.0,0.0,0.0,91.0,nan,nan,nan,,nan,nan,nan,nan,nan,nan,nan,,,,nan,nan,nan,nan,nan,nan,nan,nan,nan,nan,nan,nan,,nan,nan,,,nan,nan,nan,nan,nan,nan,nan,nan,nan,nan,nan,nan,nan,nan,nan,nan,nan,nan,nan,nan,nan,nan,nan,nan,,nan,nan,nan,,nan,,,,
nan,nan,nan,nan,nan,nan,nan,nan,nan,nan,nan,nan,nan,nan,nan,nan,nan,0.0,0.0,0.0,0.0,0.0,0.0,0.0,0.0,89.0,0.0,0.0,0.0,0.0,0.0,0.0,0.0,89.0,nan,nan,nan,,nan,nan,nan,nan,nan,nan,nan,,,,nan,nan,nan,nan,nan,nan,nan,nan,nan,nan,nan,nan,,nan,nan,,,nan,nan,nan,nan,nan,nan,nan,nan,nan,nan,nan,nan,nan,nan,nan,nan,nan,nan,nan,nan,nan,nan,nan,nan,,nan,nan,nan,,nan,,,,
nan,nan,nan,nan,nan,nan,nan,nan,nan,nan,nan,nan,nan,nan,nan,nan,nan,0.0,0.0,0.0,0.0,0.0,0.0,0.0,0.0,86.0,0.0,0.0,0.0,0.0,0.0,0.0,0.0,86.0,nan,nan,nan,,nan,nan,nan,nan,nan,nan,nan,,,,nan,nan,nan,nan,nan,nan,nan,nan,nan,nan,nan,nan,,nan,nan,,,nan,nan,nan,nan,nan,nan,nan,nan,nan,nan,nan,nan,nan,nan,nan,nan,nan,nan,nan,nan,nan,nan,nan,nan,,nan,nan,nan,,nan,,,,
nan,nan,nan,nan,nan,nan,nan,nan,nan,nan,nan,nan,nan,nan,nan,nan,nan,0.0,0.0,0.0,0.0,0.0,0.0,0.0,0.0,122.0,0.0,0.0,0.0,0.0,0.0,0.0,0.0,122.0,nan,nan,nan,,nan,nan,nan,nan,nan,nan,nan,,,,nan,nan,nan,nan,nan,nan,nan,nan,nan,nan,nan,nan,,nan,nan,,,nan,nan,nan,nan,nan,nan,nan,nan,nan,nan,nan,nan,nan,nan,nan,nan,nan,nan,nan,nan,nan,nan,nan,nan,,nan,nan,nan,,nan,,,,
nan,nan,nan,nan,nan,nan,nan,nan,nan,nan,nan,nan,nan,nan,nan,nan,nan,0.0,0.0,0.0,0.0,0.0,0.0,0.0,0.0,98.0,0.0,0.0,0.0,0.0,0.0,0.0,0.0,98.0,nan,nan,nan,,nan,nan,nan,nan,nan,nan,nan,,,,nan,nan,nan,nan,nan,nan,nan,nan,nan,nan,nan,nan,,nan,nan,,,nan,nan,nan,nan,nan,nan,nan,nan,nan,nan,nan,nan,nan,nan,nan,nan,nan,nan,nan,nan,nan,nan,nan,nan,,nan,nan,nan,,nan,,,,
nan,nan,nan,nan,nan,nan,nan,nan,nan,nan,nan,nan,nan,nan,nan,nan,nan,0.0,0.0,0.0,0.0,0.0,0.0,0.0,0.0,92.0,0.0,0.0,0.0,0.0,0.0,0.0,0.0,92.0,nan,nan,nan,,nan,nan,nan,nan,nan,nan,nan,,,,nan,nan,nan,nan,nan,nan,nan,nan,nan,nan,nan,nan,,nan,nan,,,nan,nan,nan,nan,nan,nan,nan,nan,nan,nan,nan,nan,nan,nan,nan,nan,nan,nan,nan,nan,nan,nan,nan,nan,,nan,nan,nan,,nan,,,,
nan,nan,nan,nan,nan,nan,nan,nan,nan,nan,nan,nan,nan,nan,nan,nan,nan,0.0,0.0,0.0,0.0,0.0,0.0,0.0,0.0,110.0,0.0,0.0,0.0,0.0,0.0,0.0,0.0,110.0,nan,nan,nan,,nan,nan,nan,nan,nan,nan,nan,,,,nan,nan,nan,nan,nan,nan,nan,nan,nan,nan,nan,nan,,nan,nan,,,nan,nan,nan,nan,nan,nan,nan,nan,nan,nan,nan,nan,nan,nan,nan,nan,nan,nan,nan,nan,nan,nan,nan,nan,,nan,nan,nan,,nan,,,,
nan,nan,nan,nan,nan,nan,nan,nan,nan,nan,nan,nan,nan,nan,nan,nan,nan,0.0,0.0,0.0,0.0,0.0,0.0,0.0,0.0,90.0,0.0,0.0,0.0,0.0,0.0,0.0,0.0,90.0,nan,nan,nan,,nan,nan,nan,nan,nan,nan,nan,,,,nan,nan,nan,nan,nan,nan,nan,nan,nan,nan,nan,nan,,nan,nan,,,nan,nan,nan,nan,nan,nan,nan,nan,nan,nan,nan,nan,nan,nan,nan,nan,nan,nan,nan,nan,nan,nan,nan,nan,,nan,nan,nan,,nan,,,,
nan,nan,nan,nan,nan,nan,nan,nan,nan,nan,nan,nan,nan,nan,nan,nan,nan,0.0,0.0,0.0,0.0,0.0,0.0,0.0,0.0,111.0,0.0,0.0,0.0,0.0,0.0,0.0,0.0,111.0,nan,nan,nan,,nan,nan,nan,nan,nan,nan,nan,,,,nan,nan,nan,nan,nan,nan,nan,nan,nan,nan,nan,nan,,nan,nan,,,nan,nan,nan,nan,nan,nan,nan,nan,nan,nan,nan,nan,nan,nan,nan,nan,nan,nan,nan,nan,nan,nan,nan,nan,,nan,nan,nan,,nan,,,,
nan,nan,nan,nan,nan,nan,nan,nan,nan,nan,nan,nan,nan,nan,nan,nan,nan,0.0,0.0,0.0,0.0,0.0,0.0,0.0,0.0,101.0,0.0,0.0,0.0,0.0,0.0,0.0,0.0,101.0,nan,nan,nan,,nan,nan,nan,nan,nan,nan,nan,,,,nan,nan,nan,nan,nan,nan,nan,nan,nan,nan,nan,nan,,nan,nan,,,nan,nan,nan,nan,nan,nan,nan,nan,nan,nan,nan,nan,nan,nan,nan,nan,nan,nan,nan,nan,nan,nan,nan,nan,,nan,nan,nan,,nan,,,,
nan,nan,nan,nan,nan,nan,nan,nan,nan,nan,nan,nan,nan,nan,nan,nan,nan,0.0,0.0,0.0,0.0,0.0,0.0,0.0,0.0,92.0,0.0,0.0,0.0,0.0,0.0,0.0,0.0,92.0,nan,nan,nan,,nan,nan,nan,nan,nan,nan,nan,,,,nan,nan,nan,nan,nan,nan,nan,nan,nan,nan,nan,nan,,nan,nan,,,nan,nan,nan,nan,nan,nan,nan,nan,nan,nan,nan,nan,nan,nan,nan,nan,nan,nan,nan,nan,nan,nan,nan,nan,,nan,nan,nan,,nan,,,,
nan,nan,nan,nan,nan,nan,nan,nan,nan,nan,nan,nan,nan,nan,nan,nan,nan,0.0,0.0,0.0,0.0,0.0,0.0,0.0,0.0,87.0,0.0,0.0,0.0,0.0,0.0,0.0,0.0,87.0,nan,nan,nan,,nan,nan,nan,nan,nan,nan,nan,,,,nan,nan,nan,nan,nan,nan,nan,nan,nan,nan,nan,nan,,nan,nan,,,nan,nan,nan,nan,nan,nan,nan,nan,nan,nan,nan,nan,nan,nan,nan,nan,nan,nan,nan,nan,nan,nan,nan,nan,,nan,nan,nan,,nan,,,,
nan,nan,nan,nan,nan,nan,nan,nan,nan,nan,nan,nan,nan,nan,nan,nan,nan,0.0,0.0,0.0,0.0,0.0,0.0,0.0,0.0,81.0,0.0,0.0,0.0,0.0,0.0,0.0,0.0,81.0,nan,nan,nan,,nan,nan,nan,nan,nan,nan,nan,,,,nan,nan,nan,nan,nan,nan,nan,nan,nan,nan,nan,nan,,nan,nan,,,nan,nan,nan,nan,nan,nan,nan,nan,nan,nan,nan,nan,nan,nan,nan,nan,nan,nan,nan,nan,nan,nan,nan,nan,,nan,nan,nan,,nan,,,,
nan,nan,nan,nan,nan,nan,nan,nan,nan,nan,nan,nan,nan,nan,nan,nan,nan,0.0,0.0,0.0,0.0,0.0,0.0,0.0,0.0,117.0,0.0,0.0,0.0,0.0,0.0,0.0,0.0,117.0,nan,nan,nan,,nan,nan,nan,nan,nan,nan,nan,,,,nan,nan,nan,nan,nan,nan,nan,nan,nan,nan,nan,nan,,nan,nan,,,nan,nan,nan,nan,nan,nan,nan,nan,nan,nan,nan,nan,nan,nan,nan,nan,nan,nan,nan,nan,nan,nan,nan,nan,,nan,nan,nan,,nan,,,,
nan,nan,nan,nan,nan,nan,nan,nan,nan,nan,nan,nan,nan,nan,nan,nan,nan,0.0,0.0,0.0,0.0,0.0,0.0,0.0,0.0,83.0,0.0,0.0,0.0,0.0,0.0,0.0,0.0,83.0,nan,nan,nan,,nan,nan,nan,nan,nan,nan,nan,,,,nan,nan,nan,nan,nan,nan,nan,nan,nan,nan,nan,nan,,nan,nan,,,nan,nan,nan,nan,nan,nan,nan,nan,nan,nan,nan,nan,nan,nan,nan,nan,nan,nan,nan,nan,nan,nan,nan,nan,,nan,nan,nan,,nan,,,,
nan,nan,nan,nan,nan,nan,nan,nan,nan,nan,nan,nan,nan,nan,nan,nan,nan,0.0,0.0,0.0,0.0,0.0,0.0,0.0,0.0,73.0,0.0,0.0,0.0,0.0,0.0,0.0,0.0,73.0,nan,nan,nan,,nan,nan,nan,nan,nan,nan,nan,,,,nan,nan,nan,nan,nan,nan,nan,nan,nan,nan,nan,nan,,nan,nan,,,nan,nan,nan,nan,nan,nan,nan,nan,nan,nan,nan,nan,nan,nan,nan,nan,nan,nan,nan,nan,nan,nan,nan,nan,,nan,nan,nan,,nan,,,,
nan,nan,nan,nan,nan,nan,nan,nan,nan,nan,nan,nan,nan,nan,nan,nan,nan,0.0,0.0,0.0,0.0,0.0,0.0,0.0,0.0,83.0,0.0,0.0,0.0,0.0,0.0,0.0,0.0,83.0,nan,nan,nan,,nan,nan,nan,nan,nan,nan,nan,,,,nan,nan,nan,nan,nan,nan,nan,nan,nan,nan,nan,nan,,nan,nan,,,nan,nan,nan,nan,nan,nan,nan,nan,nan,nan,nan,nan,nan,nan,nan,nan,nan,nan,nan,nan,nan,nan,nan,nan,,nan,nan,nan,,nan,,,,
nan,nan,nan,nan,nan,nan,nan,nan,nan,nan,nan,nan,nan,nan,nan,nan,nan,0.0,0.0,0.0,0.0,0.0,0.0,0.0,0.0,74.0,0.0,0.0,0.0,0.0,0.0,0.0,0.0,74.0,nan,nan,nan,,nan,nan,nan,nan,nan,nan,nan,,,,nan,nan,nan,nan,nan,nan,nan,nan,nan,nan,nan,nan,,nan,nan,,,nan,nan,nan,nan,nan,nan,nan,nan,nan,nan,nan,nan,nan,nan,nan,nan,nan,nan,nan,nan,nan,nan,nan,nan,,nan,nan,nan,,nan,,,,
nan,nan,nan,nan,nan,nan,nan,nan,nan,nan,nan,nan,nan,nan,nan,nan,nan,0.0,0.0,0.0,0.0,0.0,0.0,0.0,0.0,60.0,0.0,0.0,0.0,0.0,0.0,0.0,0.0,60.0,nan,nan,nan,,nan,nan,nan,nan,nan,nan,nan,,,,nan,nan,nan,nan,nan,nan,nan,nan,nan,nan,nan,nan,,nan,nan,,,nan,nan,nan,nan,nan,nan,nan,nan,nan,nan,nan,nan,nan,nan,nan,nan,nan,nan,nan,nan,nan,nan,nan,nan,,nan,nan,nan,,nan,,,,
nan,nan,nan,nan,nan,nan,nan,nan,nan,nan,nan,nan,nan,nan,nan,nan,nan,0.0,0.0,0.0,0.0,0.0,0.0,0.0,0.0,62.0,0.0,0.0,0.0,0.0,0.0,0.0,0.0,62.0,nan,nan,nan,,nan,nan,nan,nan,nan,nan,nan,,,,nan,nan,nan,nan,nan,nan,nan,nan,nan,nan,nan,nan,,nan,nan,,,nan,nan,nan,nan,nan,nan,nan,nan,nan,nan,nan,nan,nan,nan,nan,nan,nan,nan,nan,nan,nan,nan,nan,nan,,nan,nan,nan,,nan,,,,
nan,nan,nan,nan,nan,nan,nan,nan,nan,nan,nan,nan,nan,nan,nan,nan,nan,0.0,0.0,0.0,0.0,0.0,0.0,0.0,0.0,71.0,0.0,0.0,0.0,0.0,0.0,0.0,0.0,71.0,nan,nan,nan,,nan,nan,nan,nan,nan,nan,nan,,,,nan,nan,nan,nan,nan,nan,nan,nan,nan,nan,nan,nan,,nan,nan,,,nan,nan,nan,nan,nan,nan,nan,nan,nan,nan,nan,nan,nan,nan,nan,nan,nan,nan,nan,nan,nan,nan,nan,nan,,nan,nan,nan,,nan,,,,
nan,nan,nan,nan,nan,nan,nan,nan,nan,nan,nan,nan,nan,nan,nan,nan,nan,0.0,0.0,0.0,0.0,0.0,0.0,0.0,0.0,76.0,0.0,0.0,0.0,0.0,0.0,0.0,0.0,76.0,nan,nan,nan,,nan,nan,nan,nan,nan,nan,nan,,,,nan,nan,nan,nan,nan,nan,nan,nan,nan,nan,nan,nan,,nan,nan,,,nan,nan,nan,nan,nan,nan,nan,nan,nan,nan,nan,nan,nan,nan,nan,nan,nan,nan,nan,nan,nan,nan,nan,nan,,nan,nan,nan,,nan,,,,
nan,nan,nan,nan,nan,nan,nan,nan,nan,nan,nan,nan,nan,nan,nan,nan,nan,0.0,0.0,0.0,0.0,0.0,0.0,0.0,0.0,67.0,0.0,0.0,0.0,0.0,0.0,0.0,0.0,67.0,nan,nan,nan,,nan,nan,nan,nan,nan,nan,nan,,,,nan,nan,nan,nan,nan,nan,nan,nan,nan,nan,nan,nan,,nan,nan,,,nan,nan,nan,nan,nan,nan,nan,nan,nan,nan,nan,nan,nan,nan,nan,nan,nan,nan,nan,nan,nan,nan,nan,nan,,nan,nan,nan,,nan,,,,
nan,nan,nan,nan,nan,nan,nan,nan,nan,nan,nan,nan,nan,nan,nan,nan,nan,0.0,0.0,0.0,0.0,0.0,0.0,0.0,0.0,79.0,0.0,0.0,0.0,0.0,0.0,0.0,0.0,79.0,nan,nan,nan,,nan,nan,nan,nan,nan,nan,nan,,,,nan,nan,nan,nan,nan,nan,nan,nan,nan,nan,nan,nan,,nan,nan,,,nan,nan,nan,nan,nan,nan,nan,nan,nan,nan,nan,nan,nan,nan,nan,nan,nan,nan,nan,nan,nan,nan,nan,nan,,nan,nan,nan,,nan,,,,
nan,nan,nan,nan,nan,nan,nan,nan,nan,nan,nan,nan,nan,nan,nan,nan,nan,0.0,0.0,0.0,0.0,0.0,0.0,0.0,0.0,65.0,0.0,0.0,0.0,0.0,0.0,0.0,0.0,65.0,nan,nan,nan,,nan,nan,nan,nan,nan,nan,nan,,,,nan,nan,nan,nan,nan,nan,nan,nan,nan,nan,nan,nan,,nan,nan,,,nan,nan,nan,nan,nan,nan,nan,nan,nan,nan,nan,nan,nan,nan,nan,nan,nan,nan,nan,nan,nan,nan,nan,nan,,nan,nan,nan,,nan,,,,
nan,nan,nan,nan,nan,nan,nan,nan,nan,nan,nan,nan,nan,nan,nan,nan,nan,0.0,0.0,0.0,0.0,0.0,0.0,0.0,0.0,77.0,0.0,0.0,0.0,0.0,0.0,0.0,0.0,77.0,nan,nan,nan,,nan,nan,nan,nan,nan,nan,nan,,,,nan,nan,nan,nan,nan,nan,nan,nan,nan,nan,nan,nan,,nan,nan,,,nan,nan,nan,nan,nan,nan,nan,nan,nan,nan,nan,nan,nan,nan,nan,nan,nan,nan,nan,nan,nan,nan,nan,nan,,nan,nan,nan,,nan,,,,
nan,nan,nan,nan,nan,nan,nan,nan,nan,nan,nan,nan,nan,nan,nan,nan,nan,0.0,0.0,0.0,0.0,0.0,0.0,0.0,0.0,81.0,0.0,0.0,0.0,0.0,0.0,0.0,0.0,81.0,nan,nan,nan,,nan,nan,nan,nan,nan,nan,nan,,,,nan,nan,nan,nan,nan,nan,nan,nan,nan,nan,nan,nan,,nan,nan,,,nan,nan,nan,nan,nan,nan,nan,nan,nan,nan,nan,nan,nan,nan,nan,nan,nan,nan,nan,nan,nan,nan,nan,nan,,nan,nan,nan,,nan,,,,
nan,nan,nan,nan,nan,nan,nan,nan,nan,nan,nan,nan,nan,nan,nan,nan,nan,0.0,0.0,0.0,0.0,0.0,0.0,0.0,0.0,77.0,0.0,0.0,0.0,0.0,0.0,0.0,0.0,77.0,nan,nan,nan,,nan,nan,nan,nan,nan,nan,nan,,,,nan,nan,nan,nan,nan,nan,nan,nan,nan,nan,nan,nan,,nan,nan,,,nan,nan,nan,nan,nan,nan,nan,nan,nan,nan,nan,nan,nan,nan,nan,nan,nan,nan,nan,nan,nan,nan,nan,nan,,nan,nan,nan,,nan,,,,
nan,nan,nan,nan,nan,nan,nan,nan,nan,nan,nan,nan,nan,nan,nan,nan,nan,0.0,0.0,0.0,0.0,0.0,0.0,0.0,0.0,76.0,0.0,0.0,0.0,0.0,0.0,0.0,0.0,76.0,nan,nan,nan,,nan,nan,nan,nan,nan,nan,nan,,,,nan,nan,nan,nan,nan,nan,nan,nan,nan,nan,nan,nan,,nan,nan,,,nan,nan,nan,nan,nan,nan,nan,nan,nan,nan,nan,nan,nan,nan,nan,nan,nan,nan,nan,nan,nan,nan,nan,nan,,nan,nan,nan,,nan,,,,
nan,nan,nan,nan,nan,nan,nan,nan,nan,nan,nan,nan,nan,nan,nan,nan,nan,0.0,0.0,0.0,0.0,0.0,0.0,0.0,0.0,77.0,0.0,0.0,0.0,0.0,0.0,0.0,0.0,77.0,nan,nan,nan,,nan,nan,nan,nan,nan,nan,nan,,,,nan,nan,nan,nan,nan,nan,nan,nan,nan,nan,nan,nan,,nan,nan,,,nan,nan,nan,nan,nan,nan,nan,nan,nan,nan,nan,nan,nan,nan,nan,nan,nan,nan,nan,nan,nan,nan,nan,nan,,nan,nan,nan,,nan,,,,
nan,nan,nan,nan,nan,nan,nan,nan,nan,nan,nan,nan,nan,nan,nan,nan,nan,0.0,0.0,0.0,0.0,0.0,0.0,0.0,0.0,79.0,0.0,0.0,0.0,0.0,0.0,0.0,0.0,79.0,nan,nan,nan,,nan,nan,nan,nan,nan,nan,nan,,,,nan,nan,nan,nan,nan,nan,nan,nan,nan,nan,nan,nan,,nan,nan,,,nan,nan,nan,nan,nan,nan,nan,nan,nan,nan,nan,nan,nan,nan,nan,nan,nan,nan,nan,nan,nan,nan,nan,nan,,nan,nan,nan,,nan,,,,
nan,nan,nan,nan,nan,nan,nan,nan,nan,nan,nan,nan,nan,nan,nan,nan,nan,0.0,0.0,0.0,0.0,0.0,0.0,0.0,0.0,77.0,0.0,0.0,0.0,0.0,0.0,0.0,0.0,77.0,nan,nan,nan,,nan,nan,nan,nan,nan,nan,nan,,,,nan,nan,nan,nan,nan,nan,nan,nan,nan,nan,nan,nan,,nan,nan,,,nan,nan,nan,nan,nan,nan,nan,nan,nan,nan,nan,nan,nan,nan,nan,nan,nan,nan,nan,nan,nan,nan,nan,nan,,nan,nan,nan,,nan,,,,
nan,nan,nan,nan,nan,nan,nan,nan,nan,nan,nan,nan,nan,nan,nan,nan,nan,0.0,0.0,0.0,0.0,0.0,0.0,0.0,0.0,72.0,0.0,0.0,0.0,0.0,0.0,0.0,0.0,72.0,nan,nan,nan,,nan,nan,nan,nan,nan,nan,nan,,,,nan,nan,nan,nan,nan,nan,nan,nan,nan,nan,nan,nan,,nan,nan,,,nan,nan,nan,nan,nan,nan,nan,nan,nan,nan,nan,nan,nan,nan,nan,nan,nan,nan,nan,nan,nan,nan,nan,nan,,nan,nan,nan,,nan,,,,
nan,nan,nan,nan,nan,nan,nan,nan,nan,nan,nan,nan,nan,nan,nan,nan,nan,0.0,0.0,0.0,0.0,0.0,0.0,0.0,0.0,58.0,0.0,0.0,0.0,0.0,0.0,0.0,0.0,58.0,nan,nan,nan,,nan,nan,nan,nan,nan,nan,nan,,,,nan,nan,nan,nan,nan,nan,nan,nan,nan,nan,nan,nan,,nan,nan,,,nan,nan,nan,nan,nan,nan,nan,nan,nan,nan,nan,nan,nan,nan,nan,nan,nan,nan,nan,nan,nan,nan,nan,nan,,nan,nan,nan,,nan,,,,
nan,nan,nan,nan,nan,nan,nan,nan,nan,nan,nan,nan,nan,nan,nan,nan,nan,0.0,0.0,0.0,0.0,0.0,0.0,0.0,0.0,62.0,0.0,0.0,0.0,0.0,0.0,0.0,0.0,62.0,nan,nan,nan,,nan,nan,nan,nan,nan,nan,nan,,,,nan,nan,nan,nan,nan,nan,nan,nan,nan,nan,nan,nan,,nan,nan,,,nan,nan,nan,nan,nan,nan,nan,nan,nan,nan,nan,nan,nan,nan,nan,nan,nan,nan,nan,nan,nan,nan,nan,nan,,nan,nan,nan,,nan,,,,
nan,nan,nan,nan,nan,nan,nan,nan,nan,nan,nan,nan,nan,nan,nan,nan,nan,0.0,0.0,0.0,0.0,0.0,0.0,0.0,0.0,66.0,0.0,0.0,0.0,0.0,0.0,0.0,0.0,66.0,nan,nan,nan,,nan,nan,nan,nan,nan,nan,nan,,,,nan,nan,nan,nan,nan,nan,nan,nan,nan,nan,nan,nan,,nan,nan,,,nan,nan,nan,nan,nan,nan,nan,nan,nan,nan,nan,nan,nan,nan,nan,nan,nan,nan,nan,nan,nan,nan,nan,nan,,nan,nan,nan,,nan,,,,
nan,nan,nan,nan,nan,nan,nan,nan,nan,nan,nan,nan,nan,nan,nan,nan,nan,0.0,0.0,0.0,0.0,0.0,0.0,0.0,0.0,72.0,0.0,0.0,0.0,0.0,0.0,0.0,0.0,72.0,nan,nan,nan,,nan,nan,nan,nan,nan,nan,nan,,,,nan,nan,nan,nan,nan,nan,nan,nan,nan,nan,nan,nan,,nan,nan,,,nan,nan,nan,nan,nan,nan,nan,nan,nan,nan,nan,nan,nan,nan,nan,nan,nan,nan,nan,nan,nan,nan,nan,nan,,nan,nan,nan,,nan,,,,
nan,nan,nan,nan,nan,nan,nan,nan,nan,nan,nan,nan,nan,nan,nan,nan,nan,0.0,0.0,0.0,0.0,0.0,0.0,0.0,0.0,56.0,0.0,0.0,0.0,0.0,0.0,0.0,0.0,56.0,nan,nan,nan,,nan,nan,nan,nan,nan,nan,nan,,,,nan,nan,nan,nan,nan,nan,nan,nan,nan,nan,nan,nan,,nan,nan,,,nan,nan,nan,nan,nan,nan,nan,nan,nan,nan,nan,nan,nan,nan,nan,nan,nan,nan,nan,nan,nan,nan,nan,nan,,nan,nan,nan,,nan,,,,
nan,nan,nan,nan,nan,nan,nan,nan,nan,nan,nan,nan,nan,nan,nan,nan,nan,0.0,0.0,0.0,0.0,0.0,0.0,0.0,0.0,59.0,0.0,0.0,0.0,0.0,0.0,0.0,0.0,59.0,nan,nan,nan,,nan,nan,nan,nan,nan,nan,nan,,,,nan,nan,nan,nan,nan,nan,nan,nan,nan,nan,nan,nan,,nan,nan,,,nan,nan,nan,nan,nan,nan,nan,nan,nan,nan,nan,nan,nan,nan,nan,nan,nan,nan,nan,nan,nan,nan,nan,nan,,nan,nan,nan,,nan,,,,
nan,nan,nan,nan,nan,nan,nan,nan,nan,nan,nan,nan,nan,nan,nan,nan,nan,0.0,0.0,0.0,0.0,0.0,0.0,0.0,0.0,55.0,0.0,0.0,0.0,0.0,0.0,0.0,0.0,55.0,nan,nan,nan,,nan,nan,nan,nan,nan,nan,nan,,,,nan,nan,nan,nan,nan,nan,nan,nan,nan,nan,nan,nan,,nan,nan,,,nan,nan,nan,nan,nan,nan,nan,nan,nan,nan,nan,nan,nan,nan,nan,nan,nan,nan,nan,nan,nan,nan,nan,nan,,nan,nan,nan,,nan,,,,
nan,nan,nan,nan,nan,nan,nan,nan,nan,nan,nan,nan,nan,nan,nan,nan,nan,0.0,0.0,0.0,0.0,0.0,0.0,0.0,0.0,52.0,0.0,0.0,0.0,0.0,0.0,0.0,0.0,52.0,nan,nan,nan,,nan,nan,nan,nan,nan,nan,nan,,,,nan,nan,nan,nan,nan,nan,nan,nan,nan,nan,nan,nan,,nan,nan,,,nan,nan,nan,nan,nan,nan,nan,nan,nan,nan,nan,nan,nan,nan,nan,nan,nan,nan,nan,nan,nan,nan,nan,nan,,nan,nan,nan,,nan,,,,
nan,nan,nan,nan,nan,nan,nan,nan,nan,nan,nan,nan,nan,nan,nan,nan,nan,0.0,0.0,0.0,0.0,0.0,0.0,0.0,0.0,57.0,0.0,0.0,0.0,0.0,0.0,0.0,0.0,57.0,nan,nan,nan,,nan,nan,nan,nan,nan,nan,nan,,,,nan,nan,nan,nan,nan,nan,nan,nan,nan,nan,nan,nan,,nan,nan,,,nan,nan,nan,nan,nan,nan,nan,nan,nan,nan,nan,nan,nan,nan,nan,nan,nan,nan,nan,nan,nan,nan,nan,nan,,nan,nan,nan,,nan,,,,
nan,nan,nan,nan,nan,nan,nan,nan,nan,nan,nan,nan,nan,nan,nan,nan,nan,0.0,0.0,0.0,0.0,0.0,0.0,0.0,0.0,49.0,0.0,0.0,0.0,0.0,0.0,0.0,0.0,49.0,nan,nan,nan,,nan,nan,nan,nan,nan,nan,nan,,,,nan,nan,nan,nan,nan,nan,nan,nan,nan,nan,nan,nan,,nan,nan,,,nan,nan,nan,nan,nan,nan,nan,nan,nan,nan,nan,nan,nan,nan,nan,nan,nan,nan,nan,nan,nan,nan,nan,nan,,nan,nan,nan,,nan,,,,
nan,nan,nan,nan,nan,nan,nan,nan,nan,nan,nan,nan,nan,nan,nan,nan,nan,0.0,0.0,0.0,0.0,0.0,0.0,0.0,0.0,70.0,0.0,0.0,0.0,0.0,0.0,0.0,0.0,70.0,nan,nan,nan,,nan,nan,nan,nan,nan,nan,nan,,,,nan,nan,nan,nan,nan,nan,nan,nan,nan,nan,nan,nan,,nan,nan,,,nan,nan,nan,nan,nan,nan,nan,nan,nan,nan,nan,nan,nan,nan,nan,nan,nan,nan,nan,nan,nan,nan,nan,nan,,nan,nan,nan,,nan,,,,
nan,nan,nan,nan,nan,nan,nan,nan,nan,nan,nan,nan,nan,nan,nan,nan,nan,0.0,0.0,0.0,0.0,0.0,0.0,0.0,0.0,73.0,0.0,0.0,0.0,0.0,0.0,0.0,0.0,73.0,nan,nan,nan,,nan,nan,nan,nan,nan,nan,nan,,,,nan,nan,nan,nan,nan,nan,nan,nan,nan,nan,nan,nan,,nan,nan,,,nan,nan,nan,nan,nan,nan,nan,nan,nan,nan,nan,nan,nan,nan,nan,nan,nan,nan,nan,nan,nan,nan,nan,nan,,nan,nan,nan,,nan,,,,
nan,nan,nan,nan,nan,nan,nan,nan,nan,nan,nan,nan,nan,nan,nan,nan,nan,0.0,0.0,0.0,0.0,0.0,0.0,0.0,0.0,60.0,0.0,0.0,0.0,0.0,0.0,0.0,0.0,60.0,nan,nan,nan,,nan,nan,nan,nan,nan,nan,nan,,,,nan,nan,nan,nan,nan,nan,nan,nan,nan,nan,nan,nan,,nan,nan,,,nan,nan,nan,nan,nan,nan,nan,nan,nan,nan,nan,nan,nan,nan,nan,nan,nan,nan,nan,nan,nan,nan,nan,nan,,nan,nan,nan,,nan,,,,
nan,nan,nan,nan,nan,nan,nan,nan,nan,nan,nan,nan,nan,nan,nan,nan,nan,0.0,0.0,0.0,0.0,0.0,0.0,0.0,0.0,53.0,0.0,0.0,0.0,0.0,0.0,0.0,0.0,53.0,nan,nan,nan,,nan,nan,nan,nan,nan,nan,nan,,,,nan,nan,nan,nan,nan,nan,nan,nan,nan,nan,nan,nan,,nan,nan,,,nan,nan,nan,nan,nan,nan,nan,nan,nan,nan,nan,nan,nan,nan,nan,nan,nan,nan,nan,nan,nan,nan,nan,nan,,nan,nan,nan,,nan,,,,
nan,nan,nan,nan,nan,nan,nan,nan,nan,nan,nan,nan,nan,nan,nan,nan,nan,0.0,0.0,0.0,0.0,0.0,0.0,0.0,0.0,58.0,0.0,0.0,0.0,0.0,0.0,0.0,0.0,58.0,nan,nan,nan,,nan,nan,nan,nan,nan,nan,nan,,,,nan,nan,nan,nan,nan,nan,nan,nan,nan,nan,nan,nan,,nan,nan,,,nan,nan,nan,nan,nan,nan,nan,nan,nan,nan,nan,nan,nan,nan,nan,nan,nan,nan,nan,nan,nan,nan,nan,nan,,nan,nan,nan,,nan,,,,
nan,nan,nan,nan,nan,nan,nan,nan,nan,nan,nan,nan,nan,nan,nan,nan,nan,0.0,0.0,0.0,0.0,0.0,0.0,0.0,0.0,63.0,0.0,0.0,0.0,0.0,0.0,0.0,0.0,63.0,nan,nan,nan,,nan,nan,nan,nan,nan,nan,nan,,,,nan,nan,nan,nan,nan,nan,nan,nan,nan,nan,nan,nan,,nan,nan,,,nan,nan,nan,nan,nan,nan,nan,nan,nan,nan,nan,nan,nan,nan,nan,nan,nan,nan,nan,nan,nan,nan,nan,nan,,nan,nan,nan,,nan,,,,
nan,nan,nan,nan,nan,nan,nan,nan,nan,nan,nan,nan,nan,nan,nan,nan,nan,0.0,0.0,0.0,0.0,0.0,0.0,0.0,0.0,63.0,0.0,0.0,0.0,0.0,0.0,0.0,0.0,63.0,nan,nan,nan,,nan,nan,nan,nan,nan,nan,nan,,,,nan,nan,nan,nan,nan,nan,nan,nan,nan,nan,nan,nan,,nan,nan,,,nan,nan,nan,nan,nan,nan,nan,nan,nan,nan,nan,nan,nan,nan,nan,nan,nan,nan,nan,nan,nan,nan,nan,nan,,nan,nan,nan,,nan,,,,
nan,nan,nan,nan,nan,nan,nan,nan,nan,nan,nan,nan,nan,nan,nan,nan,nan,0.0,0.0,0.0,0.0,0.0,0.0,0.0,0.0,58.0,0.0,0.0,0.0,0.0,0.0,0.0,0.0,58.0,nan,nan,nan,,nan,nan,nan,nan,nan,nan,nan,,,,nan,nan,nan,nan,nan,nan,nan,nan,nan,nan,nan,nan,,nan,nan,,,nan,nan,nan,nan,nan,nan,nan,nan,nan,nan,nan,nan,nan,nan,nan,nan,nan,nan,nan,nan,nan,nan,nan,nan,,nan,nan,nan,,nan,,,,
nan,nan,nan,nan,nan,nan,nan,nan,nan,nan,nan,nan,nan,nan,nan,nan,nan,0.0,0.0,0.0,0.0,0.0,0.0,0.0,0.0,51.0,0.0,0.0,0.0,0.0,0.0,0.0,0.0,51.0,nan,nan,nan,,nan,nan,nan,nan,nan,nan,nan,,,,nan,nan,nan,nan,nan,nan,nan,nan,nan,nan,nan,nan,,nan,nan,,,nan,nan,nan,nan,nan,nan,nan,nan,nan,nan,nan,nan,nan,nan,nan,nan,nan,nan,nan,nan,nan,nan,nan,nan,,nan,nan,nan,,nan,,,,
nan,nan,nan,nan,nan,nan,nan,nan,nan,nan,nan,nan,nan,nan,nan,nan,nan,0.0,0.0,0.0,0.0,0.0,0.0,0.0,0.0,50.0,0.0,0.0,0.0,0.0,0.0,0.0,0.0,50.0,nan,nan,nan,,nan,nan,nan,nan,nan,nan,nan,,,,nan,nan,nan,nan,nan,nan,nan,nan,nan,nan,nan,nan,,nan,nan,,,nan,nan,nan,nan,nan,nan,nan,nan,nan,nan,nan,nan,nan,nan,nan,nan,nan,nan,nan,nan,nan,nan,nan,nan,,nan,nan,nan,,nan,,,,
nan,nan,nan,nan,nan,nan,nan,nan,nan,nan,nan,nan,nan,nan,nan,nan,nan,0.0,0.0,0.0,0.0,0.0,0.0,0.0,0.0,53.0,0.0,0.0,0.0,0.0,0.0,0.0,0.0,53.0,nan,nan,nan,,nan,nan,nan,nan,nan,nan,nan,,,,nan,nan,nan,nan,nan,nan,nan,nan,nan,nan,nan,nan,,nan,nan,,,nan,nan,nan,nan,nan,nan,nan,nan,nan,nan,nan,nan,nan,nan,nan,nan,nan,nan,nan,nan,nan,nan,nan,nan,,nan,nan,nan,,nan,,,,
nan,nan,nan,nan,nan,nan,nan,nan,nan,nan,nan,nan,nan,nan,nan,nan,nan,0.0,0.0,0.0,0.0,0.0,0.0,0.0,0.0,54.0,0.0,0.0,0.0,0.0,0.0,0.0,0.0,54.0,nan,nan,nan,,nan,nan,nan,nan,nan,nan,nan,,,,nan,nan,nan,nan,nan,nan,nan,nan,nan,nan,nan,nan,,nan,nan,,,nan,nan,nan,nan,nan,nan,nan,nan,nan,nan,nan,nan,nan,nan,nan,nan,nan,nan,nan,nan,nan,nan,nan,nan,,nan,nan,nan,,nan,,,,
nan,nan,nan,nan,nan,nan,nan,nan,nan,nan,nan,nan,nan,nan,nan,nan,nan,0.0,0.0,0.0,0.0,0.0,0.0,0.0,0.0,43.0,0.0,0.0,0.0,0.0,0.0,0.0,0.0,43.0,nan,nan,nan,,nan,nan,nan,nan,nan,nan,nan,,,,nan,nan,nan,nan,nan,nan,nan,nan,nan,nan,nan,nan,,nan,nan,,,nan,nan,nan,nan,nan,nan,nan,nan,nan,nan,nan,nan,nan,nan,nan,nan,nan,nan,nan,nan,nan,nan,nan,nan,,nan,nan,nan,,nan,,,,
nan,nan,nan,nan,nan,nan,nan,nan,nan,nan,nan,nan,nan,nan,nan,nan,nan,0.0,0.0,0.0,0.0,0.0,0.0,0.0,0.0,51.0,0.0,0.0,0.0,0.0,0.0,0.0,0.0,51.0,nan,nan,nan,,nan,nan,nan,nan,nan,nan,nan,,,,nan,nan,nan,nan,nan,nan,nan,nan,nan,nan,nan,nan,,nan,nan,,,nan,nan,nan,nan,nan,nan,nan,nan,nan,nan,nan,nan,nan,nan,nan,nan,nan,nan,nan,nan,nan,nan,nan,nan,,nan,nan,nan,,nan,,,,
nan,nan,nan,nan,nan,nan,nan,nan,nan,nan,nan,nan,nan,nan,nan,nan,nan,0.0,0.0,0.0,0.0,0.0,0.0,0.0,0.0,58.0,0.0,0.0,0.0,0.0,0.0,0.0,0.0,58.0,nan,nan,nan,,nan,nan,nan,nan,nan,nan,nan,,,,nan,nan,nan,nan,nan,nan,nan,nan,nan,nan,nan,nan,,nan,nan,,,nan,nan,nan,nan,nan,nan,nan,nan,nan,nan,nan,nan,nan,nan,nan,nan,nan,nan,nan,nan,nan,nan,nan,nan,,nan,nan,nan,,nan,,,,
nan,nan,nan,nan,nan,nan,nan,nan,nan,nan,nan,nan,nan,nan,nan,nan,nan,0.0,0.0,0.0,0.0,0.0,0.0,0.0,0.0,62.0,0.0,0.0,0.0,0.0,0.0,0.0,0.0,62.0,nan,nan,nan,,nan,nan,nan,nan,nan,nan,nan,,,,nan,nan,nan,nan,nan,nan,nan,nan,nan,nan,nan,nan,,nan,nan,,,nan,nan,nan,nan,nan,nan,nan,nan,nan,nan,nan,nan,nan,nan,nan,nan,nan,nan,nan,nan,nan,nan,nan,nan,,nan,nan,nan,,nan,,,,
nan,nan,nan,nan,nan,nan,nan,nan,nan,nan,nan,nan,nan,nan,nan,nan,nan,0.0,0.0,0.0,0.0,0.0,0.0,0.0,0.0,49.0,0.0,0.0,0.0,0.0,0.0,0.0,0.0,49.0,nan,nan,nan,,nan,nan,nan,nan,nan,nan,nan,,,,nan,nan,nan,nan,nan,nan,nan,nan,nan,nan,nan,nan,,nan,nan,,,nan,nan,nan,nan,nan,nan,nan,nan,nan,nan,nan,nan,nan,nan,nan,nan,nan,nan,nan,nan,nan,nan,nan,nan,,nan,nan,nan,,nan,,,,
nan,nan,nan,nan,nan,nan,nan,nan,nan,nan,nan,nan,nan,nan,nan,nan,nan,0.0,0.0,0.0,0.0,0.0,0.0,0.0,0.0,55.0,0.0,0.0,0.0,0.0,0.0,0.0,0.0,55.0,nan,nan,nan,,nan,nan,nan,nan,nan,nan,nan,,,,nan,nan,nan,nan,nan,nan,nan,nan,nan,nan,nan,nan,,nan,nan,,,nan,nan,nan,nan,nan,nan,nan,nan,nan,nan,nan,nan,nan,nan,nan,nan,nan,nan,nan,nan,nan,nan,nan,nan,,nan,nan,nan,,nan,,,,
nan,nan,nan,nan,nan,nan,nan,nan,nan,nan,nan,nan,nan,nan,nan,nan,nan,0.0,0.0,0.0,0.0,0.0,0.0,0.0,0.0,47.0,0.0,0.0,0.0,0.0,0.0,0.0,0.0,47.0,nan,nan,nan,,nan,nan,nan,nan,nan,nan,nan,,,,nan,nan,nan,nan,nan,nan,nan,nan,nan,nan,nan,nan,,nan,nan,,,nan,nan,nan,nan,nan,nan,nan,nan,nan,nan,nan,nan,nan,nan,nan,nan,nan,nan,nan,nan,nan,nan,nan,nan,,nan,nan,nan,,nan,,,,
nan,nan,nan,nan,nan,nan,nan,nan,nan,nan,nan,nan,nan,nan,nan,nan,nan,0.0,0.0,0.0,0.0,0.0,0.0,0.0,0.0,62.0,0.0,0.0,0.0,0.0,0.0,0.0,0.0,62.0,nan,nan,nan,,nan,nan,nan,nan,nan,nan,nan,,,,nan,nan,nan,nan,nan,nan,nan,nan,nan,nan,nan,nan,,nan,nan,,,nan,nan,nan,nan,nan,nan,nan,nan,nan,nan,nan,nan,nan,nan,nan,nan,nan,nan,nan,nan,nan,nan,nan,nan,,nan,nan,nan,,nan,,,,
nan,nan,nan,nan,nan,nan,nan,nan,nan,nan,nan,nan,nan,nan,nan,nan,nan,0.0,0.0,0.0,0.0,0.0,0.0,0.0,0.0,51.0,0.0,0.0,0.0,0.0,0.0,0.0,0.0,51.0,nan,nan,nan,,nan,nan,nan,nan,nan,nan,nan,,,,nan,nan,nan,nan,nan,nan,nan,nan,nan,nan,nan,nan,,nan,nan,,,nan,nan,nan,nan,nan,nan,nan,nan,nan,nan,nan,nan,nan,nan,nan,nan,nan,nan,nan,nan,nan,nan,nan,nan,,nan,nan,nan,,nan,,,,
nan,nan,nan,nan,nan,nan,nan,nan,nan,nan,nan,nan,nan,nan,nan,nan,nan,0.0,0.0,0.0,0.0,0.0,0.0,0.0,0.0,51.0,0.0,0.0,0.0,0.0,0.0,0.0,0.0,51.0,nan,nan,nan,,nan,nan,nan,nan,nan,nan,nan,,,,nan,nan,nan,nan,nan,nan,nan,nan,nan,nan,nan,nan,,nan,nan,,,nan,nan,nan,nan,nan,nan,nan,nan,nan,nan,nan,nan,nan,nan,nan,nan,nan,nan,nan,nan,nan,nan,nan,nan,,nan,nan,nan,,nan,,,,
nan,nan,nan,nan,nan,nan,nan,nan,nan,nan,nan,nan,nan,nan,nan,nan,nan,0.0,0.0,0.0,0.0,0.0,0.0,0.0,0.0,44.0,0.0,0.0,0.0,0.0,0.0,0.0,0.0,44.0,nan,nan,nan,,nan,nan,nan,nan,nan,nan,nan,,,,nan,nan,nan,nan,nan,nan,nan,nan,nan,nan,nan,nan,,nan,nan,,,nan,nan,nan,nan,nan,nan,nan,nan,nan,nan,nan,nan,nan,nan,nan,nan,nan,nan,nan,nan,nan,nan,nan,nan,,nan,nan,nan,,nan,,,,
nan,nan,nan,nan,nan,nan,nan,nan,nan,nan,nan,nan,nan,nan,nan,nan,nan,0.0,0.0,0.0,0.0,0.0,0.0,0.0,0.0,47.0,0.0,0.0,0.0,0.0,0.0,0.0,0.0,47.0,nan,nan,nan,,nan,nan,nan,nan,nan,nan,nan,,,,nan,nan,nan,nan,nan,nan,nan,nan,nan,nan,nan,nan,,nan,nan,,,nan,nan,nan,nan,nan,nan,nan,nan,nan,nan,nan,nan,nan,nan,nan,nan,nan,nan,nan,nan,nan,nan,nan,nan,,nan,nan,nan,,nan,,,,
nan,nan,nan,nan,nan,nan,nan,nan,nan,nan,nan,nan,nan,nan,nan,nan,nan,0.0,0.0,0.0,0.0,0.0,0.0,0.0,0.0,42.0,0.0,0.0,0.0,0.0,0.0,0.0,0.0,42.0,nan,nan,nan,,nan,nan,nan,nan,nan,nan,nan,,,,nan,nan,nan,nan,nan,nan,nan,nan,nan,nan,nan,nan,,nan,nan,,,nan,nan,nan,nan,nan,nan,nan,nan,nan,nan,nan,nan,nan,nan,nan,nan,nan,nan,nan,nan,nan,nan,nan,nan,,nan,nan,nan,,nan,,,,
nan,nan,nan,nan,nan,nan,nan,nan,nan,nan,nan,nan,nan,nan,nan,nan,nan,0.0,0.0,0.0,0.0,0.0,0.0,0.0,0.0,46.0,0.0,0.0,0.0,0.0,0.0,0.0,0.0,46.0,nan,nan,nan,,nan,nan,nan,nan,nan,nan,nan,,,,nan,nan,nan,nan,nan,nan,nan,nan,nan,nan,nan,nan,,nan,nan,,,nan,nan,nan,nan,nan,nan,nan,nan,nan,nan,nan,nan,nan,nan,nan,nan,nan,nan,nan,nan,nan,nan,nan,nan,,nan,nan,nan,,nan,,,,
nan,nan,nan,nan,nan,nan,nan,nan,nan,nan,nan,nan,nan,nan,nan,nan,nan,0.0,0.0,0.0,0.0,0.0,0.0,0.0,0.0,50.0,0.0,0.0,0.0,0.0,0.0,0.0,0.0,50.0,nan,nan,nan,,nan,nan,nan,nan,nan,nan,nan,,,,nan,nan,nan,nan,nan,nan,nan,nan,nan,nan,nan,nan,,nan,nan,,,nan,nan,nan,nan,nan,nan,nan,nan,nan,nan,nan,nan,nan,nan,nan,nan,nan,nan,nan,nan,nan,nan,nan,nan,,nan,nan,nan,,nan,,,,
nan,nan,nan,nan,nan,nan,nan,nan,nan,nan,nan,nan,nan,nan,nan,nan,nan,0.0,0.0,0.0,0.0,0.0,0.0,0.0,0.0,38.0,0.0,0.0,0.0,0.0,0.0,0.0,0.0,38.0,nan,nan,nan,,nan,nan,nan,nan,nan,nan,nan,,,,nan,nan,nan,nan,nan,nan,nan,nan,nan,nan,nan,nan,,nan,nan,,,nan,nan,nan,nan,nan,nan,nan,nan,nan,nan,nan,nan,nan,nan,nan,nan,nan,nan,nan,nan,nan,nan,nan,nan,,nan,nan,nan,,nan,,,,
nan,nan,nan,nan,nan,nan,nan,nan,nan,nan,nan,nan,nan,nan,nan,nan,nan,0.0,0.0,0.0,0.0,0.0,0.0,0.0,0.0,45.0,0.0,0.0,0.0,0.0,0.0,0.0,0.0,45.0,nan,nan,nan,,nan,nan,nan,nan,nan,nan,nan,,,,nan,nan,nan,nan,nan,nan,nan,nan,nan,nan,nan,nan,,nan,nan,,,nan,nan,nan,nan,nan,nan,nan,nan,nan,nan,nan,nan,nan,nan,nan,nan,nan,nan,nan,nan,nan,nan,nan,nan,,nan,nan,nan,,nan,,,,
nan,nan,nan,nan,nan,nan,nan,nan,nan,nan,nan,nan,nan,nan,nan,nan,nan,0.0,0.0,0.0,0.0,0.0,0.0,0.0,0.0,42.0,0.0,0.0,0.0,0.0,0.0,0.0,0.0,42.0,nan,nan,nan,,nan,nan,nan,nan,nan,nan,nan,,,,nan,nan,nan,nan,nan,nan,nan,nan,nan,nan,nan,nan,,nan,nan,,,nan,nan,nan,nan,nan,nan,nan,nan,nan,nan,nan,nan,nan,nan,nan,nan,nan,nan,nan,nan,nan,nan,nan,nan,,nan,nan,nan,,nan,,,,
nan,nan,nan,nan,nan,nan,nan,nan,nan,nan,nan,nan,nan,nan,nan,nan,nan,0.0,0.0,0.0,0.0,0.0,0.0,0.0,0.0,49.0,0.0,0.0,0.0,0.0,0.0,0.0,0.0,49.0,nan,nan,nan,,nan,nan,nan,nan,nan,nan,nan,,,,nan,nan,nan,nan,nan,nan,nan,nan,nan,nan,nan,nan,,nan,nan,,,nan,nan,nan,nan,nan,nan,nan,nan,nan,nan,nan,nan,nan,nan,nan,nan,nan,nan,nan,nan,nan,nan,nan,nan,,nan,nan,nan,,nan,,,,
nan,nan,nan,nan,nan,nan,nan,nan,nan,nan,nan,nan,nan,nan,nan,nan,nan,0.0,0.0,0.0,0.0,0.0,0.0,0.0,0.0,46.0,0.0,0.0,0.0,0.0,0.0,0.0,0.0,46.0,nan,nan,nan,,nan,nan,nan,nan,nan,nan,nan,,,,nan,nan,nan,nan,nan,nan,nan,nan,nan,nan,nan,nan,,nan,nan,,,nan,nan,nan,nan,nan,nan,nan,nan,nan,nan,nan,nan,nan,nan,nan,nan,nan,nan,nan,nan,nan,nan,nan,nan,,nan,nan,nan,,nan,,,,
nan,nan,nan,nan,nan,nan,nan,nan,nan,nan,nan,nan,nan,nan,nan,nan,nan,0.0,0.0,0.0,0.0,0.0,0.0,0.0,0.0,46.0,0.0,0.0,0.0,0.0,0.0,0.0,0.0,46.0,nan,nan,nan,,nan,nan,nan,nan,nan,nan,nan,,,,nan,nan,nan,nan,nan,nan,nan,nan,nan,nan,nan,nan,,nan,nan,,,nan,nan,nan,nan,nan,nan,nan,nan,nan,nan,nan,nan,nan,nan,nan,nan,nan,nan,nan,nan,nan,nan,nan,nan,,nan,nan,nan,,nan,,,,
nan,nan,nan,nan,nan,nan,nan,nan,nan,nan,nan,nan,nan,nan,nan,nan,nan,0.0,0.0,0.0,0.0,0.0,0.0,0.0,0.0,54.0,0.0,0.0,0.0,0.0,0.0,0.0,0.0,54.0,nan,nan,nan,,nan,nan,nan,nan,nan,nan,nan,,,,nan,nan,nan,nan,nan,nan,nan,nan,nan,nan,nan,nan,,nan,nan,,,nan,nan,nan,nan,nan,nan,nan,nan,nan,nan,nan,nan,nan,nan,nan,nan,nan,nan,nan,nan,nan,nan,nan,nan,,nan,nan,nan,,nan,,,,
nan,nan,nan,nan,nan,nan,nan,nan,nan,nan,nan,nan,nan,nan,nan,nan,nan,0.0,0.0,0.0,0.0,0.0,0.0,0.0,0.0,32.0,0.0,0.0,0.0,0.0,0.0,0.0,0.0,32.0,nan,nan,nan,,nan,nan,nan,nan,nan,nan,nan,,,,nan,nan,nan,nan,nan,nan,nan,nan,nan,nan,nan,nan,,nan,nan,,,nan,nan,nan,nan,nan,nan,nan,nan,nan,nan,nan,nan,nan,nan,nan,nan,nan,nan,nan,nan,nan,nan,nan,nan,,nan,nan,nan,,nan,,,,
nan,nan,nan,nan,nan,nan,nan,nan,nan,nan,nan,nan,nan,nan,nan,nan,nan,0.0,0.0,0.0,0.0,0.0,0.0,0.0,0.0,32.0,0.0,0.0,0.0,0.0,0.0,0.0,0.0,32.0,nan,nan,nan,,nan,nan,nan,nan,nan,nan,nan,,,,nan,nan,nan,nan,nan,nan,nan,nan,nan,nan,nan,nan,,nan,nan,,,nan,nan,nan,nan,nan,nan,nan,nan,nan,nan,nan,nan,nan,nan,nan,nan,nan,nan,nan,nan,nan,nan,nan,nan,,nan,nan,nan,,nan,,,,
nan,nan,nan,nan,nan,nan,nan,nan,nan,nan,nan,nan,nan,nan,nan,nan,nan,0.0,0.0,0.0,0.0,0.0,0.0,0.0,0.0,41.0,0.0,0.0,0.0,0.0,0.0,0.0,0.0,41.0,nan,nan,nan,,nan,nan,nan,nan,nan,nan,nan,,,,nan,nan,nan,nan,nan,nan,nan,nan,nan,nan,nan,nan,,nan,nan,,,nan,nan,nan,nan,nan,nan,nan,nan,nan,nan,nan,nan,nan,nan,nan,nan,nan,nan,nan,nan,nan,nan,nan,nan,,nan,nan,nan,,nan,,,,
nan,nan,nan,nan,nan,nan,nan,nan,nan,nan,nan,nan,nan,nan,nan,nan,nan,0.0,0.0,0.0,0.0,0.0,0.0,0.0,0.0,41.0,0.0,0.0,0.0,0.0,0.0,0.0,0.0,41.0,nan,nan,nan,,nan,nan,nan,nan,nan,nan,nan,,,,nan,nan,nan,nan,nan,nan,nan,nan,nan,nan,nan,nan,,nan,nan,,,nan,nan,nan,nan,nan,nan,nan,nan,nan,nan,nan,nan,nan,nan,nan,nan,nan,nan,nan,nan,nan,nan,nan,nan,,nan,nan,nan,,nan,,,,
nan,nan,nan,nan,nan,nan,nan,nan,nan,nan,nan,nan,nan,nan,nan,nan,nan,0.0,0.0,0.0,0.0,0.0,0.0,0.0,0.0,47.0,0.0,0.0,0.0,0.0,0.0,0.0,0.0,47.0,nan,nan,nan,,nan,nan,nan,nan,nan,nan,nan,,,,nan,nan,nan,nan,nan,nan,nan,nan,nan,nan,nan,nan,,nan,nan,,,nan,nan,nan,nan,nan,nan,nan,nan,nan,nan,nan,nan,nan,nan,nan,nan,nan,nan,nan,nan,nan,nan,nan,nan,,nan,nan,nan,,nan,,,,
nan,nan,nan,nan,nan,nan,nan,nan,nan,nan,nan,nan,nan,nan,nan,nan,nan,0.0,0.0,0.0,0.0,0.0,0.0,0.0,0.0,41.0,0.0,0.0,0.0,0.0,0.0,0.0,0.0,41.0,nan,nan,nan,,nan,nan,nan,nan,nan,nan,nan,,,,nan,nan,nan,nan,nan,nan,nan,nan,nan,nan,nan,nan,,nan,nan,,,nan,nan,nan,nan,nan,nan,nan,nan,nan,nan,nan,nan,nan,nan,nan,nan,nan,nan,nan,nan,nan,nan,nan,nan,,nan,nan,nan,,nan,,,,
nan,nan,nan,nan,nan,nan,nan,nan,nan,nan,nan,nan,nan,nan,nan,nan,nan,0.0,0.0,0.0,0.0,0.0,0.0,0.0,0.0,35.0,0.0,0.0,0.0,0.0,0.0,0.0,0.0,35.0,nan,nan,nan,,nan,nan,nan,nan,nan,nan,nan,,,,nan,nan,nan,nan,nan,nan,nan,nan,nan,nan,nan,nan,,nan,nan,,,nan,nan,nan,nan,nan,nan,nan,nan,nan,nan,nan,nan,nan,nan,nan,nan,nan,nan,nan,nan,nan,nan,nan,nan,,nan,nan,nan,,nan,,,,
nan,nan,nan,nan,nan,nan,nan,nan,nan,nan,nan,nan,nan,nan,nan,nan,nan,0.0,0.0,0.0,0.0,0.0,0.0,0.0,0.0,39.0,0.0,0.0,0.0,0.0,0.0,0.0,0.0,39.0,nan,nan,nan,,nan,nan,nan,nan,nan,nan,nan,,,,nan,nan,nan,nan,nan,nan,nan,nan,nan,nan,nan,nan,,nan,nan,,,nan,nan,nan,nan,nan,nan,nan,nan,nan,nan,nan,nan,nan,nan,nan,nan,nan,nan,nan,nan,nan,nan,nan,nan,,nan,nan,nan,,nan,,,,
nan,nan,nan,nan,nan,nan,nan,nan,nan,nan,nan,nan,nan,nan,nan,nan,nan,0.0,0.0,0.0,0.0,0.0,0.0,0.0,0.0,43.0,0.0,0.0,0.0,0.0,0.0,0.0,0.0,43.0,nan,nan,nan,,nan,nan,nan,nan,nan,nan,nan,,,,nan,nan,nan,nan,nan,nan,nan,nan,nan,nan,nan,nan,,nan,nan,,,nan,nan,nan,nan,nan,nan,nan,nan,nan,nan,nan,nan,nan,nan,nan,nan,nan,nan,nan,nan,nan,nan,nan,nan,,nan,nan,nan,,nan,,,,
nan,nan,nan,nan,nan,nan,nan,nan,nan,nan,nan,nan,nan,nan,nan,nan,nan,0.0,0.0,0.0,0.0,0.0,0.0,0.0,0.0,41.0,0.0,0.0,0.0,0.0,0.0,0.0,0.0,41.0,nan,nan,nan,,nan,nan,nan,nan,nan,nan,nan,,,,nan,nan,nan,nan,nan,nan,nan,nan,nan,nan,nan,nan,,nan,nan,,,nan,nan,nan,nan,nan,nan,nan,nan,nan,nan,nan,nan,nan,nan,nan,nan,nan,nan,nan,nan,nan,nan,nan,nan,,nan,nan,nan,,nan,,,,
nan,nan,nan,nan,nan,nan,nan,nan,nan,nan,nan,nan,nan,nan,nan,nan,nan,0.0,0.0,0.0,0.0,0.0,0.0,0.0,0.0,38.0,0.0,0.0,0.0,0.0,0.0,0.0,0.0,38.0,nan,nan,nan,,nan,nan,nan,nan,nan,nan,nan,,,,nan,nan,nan,nan,nan,nan,nan,nan,nan,nan,nan,nan,,nan,nan,,,nan,nan,nan,nan,nan,nan,nan,nan,nan,nan,nan,nan,nan,nan,nan,nan,nan,nan,nan,nan,nan,nan,nan,nan,,nan,nan,nan,,nan,,,,
nan,nan,nan,nan,nan,nan,nan,nan,nan,nan,nan,nan,nan,nan,nan,nan,nan,0.0,0.0,0.0,0.0,0.0,0.0,0.0,0.0,29.0,0.0,0.0,0.0,0.0,0.0,0.0,0.0,29.0,nan,nan,nan,,nan,nan,nan,nan,nan,nan,nan,,,,nan,nan,nan,nan,nan,nan,nan,nan,nan,nan,nan,nan,,nan,nan,,,nan,nan,nan,nan,nan,nan,nan,nan,nan,nan,nan,nan,nan,nan,nan,nan,nan,nan,nan,nan,nan,nan,nan,nan,,nan,nan,nan,,nan,,,,
nan,nan,nan,nan,nan,nan,nan,nan,nan,nan,nan,nan,nan,nan,nan,nan,nan,0.0,0.0,0.0,0.0,0.0,0.0,0.0,0.0,41.0,0.0,0.0,0.0,0.0,0.0,0.0,0.0,41.0,nan,nan,nan,,nan,nan,nan,nan,nan,nan,nan,,,,nan,nan,nan,nan,nan,nan,nan,nan,nan,nan,nan,nan,,nan,nan,,,nan,nan,nan,nan,nan,nan,nan,nan,nan,nan,nan,nan,nan,nan,nan,nan,nan,nan,nan,nan,nan,nan,nan,nan,,nan,nan,nan,,nan,,,,
nan,nan,nan,nan,nan,nan,nan,nan,nan,nan,nan,nan,nan,nan,nan,nan,nan,0.0,0.0,0.0,0.0,0.0,0.0,0.0,0.0,29.0,0.0,0.0,0.0,0.0,0.0,0.0,0.0,29.0,nan,nan,nan,,nan,nan,nan,nan,nan,nan,nan,,,,nan,nan,nan,nan,nan,nan,nan,nan,nan,nan,nan,nan,,nan,nan,,,nan,nan,nan,nan,nan,nan,nan,nan,nan,nan,nan,nan,nan,nan,nan,nan,nan,nan,nan,nan,nan,nan,nan,nan,,nan,nan,nan,,nan,,,,
nan,nan,nan,nan,nan,nan,nan,nan,nan,nan,nan,nan,nan,nan,nan,nan,nan,0.0,0.0,0.0,0.0,0.0,0.0,0.0,0.0,35.0,0.0,0.0,0.0,0.0,0.0,0.0,0.0,35.0,nan,nan,nan,,nan,nan,nan,nan,nan,nan,nan,,,,nan,nan,nan,nan,nan,nan,nan,nan,nan,nan,nan,nan,,nan,nan,,,nan,nan,nan,nan,nan,nan,nan,nan,nan,nan,nan,nan,nan,nan,nan,nan,nan,nan,nan,nan,nan,nan,nan,nan,,nan,nan,nan,,nan,,,,
nan,nan,nan,nan,nan,nan,nan,nan,nan,nan,nan,nan,nan,nan,nan,nan,nan,0.0,0.0,0.0,0.0,0.0,0.0,0.0,0.0,30.0,0.0,0.0,0.0,0.0,0.0,0.0,0.0,30.0,nan,nan,nan,,nan,nan,nan,nan,nan,nan,nan,,,,nan,nan,nan,nan,nan,nan,nan,nan,nan,nan,nan,nan,,nan,nan,,,nan,nan,nan,nan,nan,nan,nan,nan,nan,nan,nan,nan,nan,nan,nan,nan,nan,nan,nan,nan,nan,nan,nan,nan,,nan,nan,nan,,nan,,,,
nan,nan,nan,nan,nan,nan,nan,nan,nan,nan,nan,nan,nan,nan,nan,nan,nan,0.0,0.0,0.0,0.0,0.0,0.0,0.0,0.0,39.0,0.0,0.0,0.0,0.0,0.0,0.0,0.0,39.0,nan,nan,nan,,nan,nan,nan,nan,nan,nan,nan,,,,nan,nan,nan,nan,nan,nan,nan,nan,nan,nan,nan,nan,,nan,nan,,,nan,nan,nan,nan,nan,nan,nan,nan,nan,nan,nan,nan,nan,nan,nan,nan,nan,nan,nan,nan,nan,nan,nan,nan,,nan,nan,nan,,nan,,,,
nan,nan,nan,nan,nan,nan,nan,nan,nan,nan,nan,nan,nan,nan,nan,nan,nan,0.0,0.0,0.0,0.0,0.0,0.0,0.0,0.0,31.0,0.0,0.0,0.0,0.0,0.0,0.0,0.0,31.0,nan,nan,nan,,nan,nan,nan,nan,nan,nan,nan,,,,nan,nan,nan,nan,nan,nan,nan,nan,nan,nan,nan,nan,,nan,nan,,,nan,nan,nan,nan,nan,nan,nan,nan,nan,nan,nan,nan,nan,nan,nan,nan,nan,nan,nan,nan,nan,nan,nan,nan,,nan,nan,nan,,nan,,,,
nan,nan,nan,nan,nan,nan,nan,nan,nan,nan,nan,nan,nan,nan,nan,nan,nan,0.0,0.0,0.0,0.0,0.0,0.0,0.0,0.0,30.0,0.0,0.0,0.0,0.0,0.0,0.0,0.0,30.0,nan,nan,nan,,nan,nan,nan,nan,nan,nan,nan,,,,nan,nan,nan,nan,nan,nan,nan,nan,nan,nan,nan,nan,,nan,nan,,,nan,nan,nan,nan,nan,nan,nan,nan,nan,nan,nan,nan,nan,nan,nan,nan,nan,nan,nan,nan,nan,nan,nan,nan,,nan,nan,nan,,nan,,,,
nan,nan,nan,nan,nan,nan,nan,nan,nan,nan,nan,nan,nan,nan,nan,nan,nan,0.0,0.0,0.0,0.0,0.0,0.0,0.0,0.0,43.0,0.0,0.0,0.0,0.0,0.0,0.0,0.0,43.0,nan,nan,nan,,nan,nan,nan,nan,nan,nan,nan,,,,nan,nan,nan,nan,nan,nan,nan,nan,nan,nan,nan,nan,,nan,nan,,,nan,nan,nan,nan,nan,nan,nan,nan,nan,nan,nan,nan,nan,nan,nan,nan,nan,nan,nan,nan,nan,nan,nan,nan,,nan,nan,nan,,nan,,,,
nan,nan,nan,nan,nan,nan,nan,nan,nan,nan,nan,nan,nan,nan,nan,nan,nan,0.0,0.0,0.0,0.0,0.0,0.0,0.0,0.0,30.0,0.0,0.0,0.0,0.0,0.0,0.0,0.0,30.0,nan,nan,nan,,nan,nan,nan,nan,nan,nan,nan,,,,nan,nan,nan,nan,nan,nan,nan,nan,nan,nan,nan,nan,,nan,nan,,,nan,nan,nan,nan,nan,nan,nan,nan,nan,nan,nan,nan,nan,nan,nan,nan,nan,nan,nan,nan,nan,nan,nan,nan,,nan,nan,nan,,nan,,,,
nan,nan,nan,nan,nan,nan,nan,nan,nan,nan,nan,nan,nan,nan,nan,nan,nan,0.0,0.0,0.0,0.0,0.0,0.0,0.0,0.0,42.0,0.0,0.0,0.0,0.0,0.0,0.0,0.0,42.0,nan,nan,nan,,nan,nan,nan,nan,nan,nan,nan,,,,nan,nan,nan,nan,nan,nan,nan,nan,nan,nan,nan,nan,,nan,nan,,,nan,nan,nan,nan,nan,nan,nan,nan,nan,nan,nan,nan,nan,nan,nan,nan,nan,nan,nan,nan,nan,nan,nan,nan,,nan,nan,nan,,nan,,,,
nan,nan,nan,nan,nan,nan,nan,nan,nan,nan,nan,nan,nan,nan,nan,nan,nan,0.0,0.0,0.0,0.0,0.0,0.0,0.0,0.0,33.0,0.0,0.0,0.0,0.0,0.0,0.0,0.0,33.0,nan,nan,nan,,nan,nan,nan,nan,nan,nan,nan,,,,nan,nan,nan,nan,nan,nan,nan,nan,nan,nan,nan,nan,,nan,nan,,,nan,nan,nan,nan,nan,nan,nan,nan,nan,nan,nan,nan,nan,nan,nan,nan,nan,nan,nan,nan,nan,nan,nan,nan,,nan,nan,nan,,nan,,,,
nan,nan,nan,nan,nan,nan,nan,nan,nan,nan,nan,nan,nan,nan,nan,nan,nan,0.0,0.0,0.0,0.0,0.0,0.0,0.0,0.0,33.0,0.0,0.0,0.0,0.0,0.0,0.0,0.0,33.0,nan,nan,nan,,nan,nan,nan,nan,nan,nan,nan,,,,nan,nan,nan,nan,nan,nan,nan,nan,nan,nan,nan,nan,,nan,nan,,,nan,nan,nan,nan,nan,nan,nan,nan,nan,nan,nan,nan,nan,nan,nan,nan,nan,nan,nan,nan,nan,nan,nan,nan,,nan,nan,nan,,nan,,,,
nan,nan,nan,nan,nan,nan,nan,nan,nan,nan,nan,nan,nan,nan,nan,nan,nan,0.0,0.0,0.0,0.0,0.0,0.0,0.0,0.0,29.0,0.0,0.0,0.0,0.0,0.0,0.0,0.0,29.0,nan,nan,nan,,nan,nan,nan,nan,nan,nan,nan,,,,nan,nan,nan,nan,nan,nan,nan,nan,nan,nan,nan,nan,,nan,nan,,,nan,nan,nan,nan,nan,nan,nan,nan,nan,nan,nan,nan,nan,nan,nan,nan,nan,nan,nan,nan,nan,nan,nan,nan,,nan,nan,nan,,nan,,,,
nan,nan,nan,nan,nan,nan,nan,nan,nan,nan,nan,nan,nan,nan,nan,nan,nan,0.0,0.0,0.0,0.0,0.0,0.0,0.0,0.0,24.0,0.0,0.0,0.0,0.0,0.0,0.0,0.0,24.0,nan,nan,nan,,nan,nan,nan,nan,nan,nan,nan,,,,nan,nan,nan,nan,nan,nan,nan,nan,nan,nan,nan,nan,,nan,nan,,,nan,nan,nan,nan,nan,nan,nan,nan,nan,nan,nan,nan,nan,nan,nan,nan,nan,nan,nan,nan,nan,nan,nan,nan,,nan,nan,nan,,nan,,,,
nan,nan,nan,nan,nan,nan,nan,nan,nan,nan,nan,nan,nan,nan,nan,nan,nan,0.0,0.0,0.0,0.0,0.0,0.0,0.0,0.0,31.0,0.0,0.0,0.0,0.0,0.0,0.0,0.0,31.0,nan,nan,nan,,nan,nan,nan,nan,nan,nan,nan,,,,nan,nan,nan,nan,nan,nan,nan,nan,nan,nan,nan,nan,,nan,nan,,,nan,nan,nan,nan,nan,nan,nan,nan,nan,nan,nan,nan,nan,nan,nan,nan,nan,nan,nan,nan,nan,nan,nan,nan,,nan,nan,nan,,nan,,,,
nan,nan,nan,nan,nan,nan,nan,nan,nan,nan,nan,nan,nan,nan,nan,nan,nan,0.0,0.0,0.0,0.0,0.0,0.0,0.0,0.0,38.0,0.0,0.0,0.0,0.0,0.0,0.0,0.0,38.0,nan,nan,nan,,nan,nan,nan,nan,nan,nan,nan,,,,nan,nan,nan,nan,nan,nan,nan,nan,nan,nan,nan,nan,,nan,nan,,,nan,nan,nan,nan,nan,nan,nan,nan,nan,nan,nan,nan,nan,nan,nan,nan,nan,nan,nan,nan,nan,nan,nan,nan,,nan,nan,nan,,nan,,,,
nan,nan,nan,nan,nan,nan,nan,nan,nan,nan,nan,nan,nan,nan,nan,nan,nan,0.0,0.0,0.0,0.0,0.0,0.0,0.0,0.0,35.0,0.0,0.0,0.0,0.0,0.0,0.0,0.0,35.0,nan,nan,nan,,nan,nan,nan,nan,nan,nan,nan,,,,nan,nan,nan,nan,nan,nan,nan,nan,nan,nan,nan,nan,,nan,nan,,,nan,nan,nan,nan,nan,nan,nan,nan,nan,nan,nan,nan,nan,nan,nan,nan,nan,nan,nan,nan,nan,nan,nan,nan,,nan,nan,nan,,nan,,,,
nan,nan,nan,nan,nan,nan,nan,nan,nan,nan,nan,nan,nan,nan,nan,nan,nan,0.0,0.0,0.0,0.0,0.0,0.0,0.0,0.0,26.0,0.0,0.0,0.0,0.0,0.0,0.0,0.0,26.0,nan,nan,nan,,nan,nan,nan,nan,nan,nan,nan,,,,nan,nan,nan,nan,nan,nan,nan,nan,nan,nan,nan,nan,,nan,nan,,,nan,nan,nan,nan,nan,nan,nan,nan,nan,nan,nan,nan,nan,nan,nan,nan,nan,nan,nan,nan,nan,nan,nan,nan,,nan,nan,nan,,nan,,,,
nan,nan,nan,nan,nan,nan,nan,nan,nan,nan,nan,nan,nan,nan,nan,nan,nan,0.0,0.0,0.0,0.0,0.0,0.0,0.0,0.0,27.0,0.0,0.0,0.0,0.0,0.0,0.0,0.0,27.0,nan,nan,nan,,nan,nan,nan,nan,nan,nan,nan,,,,nan,nan,nan,nan,nan,nan,nan,nan,nan,nan,nan,nan,,nan,nan,,,nan,nan,nan,nan,nan,nan,nan,nan,nan,nan,nan,nan,nan,nan,nan,nan,nan,nan,nan,nan,nan,nan,nan,nan,,nan,nan,nan,,nan,,,,
nan,nan,nan,nan,nan,nan,nan,nan,nan,nan,nan,nan,nan,nan,nan,nan,nan,0.0,0.0,0.0,0.0,0.0,0.0,0.0,0.0,18.0,0.0,0.0,0.0,0.0,0.0,0.0,0.0,18.0,nan,nan,nan,,nan,nan,nan,nan,nan,nan,nan,,,,nan,nan,nan,nan,nan,nan,nan,nan,nan,nan,nan,nan,,nan,nan,,,nan,nan,nan,nan,nan,nan,nan,nan,nan,nan,nan,nan,nan,nan,nan,nan,nan,nan,nan,nan,nan,nan,nan,nan,,nan,nan,nan,,nan,,,,
nan,nan,nan,nan,nan,nan,nan,nan,nan,nan,nan,nan,nan,nan,nan,nan,nan,0.0,0.0,0.0,0.0,0.0,0.0,0.0,0.0,35.0,0.0,0.0,0.0,0.0,0.0,0.0,0.0,35.0,nan,nan,nan,,nan,nan,nan,nan,nan,nan,nan,,,,nan,nan,nan,nan,nan,nan,nan,nan,nan,nan,nan,nan,,nan,nan,,,nan,nan,nan,nan,nan,nan,nan,nan,nan,nan,nan,nan,nan,nan,nan,nan,nan,nan,nan,nan,nan,nan,nan,nan,,nan,nan,nan,,nan,,,,
nan,nan,nan,nan,nan,nan,nan,nan,nan,nan,nan,nan,nan,nan,nan,nan,nan,0.0,0.0,0.0,0.0,0.0,0.0,0.0,0.0,31.0,0.0,0.0,0.0,0.0,0.0,0.0,0.0,31.0,nan,nan,nan,,nan,nan,nan,nan,nan,nan,nan,,,,nan,nan,nan,nan,nan,nan,nan,nan,nan,nan,nan,nan,,nan,nan,,,nan,nan,nan,nan,nan,nan,nan,nan,nan,nan,nan,nan,nan,nan,nan,nan,nan,nan,nan,nan,nan,nan,nan,nan,,nan,nan,nan,,nan,,,,
nan,nan,nan,nan,nan,nan,nan,nan,nan,nan,nan,nan,nan,nan,nan,nan,nan,0.0,0.0,0.0,0.0,0.0,0.0,0.0,0.0,29.0,0.0,0.0,0.0,0.0,0.0,0.0,0.0,29.0,nan,nan,nan,,nan,nan,nan,nan,nan,nan,nan,,,,nan,nan,nan,nan,nan,nan,nan,nan,nan,nan,nan,nan,,nan,nan,,,nan,nan,nan,nan,nan,nan,nan,nan,nan,nan,nan,nan,nan,nan,nan,nan,nan,nan,nan,nan,nan,nan,nan,nan,,nan,nan,nan,,nan,,,,
nan,nan,nan,nan,nan,nan,nan,nan,nan,nan,nan,nan,nan,nan,nan,nan,nan,0.0,0.0,0.0,0.0,0.0,0.0,0.0,0.0,28.0,0.0,0.0,0.0,0.0,0.0,0.0,0.0,28.0,nan,nan,nan,,nan,nan,nan,nan,nan,nan,nan,,,,nan,nan,nan,nan,nan,nan,nan,nan,nan,nan,nan,nan,,nan,nan,,,nan,nan,nan,nan,nan,nan,nan,nan,nan,nan,nan,nan,nan,nan,nan,nan,nan,nan,nan,nan,nan,nan,nan,nan,,nan,nan,nan,,nan,,,,
nan,nan,nan,nan,nan,nan,nan,nan,nan,nan,nan,nan,nan,nan,nan,nan,nan,0.0,0.0,0.0,0.0,0.0,0.0,0.0,0.0,28.0,0.0,0.0,0.0,0.0,0.0,0.0,0.0,28.0,nan,nan,nan,,nan,nan,nan,nan,nan,nan,nan,,,,nan,nan,nan,nan,nan,nan,nan,nan,nan,nan,nan,nan,,nan,nan,,,nan,nan,nan,nan,nan,nan,nan,nan,nan,nan,nan,nan,nan,nan,nan,nan,nan,nan,nan,nan,nan,nan,nan,nan,,nan,nan,nan,,nan,,,,
nan,nan,nan,nan,nan,nan,nan,nan,nan,nan,nan,nan,nan,nan,nan,nan,nan,0.0,0.0,0.0,0.0,0.0,0.0,0.0,0.0,28.0,0.0,0.0,0.0,0.0,0.0,0.0,0.0,28.0,nan,nan,nan,,nan,nan,nan,nan,nan,nan,nan,,,,nan,nan,nan,nan,nan,nan,nan,nan,nan,nan,nan,nan,,nan,nan,,,nan,nan,nan,nan,nan,nan,nan,nan,nan,nan,nan,nan,nan,nan,nan,nan,nan,nan,nan,nan,nan,nan,nan,nan,,nan,nan,nan,,nan,,,,
nan,nan,nan,nan,nan,nan,nan,nan,nan,nan,nan,nan,nan,nan,nan,nan,nan,0.0,0.0,0.0,0.0,0.0,0.0,0.0,0.0,34.0,0.0,0.0,0.0,0.0,0.0,0.0,0.0,34.0,nan,nan,nan,,nan,nan,nan,nan,nan,nan,nan,,,,nan,nan,nan,nan,nan,nan,nan,nan,nan,nan,nan,nan,,nan,nan,,,nan,nan,nan,nan,nan,nan,nan,nan,nan,nan,nan,nan,nan,nan,nan,nan,nan,nan,nan,nan,nan,nan,nan,nan,,nan,nan,nan,,nan,,,,
nan,nan,nan,nan,nan,nan,nan,nan,nan,nan,nan,nan,nan,nan,nan,nan,nan,0.0,0.0,0.0,0.0,0.0,0.0,0.0,0.0,29.0,0.0,0.0,0.0,0.0,0.0,0.0,0.0,29.0,nan,nan,nan,,nan,nan,nan,nan,nan,nan,nan,,,,nan,nan,nan,nan,nan,nan,nan,nan,nan,nan,nan,nan,,nan,nan,,,nan,nan,nan,nan,nan,nan,nan,nan,nan,nan,nan,nan,nan,nan,nan,nan,nan,nan,nan,nan,nan,nan,nan,nan,,nan,nan,nan,,nan,,,,
nan,nan,nan,nan,nan,nan,nan,nan,nan,nan,nan,nan,nan,nan,nan,nan,nan,0.0,0.0,0.0,0.0,0.0,0.0,0.0,0.0,16.0,0.0,0.0,0.0,0.0,0.0,0.0,0.0,16.0,nan,nan,nan,,nan,nan,nan,nan,nan,nan,nan,,,,nan,nan,nan,nan,nan,nan,nan,nan,nan,nan,nan,nan,,nan,nan,,,nan,nan,nan,nan,nan,nan,nan,nan,nan,nan,nan,nan,nan,nan,nan,nan,nan,nan,nan,nan,nan,nan,nan,nan,,nan,nan,nan,,nan,,,,
nan,nan,nan,nan,nan,nan,nan,nan,nan,nan,nan,nan,nan,nan,nan,nan,nan,0.0,0.0,0.0,0.0,0.0,0.0,0.0,0.0,31.0,0.0,0.0,0.0,0.0,0.0,0.0,0.0,31.0,nan,nan,nan,,nan,nan,nan,nan,nan,nan,nan,,,,nan,nan,nan,nan,nan,nan,nan,nan,nan,nan,nan,nan,,nan,nan,,,nan,nan,nan,nan,nan,nan,nan,nan,nan,nan,nan,nan,nan,nan,nan,nan,nan,nan,nan,nan,nan,nan,nan,nan,,nan,nan,nan,,nan,,,,
nan,nan,nan,nan,nan,nan,nan,nan,nan,nan,nan,nan,nan,nan,nan,nan,nan,0.0,0.0,0.0,0.0,0.0,0.0,0.0,0.0,35.0,0.0,0.0,0.0,0.0,0.0,0.0,0.0,35.0,nan,nan,nan,,nan,nan,nan,nan,nan,nan,nan,,,,nan,nan,nan,nan,nan,nan,nan,nan,nan,nan,nan,nan,,nan,nan,,,nan,nan,nan,nan,nan,nan,nan,nan,nan,nan,nan,nan,nan,nan,nan,nan,nan,nan,nan,nan,nan,nan,nan,nan,,nan,nan,nan,,nan,,,,
nan,nan,nan,nan,nan,nan,nan,nan,nan,nan,nan,nan,nan,nan,nan,nan,nan,0.0,0.0,0.0,0.0,0.0,0.0,0.0,0.0,22.0,0.0,0.0,0.0,0.0,0.0,0.0,0.0,22.0,nan,nan,nan,,nan,nan,nan,nan,nan,nan,nan,,,,nan,nan,nan,nan,nan,nan,nan,nan,nan,nan,nan,nan,,nan,nan,,,nan,nan,nan,nan,nan,nan,nan,nan,nan,nan,nan,nan,nan,nan,nan,nan,nan,nan,nan,nan,nan,nan,nan,nan,,nan,nan,nan,,nan,,,,
nan,nan,nan,nan,nan,nan,nan,nan,nan,nan,nan,nan,nan,nan,nan,nan,nan,0.0,0.0,0.0,0.0,0.0,0.0,0.0,0.0,22.0,0.0,0.0,0.0,0.0,0.0,0.0,0.0,22.0,nan,nan,nan,,nan,nan,nan,nan,nan,nan,nan,,,,nan,nan,nan,nan,nan,nan,nan,nan,nan,nan,nan,nan,,nan,nan,,,nan,nan,nan,nan,nan,nan,nan,nan,nan,nan,nan,nan,nan,nan,nan,nan,nan,nan,nan,nan,nan,nan,nan,nan,,nan,nan,nan,,nan,,,,
nan,nan,nan,nan,nan,nan,nan,nan,nan,nan,nan,nan,nan,nan,nan,nan,nan,0.0,0.0,0.0,0.0,0.0,0.0,0.0,0.0,36.0,0.0,0.0,0.0,0.0,0.0,0.0,0.0,36.0,nan,nan,nan,,nan,nan,nan,nan,nan,nan,nan,,,,nan,nan,nan,nan,nan,nan,nan,nan,nan,nan,nan,nan,,nan,nan,,,nan,nan,nan,nan,nan,nan,nan,nan,nan,nan,nan,nan,nan,nan,nan,nan,nan,nan,nan,nan,nan,nan,nan,nan,,nan,nan,nan,,nan,,,,
nan,nan,nan,nan,nan,nan,nan,nan,nan,nan,nan,nan,nan,nan,nan,nan,nan,0.0,0.0,0.0,0.0,0.0,0.0,0.0,0.0,21.0,0.0,0.0,0.0,0.0,0.0,0.0,0.0,21.0,nan,nan,nan,,nan,nan,nan,nan,nan,nan,nan,,,,nan,nan,nan,nan,nan,nan,nan,nan,nan,nan,nan,nan,,nan,nan,,,nan,nan,nan,nan,nan,nan,nan,nan,nan,nan,nan,nan,nan,nan,nan,nan,nan,nan,nan,nan,nan,nan,nan,nan,,nan,nan,nan,,nan,,,,
nan,nan,nan,nan,nan,nan,nan,nan,nan,nan,nan,nan,nan,nan,nan,nan,nan,0.0,0.0,0.0,0.0,0.0,0.0,0.0,0.0,20.0,0.0,0.0,0.0,0.0,0.0,0.0,0.0,20.0,nan,nan,nan,,nan,nan,nan,nan,nan,nan,nan,,,,nan,nan,nan,nan,nan,nan,nan,nan,nan,nan,nan,nan,,nan,nan,,,nan,nan,nan,nan,nan,nan,nan,nan,nan,nan,nan,nan,nan,nan,nan,nan,nan,nan,nan,nan,nan,nan,nan,nan,,nan,nan,nan,,nan,,,,
nan,nan,nan,nan,nan,nan,nan,nan,nan,nan,nan,nan,nan,nan,nan,nan,nan,0.0,0.0,0.0,0.0,0.0,0.0,0.0,0.0,24.0,0.0,0.0,0.0,0.0,0.0,0.0,0.0,24.0,nan,nan,nan,,nan,nan,nan,nan,nan,nan,nan,,,,nan,nan,nan,nan,nan,nan,nan,nan,nan,nan,nan,nan,,nan,nan,,,nan,nan,nan,nan,nan,nan,nan,nan,nan,nan,nan,nan,nan,nan,nan,nan,nan,nan,nan,nan,nan,nan,nan,nan,,nan,nan,nan,,nan,,,,
nan,nan,nan,nan,nan,nan,nan,nan,nan,nan,nan,nan,nan,nan,nan,nan,nan,0.0,0.0,0.0,0.0,0.0,0.0,0.0,0.0,28.0,0.0,0.0,0.0,0.0,0.0,0.0,0.0,28.0,nan,nan,nan,,nan,nan,nan,nan,nan,nan,nan,,,,nan,nan,nan,nan,nan,nan,nan,nan,nan,nan,nan,nan,,nan,nan,,,nan,nan,nan,nan,nan,nan,nan,nan,nan,nan,nan,nan,nan,nan,nan,nan,nan,nan,nan,nan,nan,nan,nan,nan,,nan,nan,nan,,nan,,,,
nan,nan,nan,nan,nan,nan,nan,nan,nan,nan,nan,nan,nan,nan,nan,nan,nan,0.0,0.0,0.0,0.0,0.0,0.0,0.0,0.0,25.0,0.0,0.0,0.0,0.0,0.0,0.0,0.0,25.0,nan,nan,nan,,nan,nan,nan,nan,nan,nan,nan,,,,nan,nan,nan,nan,nan,nan,nan,nan,nan,nan,nan,nan,,nan,nan,,,nan,nan,nan,nan,nan,nan,nan,nan,nan,nan,nan,nan,nan,nan,nan,nan,nan,nan,nan,nan,nan,nan,nan,nan,,nan,nan,nan,,nan,,,,
nan,nan,nan,nan,nan,nan,nan,nan,nan,nan,nan,nan,nan,nan,nan,nan,nan,0.0,0.0,0.0,0.0,0.0,0.0,0.0,0.0,17.0,0.0,0.0,0.0,0.0,0.0,0.0,0.0,17.0,nan,nan,nan,,nan,nan,nan,nan,nan,nan,nan,,,,nan,nan,nan,nan,nan,nan,nan,nan,nan,nan,nan,nan,,nan,nan,,,nan,nan,nan,nan,nan,nan,nan,nan,nan,nan,nan,nan,nan,nan,nan,nan,nan,nan,nan,nan,nan,nan,nan,nan,,nan,nan,nan,,nan,,,,
nan,nan,nan,nan,nan,nan,nan,nan,nan,nan,nan,nan,nan,nan,nan,nan,nan,0.0,0.0,0.0,0.0,0.0,0.0,0.0,0.0,20.0,0.0,0.0,0.0,0.0,0.0,0.0,0.0,20.0,nan,nan,nan,,nan,nan,nan,nan,nan,nan,nan,,,,nan,nan,nan,nan,nan,nan,nan,nan,nan,nan,nan,nan,,nan,nan,,,nan,nan,nan,nan,nan,nan,nan,nan,nan,nan,nan,nan,nan,nan,nan,nan,nan,nan,nan,nan,nan,nan,nan,nan,,nan,nan,nan,,nan,,,,
nan,nan,nan,nan,nan,nan,nan,nan,nan,nan,nan,nan,nan,nan,nan,nan,nan,0.0,0.0,0.0,0.0,0.0,0.0,0.0,0.0,26.0,0.0,0.0,0.0,0.0,0.0,0.0,0.0,26.0,nan,nan,nan,,nan,nan,nan,nan,nan,nan,nan,,,,nan,nan,nan,nan,nan,nan,nan,nan,nan,nan,nan,nan,,nan,nan,,,nan,nan,nan,nan,nan,nan,nan,nan,nan,nan,nan,nan,nan,nan,nan,nan,nan,nan,nan,nan,nan,nan,nan,nan,,nan,nan,nan,,nan,,,,
nan,nan,nan,nan,nan,nan,nan,nan,nan,nan,nan,nan,nan,nan,nan,nan,nan,0.0,0.0,0.0,0.0,0.0,0.0,0.0,0.0,28.0,0.0,0.0,0.0,0.0,0.0,0.0,0.0,28.0,nan,nan,nan,,nan,nan,nan,nan,nan,nan,nan,,,,nan,nan,nan,nan,nan,nan,nan,nan,nan,nan,nan,nan,,nan,nan,,,nan,nan,nan,nan,nan,nan,nan,nan,nan,nan,nan,nan,nan,nan,nan,nan,nan,nan,nan,nan,nan,nan,nan,nan,,nan,nan,nan,,nan,,,,
nan,nan,nan,nan,nan,nan,nan,nan,nan,nan,nan,nan,nan,nan,nan,nan,nan,0.0,0.0,0.0,0.0,0.0,0.0,0.0,0.0,25.0,0.0,0.0,0.0,0.0,0.0,0.0,0.0,25.0,nan,nan,nan,,nan,nan,nan,nan,nan,nan,nan,,,,nan,nan,nan,nan,nan,nan,nan,nan,nan,nan,nan,nan,,nan,nan,,,nan,nan,nan,nan,nan,nan,nan,nan,nan,nan,nan,nan,nan,nan,nan,nan,nan,nan,nan,nan,nan,nan,nan,nan,,nan,nan,nan,,nan,,,,
nan,nan,nan,nan,nan,nan,nan,nan,nan,nan,nan,nan,nan,nan,nan,nan,nan,0.0,0.0,0.0,0.0,0.0,0.0,0.0,0.0,13.0,0.0,0.0,0.0,0.0,0.0,0.0,0.0,13.0,nan,nan,nan,,nan,nan,nan,nan,nan,nan,nan,,,,nan,nan,nan,nan,nan,nan,nan,nan,nan,nan,nan,nan,,nan,nan,,,nan,nan,nan,nan,nan,nan,nan,nan,nan,nan,nan,nan,nan,nan,nan,nan,nan,nan,nan,nan,nan,nan,nan,nan,,nan,nan,nan,,nan,,,,
nan,nan,nan,nan,nan,nan,nan,nan,nan,nan,nan,nan,nan,nan,nan,nan,nan,0.0,0.0,0.0,0.0,0.0,0.0,0.0,0.0,25.0,0.0,0.0,0.0,0.0,0.0,0.0,0.0,25.0,nan,nan,nan,,nan,nan,nan,nan,nan,nan,nan,,,,nan,nan,nan,nan,nan,nan,nan,nan,nan,nan,nan,nan,,nan,nan,,,nan,nan,nan,nan,nan,nan,nan,nan,nan,nan,nan,nan,nan,nan,nan,nan,nan,nan,nan,nan,nan,nan,nan,nan,,nan,nan,nan,,nan,,,,
nan,nan,nan,nan,nan,nan,nan,nan,nan,nan,nan,nan,nan,nan,nan,nan,nan,0.0,0.0,0.0,0.0,0.0,0.0,0.0,0.0,14.0,0.0,0.0,0.0,0.0,0.0,0.0,0.0,14.0,nan,nan,nan,,nan,nan,nan,nan,nan,nan,nan,,,,nan,nan,nan,nan,nan,nan,nan,nan,nan,nan,nan,nan,,nan,nan,,,nan,nan,nan,nan,nan,nan,nan,nan,nan,nan,nan,nan,nan,nan,nan,nan,nan,nan,nan,nan,nan,nan,nan,nan,,nan,nan,nan,,nan,,,,
nan,nan,nan,nan,nan,nan,nan,nan,nan,nan,nan,nan,nan,nan,nan,nan,nan,0.0,0.0,0.0,0.0,0.0,0.0,0.0,0.0,27.0,0.0,0.0,0.0,0.0,0.0,0.0,0.0,27.0,nan,nan,nan,,nan,nan,nan,nan,nan,nan,nan,,,,nan,nan,nan,nan,nan,nan,nan,nan,nan,nan,nan,nan,,nan,nan,,,nan,nan,nan,nan,nan,nan,nan,nan,nan,nan,nan,nan,nan,nan,nan,nan,nan,nan,nan,nan,nan,nan,nan,nan,,nan,nan,nan,,nan,,,,
nan,nan,nan,nan,nan,nan,nan,nan,nan,nan,nan,nan,nan,nan,nan,nan,nan,0.0,0.0,0.0,0.0,0.0,0.0,0.0,0.0,33.0,0.0,0.0,0.0,0.0,0.0,0.0,0.0,33.0,nan,nan,nan,,nan,nan,nan,nan,nan,nan,nan,,,,nan,nan,nan,nan,nan,nan,nan,nan,nan,nan,nan,nan,,nan,nan,,,nan,nan,nan,nan,nan,nan,nan,nan,nan,nan,nan,nan,nan,nan,nan,nan,nan,nan,nan,nan,nan,nan,nan,nan,,nan,nan,nan,,nan,,,,
nan,nan,nan,nan,nan,nan,nan,nan,nan,nan,nan,nan,nan,nan,nan,nan,nan,0.0,0.0,0.0,0.0,0.0,0.0,0.0,0.0,28.0,0.0,0.0,0.0,0.0,0.0,0.0,0.0,28.0,nan,nan,nan,,nan,nan,nan,nan,nan,nan,nan,,,,nan,nan,nan,nan,nan,nan,nan,nan,nan,nan,nan,nan,,nan,nan,,,nan,nan,nan,nan,nan,nan,nan,nan,nan,nan,nan,nan,nan,nan,nan,nan,nan,nan,nan,nan,nan,nan,nan,nan,,nan,nan,nan,,nan,,,,
nan,nan,nan,nan,nan,nan,nan,nan,nan,nan,nan,nan,nan,nan,nan,nan,nan,0.0,0.0,0.0,0.0,0.0,0.0,0.0,0.0,16.0,0.0,0.0,0.0,0.0,0.0,0.0,0.0,16.0,nan,nan,nan,,nan,nan,nan,nan,nan,nan,nan,,,,nan,nan,nan,nan,nan,nan,nan,nan,nan,nan,nan,nan,,nan,nan,,,nan,nan,nan,nan,nan,nan,nan,nan,nan,nan,nan,nan,nan,nan,nan,nan,nan,nan,nan,nan,nan,nan,nan,nan,,nan,nan,nan,,nan,,,,
nan,nan,nan,nan,nan,nan,nan,nan,nan,nan,nan,nan,nan,nan,nan,nan,nan,0.0,0.0,0.0,0.0,0.0,0.0,0.0,0.0,23.0,0.0,0.0,0.0,0.0,0.0,0.0,0.0,23.0,nan,nan,nan,,nan,nan,nan,nan,nan,nan,nan,,,,nan,nan,nan,nan,nan,nan,nan,nan,nan,nan,nan,nan,,nan,nan,,,nan,nan,nan,nan,nan,nan,nan,nan,nan,nan,nan,nan,nan,nan,nan,nan,nan,nan,nan,nan,nan,nan,nan,nan,,nan,nan,nan,,nan,,,,
nan,nan,nan,nan,nan,nan,nan,nan,nan,nan,nan,nan,nan,nan,nan,nan,nan,0.0,0.0,0.0,0.0,0.0,0.0,0.0,0.0,22.0,0.0,0.0,0.0,0.0,0.0,0.0,0.0,22.0,nan,nan,nan,,nan,nan,nan,nan,nan,nan,nan,,,,nan,nan,nan,nan,nan,nan,nan,nan,nan,nan,nan,nan,,nan,nan,,,nan,nan,nan,nan,nan,nan,nan,nan,nan,nan,nan,nan,nan,nan,nan,nan,nan,nan,nan,nan,nan,nan,nan,nan,,nan,nan,nan,,nan,,,,
nan,nan,nan,nan,nan,nan,nan,nan,nan,nan,nan,nan,nan,nan,nan,nan,nan,0.0,0.0,0.0,0.0,0.0,0.0,0.0,0.0,17.0,0.0,0.0,0.0,0.0,0.0,0.0,0.0,17.0,nan,nan,nan,,nan,nan,nan,nan,nan,nan,nan,,,,nan,nan,nan,nan,nan,nan,nan,nan,nan,nan,nan,nan,,nan,nan,,,nan,nan,nan,nan,nan,nan,nan,nan,nan,nan,nan,nan,nan,nan,nan,nan,nan,nan,nan,nan,nan,nan,nan,nan,,nan,nan,nan,,nan,,,,
nan,nan,nan,nan,nan,nan,nan,nan,nan,nan,nan,nan,nan,nan,nan,nan,nan,0.0,0.0,0.0,0.0,0.0,0.0,0.0,0.0,24.0,0.0,0.0,0.0,0.0,0.0,0.0,0.0,24.0,nan,nan,nan,,nan,nan,nan,nan,nan,nan,nan,,,,nan,nan,nan,nan,nan,nan,nan,nan,nan,nan,nan,nan,,nan,nan,,,nan,nan,nan,nan,nan,nan,nan,nan,nan,nan,nan,nan,nan,nan,nan,nan,nan,nan,nan,nan,nan,nan,nan,nan,,nan,nan,nan,,nan,,,,
nan,nan,nan,nan,nan,nan,nan,nan,nan,nan,nan,nan,nan,nan,nan,nan,nan,0.0,0.0,0.0,0.0,0.0,0.0,0.0,0.0,16.0,0.0,0.0,0.0,0.0,0.0,0.0,0.0,16.0,nan,nan,nan,,nan,nan,nan,nan,nan,nan,nan,,,,nan,nan,nan,nan,nan,nan,nan,nan,nan,nan,nan,nan,,nan,nan,,,nan,nan,nan,nan,nan,nan,nan,nan,nan,nan,nan,nan,nan,nan,nan,nan,nan,nan,nan,nan,nan,nan,nan,nan,,nan,nan,nan,,nan,,,,
nan,nan,nan,nan,nan,nan,nan,nan,nan,nan,nan,nan,nan,nan,nan,nan,nan,0.0,0.0,0.0,0.0,0.0,0.0,0.0,0.0,19.0,0.0,0.0,0.0,0.0,0.0,0.0,0.0,19.0,nan,nan,nan,,nan,nan,nan,nan,nan,nan,nan,,,,nan,nan,nan,nan,nan,nan,nan,nan,nan,nan,nan,nan,,nan,nan,,,nan,nan,nan,nan,nan,nan,nan,nan,nan,nan,nan,nan,nan,nan,nan,nan,nan,nan,nan,nan,nan,nan,nan,nan,,nan,nan,nan,,nan,,,,
nan,nan,nan,nan,nan,nan,nan,nan,nan,nan,nan,nan,nan,nan,nan,nan,nan,0.0,0.0,0.0,0.0,0.0,0.0,0.0,0.0,13.0,0.0,0.0,0.0,0.0,0.0,0.0,0.0,13.0,nan,nan,nan,,nan,nan,nan,nan,nan,nan,nan,,,,nan,nan,nan,nan,nan,nan,nan,nan,nan,nan,nan,nan,,nan,nan,,,nan,nan,nan,nan,nan,nan,nan,nan,nan,nan,nan,nan,nan,nan,nan,nan,nan,nan,nan,nan,nan,nan,nan,nan,,nan,nan,nan,,nan,,,,
nan,nan,nan,nan,nan,nan,nan,nan,nan,nan,nan,nan,nan,nan,nan,nan,nan,0.0,0.0,0.0,0.0,0.0,0.0,0.0,0.0,22.0,0.0,0.0,0.0,0.0,0.0,0.0,0.0,22.0,nan,nan,nan,,nan,nan,nan,nan,nan,nan,nan,,,,nan,nan,nan,nan,nan,nan,nan,nan,nan,nan,nan,nan,,nan,nan,,,nan,nan,nan,nan,nan,nan,nan,nan,nan,nan,nan,nan,nan,nan,nan,nan,nan,nan,nan,nan,nan,nan,nan,nan,,nan,nan,nan,,nan,,,,
nan,nan,nan,nan,nan,nan,nan,nan,nan,nan,nan,nan,nan,nan,nan,nan,nan,0.0,0.0,0.0,0.0,0.0,0.0,0.0,0.0,26.0,0.0,0.0,0.0,0.0,0.0,0.0,0.0,26.0,nan,nan,nan,,nan,nan,nan,nan,nan,nan,nan,,,,nan,nan,nan,nan,nan,nan,nan,nan,nan,nan,nan,nan,,nan,nan,,,nan,nan,nan,nan,nan,nan,nan,nan,nan,nan,nan,nan,nan,nan,nan,nan,nan,nan,nan,nan,nan,nan,nan,nan,,nan,nan,nan,,nan,,,,
nan,nan,nan,nan,nan,nan,nan,nan,nan,nan,nan,nan,nan,nan,nan,nan,nan,0.0,0.0,0.0,0.0,0.0,0.0,0.0,0.0,17.0,0.0,0.0,0.0,0.0,0.0,0.0,0.0,17.0,nan,nan,nan,,nan,nan,nan,nan,nan,nan,nan,,,,nan,nan,nan,nan,nan,nan,nan,nan,nan,nan,nan,nan,,nan,nan,,,nan,nan,nan,nan,nan,nan,nan,nan,nan,nan,nan,nan,nan,nan,nan,nan,nan,nan,nan,nan,nan,nan,nan,nan,,nan,nan,nan,,nan,,,,
nan,nan,nan,nan,nan,nan,nan,nan,nan,nan,nan,nan,nan,nan,nan,nan,nan,0.0,0.0,0.0,0.0,0.0,0.0,0.0,0.0,24.0,0.0,0.0,0.0,0.0,0.0,0.0,0.0,24.0,nan,nan,nan,,nan,nan,nan,nan,nan,nan,nan,,,,nan,nan,nan,nan,nan,nan,nan,nan,nan,nan,nan,nan,,nan,nan,,,nan,nan,nan,nan,nan,nan,nan,nan,nan,nan,nan,nan,nan,nan,nan,nan,nan,nan,nan,nan,nan,nan,nan,nan,,nan,nan,nan,,nan,,,,
nan,nan,nan,nan,nan,nan,nan,nan,nan,nan,nan,nan,nan,nan,nan,nan,nan,0.0,0.0,0.0,0.0,0.0,0.0,0.0,0.0,15.0,0.0,0.0,0.0,0.0,0.0,0.0,0.0,15.0,nan,nan,nan,,nan,nan,nan,nan,nan,nan,nan,,,,nan,nan,nan,nan,nan,nan,nan,nan,nan,nan,nan,nan,,nan,nan,,,nan,nan,nan,nan,nan,nan,nan,nan,nan,nan,nan,nan,nan,nan,nan,nan,nan,nan,nan,nan,nan,nan,nan,nan,,nan,nan,nan,,nan,,,,
nan,nan,nan,nan,nan,nan,nan,nan,nan,nan,nan,nan,nan,nan,nan,nan,nan,0.0,0.0,0.0,0.0,0.0,0.0,0.0,0.0,21.0,0.0,0.0,0.0,0.0,0.0,0.0,0.0,21.0,nan,nan,nan,,nan,nan,nan,nan,nan,nan,nan,,,,nan,nan,nan,nan,nan,nan,nan,nan,nan,nan,nan,nan,,nan,nan,,,nan,nan,nan,nan,nan,nan,nan,nan,nan,nan,nan,nan,nan,nan,nan,nan,nan,nan,nan,nan,nan,nan,nan,nan,,nan,nan,nan,,nan,,,,
nan,nan,nan,nan,nan,nan,nan,nan,nan,nan,nan,nan,nan,nan,nan,nan,nan,0.0,0.0,0.0,0.0,0.0,0.0,0.0,0.0,19.0,0.0,0.0,0.0,0.0,0.0,0.0,0.0,19.0,nan,nan,nan,,nan,nan,nan,nan,nan,nan,nan,,,,nan,nan,nan,nan,nan,nan,nan,nan,nan,nan,nan,nan,,nan,nan,,,nan,nan,nan,nan,nan,nan,nan,nan,nan,nan,nan,nan,nan,nan,nan,nan,nan,nan,nan,nan,nan,nan,nan,nan,,nan,nan,nan,,nan,,,,
nan,nan,nan,nan,nan,nan,nan,nan,nan,nan,nan,nan,nan,nan,nan,nan,nan,0.0,0.0,0.0,0.0,0.0,0.0,0.0,0.0,18.0,0.0,0.0,0.0,0.0,0.0,0.0,0.0,18.0,nan,nan,nan,,nan,nan,nan,nan,nan,nan,nan,,,,nan,nan,nan,nan,nan,nan,nan,nan,nan,nan,nan,nan,,nan,nan,,,nan,nan,nan,nan,nan,nan,nan,nan,nan,nan,nan,nan,nan,nan,nan,nan,nan,nan,nan,nan,nan,nan,nan,nan,,nan,nan,nan,,nan,,,,
nan,nan,nan,nan,nan,nan,nan,nan,nan,nan,nan,nan,nan,nan,nan,nan,nan,0.0,0.0,0.0,0.0,0.0,0.0,0.0,0.0,16.0,0.0,0.0,0.0,0.0,0.0,0.0,0.0,16.0,nan,nan,nan,,nan,nan,nan,nan,nan,nan,nan,,,,nan,nan,nan,nan,nan,nan,nan,nan,nan,nan,nan,nan,,nan,nan,,,nan,nan,nan,nan,nan,nan,nan,nan,nan,nan,nan,nan,nan,nan,nan,nan,nan,nan,nan,nan,nan,nan,nan,nan,,nan,nan,nan,,nan,,,,
nan,nan,nan,nan,nan,nan,nan,nan,nan,nan,nan,nan,nan,nan,nan,nan,nan,0.0,0.0,0.0,0.0,0.0,0.0,0.0,0.0,18.0,0.0,0.0,0.0,0.0,0.0,0.0,0.0,18.0,nan,nan,nan,,nan,nan,nan,nan,nan,nan,nan,,,,nan,nan,nan,nan,nan,nan,nan,nan,nan,nan,nan,nan,,nan,nan,,,nan,nan,nan,nan,nan,nan,nan,nan,nan,nan,nan,nan,nan,nan,nan,nan,nan,nan,nan,nan,nan,nan,nan,nan,,nan,nan,nan,,nan,,,,
nan,nan,nan,nan,nan,nan,nan,nan,nan,nan,nan,nan,nan,nan,nan,nan,nan,0.0,0.0,0.0,0.0,0.0,0.0,0.0,0.0,19.0,0.0,0.0,0.0,0.0,0.0,0.0,0.0,19.0,nan,nan,nan,,nan,nan,nan,nan,nan,nan,nan,,,,nan,nan,nan,nan,nan,nan,nan,nan,nan,nan,nan,nan,,nan,nan,,,nan,nan,nan,nan,nan,nan,nan,nan,nan,nan,nan,nan,nan,nan,nan,nan,nan,nan,nan,nan,nan,nan,nan,nan,,nan,nan,nan,,nan,,,,
nan,nan,nan,nan,nan,nan,nan,nan,nan,nan,nan,nan,nan,nan,nan,nan,nan,0.0,0.0,0.0,0.0,0.0,0.0,0.0,0.0,20.0,0.0,0.0,0.0,0.0,0.0,0.0,0.0,20.0,nan,nan,nan,,nan,nan,nan,nan,nan,nan,nan,,,,nan,nan,nan,nan,nan,nan,nan,nan,nan,nan,nan,nan,,nan,nan,,,nan,nan,nan,nan,nan,nan,nan,nan,nan,nan,nan,nan,nan,nan,nan,nan,nan,nan,nan,nan,nan,nan,nan,nan,,nan,nan,nan,,nan,,,,
nan,nan,nan,nan,nan,nan,nan,nan,nan,nan,nan,nan,nan,nan,nan,nan,nan,0.0,0.0,0.0,0.0,0.0,0.0,0.0,0.0,13.0,0.0,0.0,0.0,0.0,0.0,0.0,0.0,13.0,nan,nan,nan,,nan,nan,nan,nan,nan,nan,nan,,,,nan,nan,nan,nan,nan,nan,nan,nan,nan,nan,nan,nan,,nan,nan,,,nan,nan,nan,nan,nan,nan,nan,nan,nan,nan,nan,nan,nan,nan,nan,nan,nan,nan,nan,nan,nan,nan,nan,nan,,nan,nan,nan,,nan,,,,
nan,nan,nan,nan,nan,nan,nan,nan,nan,nan,nan,nan,nan,nan,nan,nan,nan,0.0,0.0,0.0,0.0,0.0,0.0,0.0,0.0,10.0,0.0,0.0,0.0,0.0,0.0,0.0,0.0,10.0,nan,nan,nan,,nan,nan,nan,nan,nan,nan,nan,,,,nan,nan,nan,nan,nan,nan,nan,nan,nan,nan,nan,nan,,nan,nan,,,nan,nan,nan,nan,nan,nan,nan,nan,nan,nan,nan,nan,nan,nan,nan,nan,nan,nan,nan,nan,nan,nan,nan,nan,,nan,nan,nan,,nan,,,,
nan,nan,nan,nan,nan,nan,nan,nan,nan,nan,nan,nan,nan,nan,nan,nan,nan,0.0,0.0,0.0,0.0,0.0,0.0,0.0,0.0,23.0,0.0,0.0,0.0,0.0,0.0,0.0,0.0,23.0,nan,nan,nan,,nan,nan,nan,nan,nan,nan,nan,,,,nan,nan,nan,nan,nan,nan,nan,nan,nan,nan,nan,nan,,nan,nan,,,nan,nan,nan,nan,nan,nan,nan,nan,nan,nan,nan,nan,nan,nan,nan,nan,nan,nan,nan,nan,nan,nan,nan,nan,,nan,nan,nan,,nan,,,,
nan,nan,nan,nan,nan,nan,nan,nan,nan,nan,nan,nan,nan,nan,nan,nan,nan,0.0,0.0,0.0,0.0,0.0,0.0,0.0,0.0,22.0,0.0,0.0,0.0,0.0,0.0,0.0,0.0,22.0,nan,nan,nan,,nan,nan,nan,nan,nan,nan,nan,,,,nan,nan,nan,nan,nan,nan,nan,nan,nan,nan,nan,nan,,nan,nan,,,nan,nan,nan,nan,nan,nan,nan,nan,nan,nan,nan,nan,nan,nan,nan,nan,nan,nan,nan,nan,nan,nan,nan,nan,,nan,nan,nan,,nan,,,,
nan,nan,nan,nan,nan,nan,nan,nan,nan,nan,nan,nan,nan,nan,nan,nan,nan,0.0,0.0,0.0,0.0,0.0,0.0,0.0,0.0,17.0,0.0,0.0,0.0,0.0,0.0,0.0,0.0,17.0,nan,nan,nan,,nan,nan,nan,nan,nan,nan,nan,,,,nan,nan,nan,nan,nan,nan,nan,nan,nan,nan,nan,nan,,nan,nan,,,nan,nan,nan,nan,nan,nan,nan,nan,nan,nan,nan,nan,nan,nan,nan,nan,nan,nan,nan,nan,nan,nan,nan,nan,,nan,nan,nan,,nan,,,,
nan,nan,nan,nan,nan,nan,nan,nan,nan,nan,nan,nan,nan,nan,nan,nan,nan,0.0,0.0,0.0,0.0,0.0,0.0,0.0,0.0,26.0,0.0,0.0,0.0,0.0,0.0,0.0,0.0,26.0,nan,nan,nan,,nan,nan,nan,nan,nan,nan,nan,,,,nan,nan,nan,nan,nan,nan,nan,nan,nan,nan,nan,nan,,nan,nan,,,nan,nan,nan,nan,nan,nan,nan,nan,nan,nan,nan,nan,nan,nan,nan,nan,nan,nan,nan,nan,nan,nan,nan,nan,,nan,nan,nan,,nan,,,,
nan,nan,nan,nan,nan,nan,nan,nan,nan,nan,nan,nan,nan,nan,nan,nan,nan,0.0,0.0,0.0,0.0,0.0,0.0,0.0,0.0,16.0,0.0,0.0,0.0,0.0,0.0,0.0,0.0,16.0,nan,nan,nan,,nan,nan,nan,nan,nan,nan,nan,,,,nan,nan,nan,nan,nan,nan,nan,nan,nan,nan,nan,nan,,nan,nan,,,nan,nan,nan,nan,nan,nan,nan,nan,nan,nan,nan,nan,nan,nan,nan,nan,nan,nan,nan,nan,nan,nan,nan,nan,,nan,nan,nan,,nan,,,,
nan,nan,nan,nan,nan,nan,nan,nan,nan,nan,nan,nan,nan,nan,nan,nan,nan,0.0,0.0,0.0,0.0,0.0,0.0,0.0,0.0,12.0,0.0,0.0,0.0,0.0,0.0,0.0,0.0,12.0,nan,nan,nan,,nan,nan,nan,nan,nan,nan,nan,,,,nan,nan,nan,nan,nan,nan,nan,nan,nan,nan,nan,nan,,nan,nan,,,nan,nan,nan,nan,nan,nan,nan,nan,nan,nan,nan,nan,nan,nan,nan,nan,nan,nan,nan,nan,nan,nan,nan,nan,,nan,nan,nan,,nan,,,,
nan,nan,nan,nan,nan,nan,nan,nan,nan,nan,nan,nan,nan,nan,nan,nan,nan,0.0,0.0,0.0,0.0,0.0,0.0,0.0,0.0,12.0,0.0,0.0,0.0,0.0,0.0,0.0,0.0,12.0,nan,nan,nan,,nan,nan,nan,nan,nan,nan,nan,,,,nan,nan,nan,nan,nan,nan,nan,nan,nan,nan,nan,nan,,nan,nan,,,nan,nan,nan,nan,nan,nan,nan,nan,nan,nan,nan,nan,nan,nan,nan,nan,nan,nan,nan,nan,nan,nan,nan,nan,,nan,nan,nan,,nan,,,,
nan,nan,nan,nan,nan,nan,nan,nan,nan,nan,nan,nan,nan,nan,nan,nan,nan,0.0,0.0,0.0,0.0,0.0,0.0,0.0,0.0,13.0,0.0,0.0,0.0,0.0,0.0,0.0,0.0,13.0,nan,nan,nan,,nan,nan,nan,nan,nan,nan,nan,,,,nan,nan,nan,nan,nan,nan,nan,nan,nan,nan,nan,nan,,nan,nan,,,nan,nan,nan,nan,nan,nan,nan,nan,nan,nan,nan,nan,nan,nan,nan,nan,nan,nan,nan,nan,nan,nan,nan,nan,,nan,nan,nan,,nan,,,,
nan,nan,nan,nan,nan,nan,nan,nan,nan,nan,nan,nan,nan,nan,nan,nan,nan,0.0,0.0,0.0,0.0,0.0,0.0,0.0,0.0,11.0,0.0,0.0,0.0,0.0,0.0,0.0,0.0,11.0,nan,nan,nan,,nan,nan,nan,nan,nan,nan,nan,,,,nan,nan,nan,nan,nan,nan,nan,nan,nan,nan,nan,nan,,nan,nan,,,nan,nan,nan,nan,nan,nan,nan,nan,nan,nan,nan,nan,nan,nan,nan,nan,nan,nan,nan,nan,nan,nan,nan,nan,,nan,nan,nan,,nan,,,,
nan,nan,nan,nan,nan,nan,nan,nan,nan,nan,nan,nan,nan,nan,nan,nan,nan,0.0,0.0,0.0,0.0,0.0,0.0,0.0,0.0,18.0,0.0,0.0,0.0,0.0,0.0,0.0,0.0,18.0,nan,nan,nan,,nan,nan,nan,nan,nan,nan,nan,,,,nan,nan,nan,nan,nan,nan,nan,nan,nan,nan,nan,nan,,nan,nan,,,nan,nan,nan,nan,nan,nan,nan,nan,nan,nan,nan,nan,nan,nan,nan,nan,nan,nan,nan,nan,nan,nan,nan,nan,,nan,nan,nan,,nan,,,,
nan,nan,nan,nan,nan,nan,nan,nan,nan,nan,nan,nan,nan,nan,nan,nan,nan,0.0,0.0,0.0,0.0,0.0,0.0,0.0,0.0,20.0,0.0,0.0,0.0,0.0,0.0,0.0,0.0,20.0,nan,nan,nan,,nan,nan,nan,nan,nan,nan,nan,,,,nan,nan,nan,nan,nan,nan,nan,nan,nan,nan,nan,nan,,nan,nan,,,nan,nan,nan,nan,nan,nan,nan,nan,nan,nan,nan,nan,nan,nan,nan,nan,nan,nan,nan,nan,nan,nan,nan,nan,,nan,nan,nan,,nan,,,,
nan,nan,nan,nan,nan,nan,nan,nan,nan,nan,nan,nan,nan,nan,nan,nan,nan,0.0,0.0,0.0,0.0,0.0,0.0,0.0,0.0,14.0,0.0,0.0,0.0,0.0,0.0,0.0,0.0,14.0,nan,nan,nan,,nan,nan,nan,nan,nan,nan,nan,,,,nan,nan,nan,nan,nan,nan,nan,nan,nan,nan,nan,nan,,nan,nan,,,nan,nan,nan,nan,nan,nan,nan,nan,nan,nan,nan,nan,nan,nan,nan,nan,nan,nan,nan,nan,nan,nan,nan,nan,,nan,nan,nan,,nan,,,,
nan,nan,nan,nan,nan,nan,nan,nan,nan,nan,nan,nan,nan,nan,nan,nan,nan,0.0,0.0,0.0,0.0,0.0,0.0,0.0,0.0,18.0,0.0,0.0,0.0,0.0,0.0,0.0,0.0,18.0,nan,nan,nan,,nan,nan,nan,nan,nan,nan,nan,,,,nan,nan,nan,nan,nan,nan,nan,nan,nan,nan,nan,nan,,nan,nan,,,nan,nan,nan,nan,nan,nan,nan,nan,nan,nan,nan,nan,nan,nan,nan,nan,nan,nan,nan,nan,nan,nan,nan,nan,,nan,nan,nan,,nan,,,,
nan,nan,nan,nan,nan,nan,nan,nan,nan,nan,nan,nan,nan,nan,nan,nan,nan,0.0,0.0,0.0,0.0,0.0,0.0,0.0,0.0,17.0,0.0,0.0,0.0,0.0,0.0,0.0,0.0,17.0,nan,nan,nan,,nan,nan,nan,nan,nan,nan,nan,,,,nan,nan,nan,nan,nan,nan,nan,nan,nan,nan,nan,nan,,nan,nan,,,nan,nan,nan,nan,nan,nan,nan,nan,nan,nan,nan,nan,nan,nan,nan,nan,nan,nan,nan,nan,nan,nan,nan,nan,,nan,nan,nan,,nan,,,,
nan,nan,nan,nan,nan,nan,nan,nan,nan,nan,nan,nan,nan,nan,nan,nan,nan,0.0,0.0,0.0,0.0,0.0,0.0,0.0,0.0,14.0,0.0,0.0,0.0,0.0,0.0,0.0,0.0,14.0,nan,nan,nan,,nan,nan,nan,nan,nan,nan,nan,,,,nan,nan,nan,nan,nan,nan,nan,nan,nan,nan,nan,nan,,nan,nan,,,nan,nan,nan,nan,nan,nan,nan,nan,nan,nan,nan,nan,nan,nan,nan,nan,nan,nan,nan,nan,nan,nan,nan,nan,,nan,nan,nan,,nan,,,,
nan,nan,nan,nan,nan,nan,nan,nan,nan,nan,nan,nan,nan,nan,nan,nan,nan,0.0,0.0,0.0,0.0,0.0,0.0,0.0,0.0,12.0,0.0,0.0,0.0,0.0,0.0,0.0,0.0,12.0,nan,nan,nan,,nan,nan,nan,nan,nan,nan,nan,,,,nan,nan,nan,nan,nan,nan,nan,nan,nan,nan,nan,nan,,nan,nan,,,nan,nan,nan,nan,nan,nan,nan,nan,nan,nan,nan,nan,nan,nan,nan,nan,nan,nan,nan,nan,nan,nan,nan,nan,,nan,nan,nan,,nan,,,,
nan,nan,nan,nan,nan,nan,nan,nan,nan,nan,nan,nan,nan,nan,nan,nan,nan,0.0,0.0,0.0,0.0,0.0,0.0,0.0,0.0,20.0,0.0,0.0,0.0,0.0,0.0,0.0,0.0,20.0,nan,nan,nan,,nan,nan,nan,nan,nan,nan,nan,,,,nan,nan,nan,nan,nan,nan,nan,nan,nan,nan,nan,nan,,nan,nan,,,nan,nan,nan,nan,nan,nan,nan,nan,nan,nan,nan,nan,nan,nan,nan,nan,nan,nan,nan,nan,nan,nan,nan,nan,,nan,nan,nan,,nan,,,,
nan,nan,nan,nan,nan,nan,nan,nan,nan,nan,nan,nan,nan,nan,nan,nan,nan,0.0,0.0,0.0,0.0,0.0,0.0,0.0,0.0,9.0,0.0,0.0,0.0,0.0,0.0,0.0,0.0,9.0,nan,nan,nan,,nan,nan,nan,nan,nan,nan,nan,,,,nan,nan,nan,nan,nan,nan,nan,nan,nan,nan,nan,nan,,nan,nan,,,nan,nan,nan,nan,nan,nan,nan,nan,nan,nan,nan,nan,nan,nan,nan,nan,nan,nan,nan,nan,nan,nan,nan,nan,,nan,nan,nan,,nan,,,,
nan,nan,nan,nan,nan,nan,nan,nan,nan,nan,nan,nan,nan,nan,nan,nan,nan,0.0,0.0,0.0,0.0,0.0,0.0,0.0,0.0,13.0,0.0,0.0,0.0,0.0,0.0,0.0,0.0,13.0,nan,nan,nan,,nan,nan,nan,nan,nan,nan,nan,,,,nan,nan,nan,nan,nan,nan,nan,nan,nan,nan,nan,nan,,nan,nan,,,nan,nan,nan,nan,nan,nan,nan,nan,nan,nan,nan,nan,nan,nan,nan,nan,nan,nan,nan,nan,nan,nan,nan,nan,,nan,nan,nan,,nan,,,,
nan,nan,nan,nan,nan,nan,nan,nan,nan,nan,nan,nan,nan,nan,nan,nan,nan,0.0,0.0,0.0,0.0,0.0,0.0,0.0,0.0,25.0,0.0,0.0,0.0,0.0,0.0,0.0,0.0,25.0,nan,nan,nan,,nan,nan,nan,nan,nan,nan,nan,,,,nan,nan,nan,nan,nan,nan,nan,nan,nan,nan,nan,nan,,nan,nan,,,nan,nan,nan,nan,nan,nan,nan,nan,nan,nan,nan,nan,nan,nan,nan,nan,nan,nan,nan,nan,nan,nan,nan,nan,,nan,nan,nan,,nan,,,,
nan,nan,nan,nan,nan,nan,nan,nan,nan,nan,nan,nan,nan,nan,nan,nan,nan,0.0,0.0,0.0,0.0,0.0,0.0,0.0,0.0,13.0,0.0,0.0,0.0,0.0,0.0,0.0,0.0,13.0,nan,nan,nan,,nan,nan,nan,nan,nan,nan,nan,,,,nan,nan,nan,nan,nan,nan,nan,nan,nan,nan,nan,nan,,nan,nan,,,nan,nan,nan,nan,nan,nan,nan,nan,nan,nan,nan,nan,nan,nan,nan,nan,nan,nan,nan,nan,nan,nan,nan,nan,,nan,nan,nan,,nan,,,,
nan,nan,nan,nan,nan,nan,nan,nan,nan,nan,nan,nan,nan,nan,nan,nan,nan,0.0,0.0,0.0,0.0,0.0,0.0,0.0,0.0,8.0,0.0,0.0,0.0,0.0,0.0,0.0,0.0,8.0,nan,nan,nan,,nan,nan,nan,nan,nan,nan,nan,,,,nan,nan,nan,nan,nan,nan,nan,nan,nan,nan,nan,nan,,nan,nan,,,nan,nan,nan,nan,nan,nan,nan,nan,nan,nan,nan,nan,nan,nan,nan,nan,nan,nan,nan,nan,nan,nan,nan,nan,,nan,nan,nan,,nan,,,,
nan,nan,nan,nan,nan,nan,nan,nan,nan,nan,nan,nan,nan,nan,nan,nan,nan,0.0,0.0,0.0,0.0,0.0,0.0,0.0,0.0,14.0,0.0,0.0,0.0,0.0,0.0,0.0,0.0,14.0,nan,nan,nan,,nan,nan,nan,nan,nan,nan,nan,,,,nan,nan,nan,nan,nan,nan,nan,nan,nan,nan,nan,nan,,nan,nan,,,nan,nan,nan,nan,nan,nan,nan,nan,nan,nan,nan,nan,nan,nan,nan,nan,nan,nan,nan,nan,nan,nan,nan,nan,,nan,nan,nan,,nan,,,,
nan,nan,nan,nan,nan,nan,nan,nan,nan,nan,nan,nan,nan,nan,nan,nan,nan,0.0,0.0,0.0,0.0,0.0,0.0,0.0,0.0,22.0,0.0,0.0,0.0,0.0,0.0,0.0,0.0,22.0,nan,nan,nan,,nan,nan,nan,nan,nan,nan,nan,,,,nan,nan,nan,nan,nan,nan,nan,nan,nan,nan,nan,nan,,nan,nan,,,nan,nan,nan,nan,nan,nan,nan,nan,nan,nan,nan,nan,nan,nan,nan,nan,nan,nan,nan,nan,nan,nan,nan,nan,,nan,nan,nan,,nan,,,,
nan,nan,nan,nan,nan,nan,nan,nan,nan,nan,nan,nan,nan,nan,nan,nan,nan,0.0,0.0,0.0,0.0,0.0,0.0,0.0,0.0,12.0,0.0,0.0,0.0,0.0,0.0,0.0,0.0,12.0,nan,nan,nan,,nan,nan,nan,nan,nan,nan,nan,,,,nan,nan,nan,nan,nan,nan,nan,nan,nan,nan,nan,nan,,nan,nan,,,nan,nan,nan,nan,nan,nan,nan,nan,nan,nan,nan,nan,nan,nan,nan,nan,nan,nan,nan,nan,nan,nan,nan,nan,,nan,nan,nan,,nan,,,,
nan,nan,nan,nan,nan,nan,nan,nan,nan,nan,nan,nan,nan,nan,nan,nan,nan,0.0,0.0,0.0,0.0,0.0,0.0,0.0,0.0,15.0,0.0,0.0,0.0,0.0,0.0,0.0,0.0,15.0,nan,nan,nan,,nan,nan,nan,nan,nan,nan,nan,,,,nan,nan,nan,nan,nan,nan,nan,nan,nan,nan,nan,nan,,nan,nan,,,nan,nan,nan,nan,nan,nan,nan,nan,nan,nan,nan,nan,nan,nan,nan,nan,nan,nan,nan,nan,nan,nan,nan,nan,,nan,nan,nan,,nan,,,,
nan,nan,nan,nan,nan,nan,nan,nan,nan,nan,nan,nan,nan,nan,nan,nan,nan,0.0,0.0,0.0,0.0,0.0,0.0,0.0,0.0,13.0,0.0,0.0,0.0,0.0,0.0,0.0,0.0,13.0,nan,nan,nan,,nan,nan,nan,nan,nan,nan,nan,,,,nan,nan,nan,nan,nan,nan,nan,nan,nan,nan,nan,nan,,nan,nan,,,nan,nan,nan,nan,nan,nan,nan,nan,nan,nan,nan,nan,nan,nan,nan,nan,nan,nan,nan,nan,nan,nan,nan,nan,,nan,nan,nan,,nan,,,,
nan,nan,nan,nan,nan,nan,nan,nan,nan,nan,nan,nan,nan,nan,nan,nan,nan,0.0,0.0,0.0,0.0,0.0,0.0,0.0,0.0,11.0,0.0,0.0,0.0,0.0,0.0,0.0,0.0,11.0,nan,nan,nan,,nan,nan,nan,nan,nan,nan,nan,,,,nan,nan,nan,nan,nan,nan,nan,nan,nan,nan,nan,nan,,nan,nan,,,nan,nan,nan,nan,nan,nan,nan,nan,nan,nan,nan,nan,nan,nan,nan,nan,nan,nan,nan,nan,nan,nan,nan,nan,,nan,nan,nan,,nan,,,,
nan,nan,nan,nan,nan,nan,nan,nan,nan,nan,nan,nan,nan,nan,nan,nan,nan,0.0,0.0,0.0,0.0,0.0,0.0,0.0,0.0,14.0,0.0,0.0,0.0,0.0,0.0,0.0,0.0,14.0,nan,nan,nan,,nan,nan,nan,nan,nan,nan,nan,,,,nan,nan,nan,nan,nan,nan,nan,nan,nan,nan,nan,nan,,nan,nan,,,nan,nan,nan,nan,nan,nan,nan,nan,nan,nan,nan,nan,nan,nan,nan,nan,nan,nan,nan,nan,nan,nan,nan,nan,,nan,nan,nan,,nan,,,,
nan,nan,nan,nan,nan,nan,nan,nan,nan,nan,nan,nan,nan,nan,nan,nan,nan,0.0,0.0,0.0,0.0,0.0,0.0,0.0,0.0,14.0,0.0,0.0,0.0,0.0,0.0,0.0,0.0,14.0,nan,nan,nan,,nan,nan,nan,nan,nan,nan,nan,,,,nan,nan,nan,nan,nan,nan,nan,nan,nan,nan,nan,nan,,nan,nan,,,nan,nan,nan,nan,nan,nan,nan,nan,nan,nan,nan,nan,nan,nan,nan,nan,nan,nan,nan,nan,nan,nan,nan,nan,,nan,nan,nan,,nan,,,,
nan,nan,nan,nan,nan,nan,nan,nan,nan,nan,nan,nan,nan,nan,nan,nan,nan,0.0,0.0,0.0,0.0,0.0,0.0,0.0,0.0,10.0,0.0,0.0,0.0,0.0,0.0,0.0,0.0,10.0,nan,nan,nan,,nan,nan,nan,nan,nan,nan,nan,,,,nan,nan,nan,nan,nan,nan,nan,nan,nan,nan,nan,nan,,nan,nan,,,nan,nan,nan,nan,nan,nan,nan,nan,nan,nan,nan,nan,nan,nan,nan,nan,nan,nan,nan,nan,nan,nan,nan,nan,,nan,nan,nan,,nan,,,,
nan,nan,nan,nan,nan,nan,nan,nan,nan,nan,nan,nan,nan,nan,nan,nan,nan,0.0,0.0,0.0,0.0,0.0,0.0,0.0,0.0,10.0,0.0,0.0,0.0,0.0,0.0,0.0,0.0,10.0,nan,nan,nan,,nan,nan,nan,nan,nan,nan,nan,,,,nan,nan,nan,nan,nan,nan,nan,nan,nan,nan,nan,nan,,nan,nan,,,nan,nan,nan,nan,nan,nan,nan,nan,nan,nan,nan,nan,nan,nan,nan,nan,nan,nan,nan,nan,nan,nan,nan,nan,,nan,nan,nan,,nan,,,,
nan,nan,nan,nan,nan,nan,nan,nan,nan,nan,nan,nan,nan,nan,nan,nan,nan,0.0,0.0,0.0,0.0,0.0,0.0,0.0,0.0,13.0,0.0,0.0,0.0,0.0,0.0,0.0,0.0,13.0,nan,nan,nan,,nan,nan,nan,nan,nan,nan,nan,,,,nan,nan,nan,nan,nan,nan,nan,nan,nan,nan,nan,nan,,nan,nan,,,nan,nan,nan,nan,nan,nan,nan,nan,nan,nan,nan,nan,nan,nan,nan,nan,nan,nan,nan,nan,nan,nan,nan,nan,,nan,nan,nan,,nan,,,,
nan,nan,nan,nan,nan,nan,nan,nan,nan,nan,nan,nan,nan,nan,nan,nan,nan,0.0,0.0,0.0,0.0,0.0,0.0,0.0,0.0,6.0,0.0,0.0,0.0,0.0,0.0,0.0,0.0,6.0,nan,nan,nan,,nan,nan,nan,nan,nan,nan,nan,,,,nan,nan,nan,nan,nan,nan,nan,nan,nan,nan,nan,nan,,nan,nan,,,nan,nan,nan,nan,nan,nan,nan,nan,nan,nan,nan,nan,nan,nan,nan,nan,nan,nan,nan,nan,nan,nan,nan,nan,,nan,nan,nan,,nan,,,,
nan,nan,nan,nan,nan,nan,nan,nan,nan,nan,nan,nan,nan,nan,nan,nan,nan,0.0,0.0,0.0,0.0,0.0,0.0,0.0,0.0,14.0,0.0,0.0,0.0,0.0,0.0,0.0,0.0,14.0,nan,nan,nan,,nan,nan,nan,nan,nan,nan,nan,,,,nan,nan,nan,nan,nan,nan,nan,nan,nan,nan,nan,nan,,nan,nan,,,nan,nan,nan,nan,nan,nan,nan,nan,nan,nan,nan,nan,nan,nan,nan,nan,nan,nan,nan,nan,nan,nan,nan,nan,,nan,nan,nan,,nan,,,,
nan,nan,nan,nan,nan,nan,nan,nan,nan,nan,nan,nan,nan,nan,nan,nan,nan,0.0,0.0,0.0,0.0,0.0,0.0,0.0,0.0,10.0,0.0,0.0,0.0,0.0,0.0,0.0,0.0,10.0,nan,nan,nan,,nan,nan,nan,nan,nan,nan,nan,,,,nan,nan,nan,nan,nan,nan,nan,nan,nan,nan,nan,nan,,nan,nan,,,nan,nan,nan,nan,nan,nan,nan,nan,nan,nan,nan,nan,nan,nan,nan,nan,nan,nan,nan,nan,nan,nan,nan,nan,,nan,nan,nan,,nan,,,,
nan,nan,nan,nan,nan,nan,nan,nan,nan,nan,nan,nan,nan,nan,nan,nan,nan,0.0,0.0,0.0,0.0,0.0,0.0,0.0,0.0,14.0,0.0,0.0,0.0,0.0,0.0,0.0,0.0,14.0,nan,nan,nan,,nan,nan,nan,nan,nan,nan,nan,,,,nan,nan,nan,nan,nan,nan,nan,nan,nan,nan,nan,nan,,nan,nan,,,nan,nan,nan,nan,nan,nan,nan,nan,nan,nan,nan,nan,nan,nan,nan,nan,nan,nan,nan,nan,nan,nan,nan,nan,,nan,nan,nan,,nan,,,,
nan,nan,nan,nan,nan,nan,nan,nan,nan,nan,nan,nan,nan,nan,nan,nan,nan,0.0,0.0,0.0,0.0,0.0,0.0,0.0,0.0,18.0,0.0,0.0,0.0,0.0,0.0,0.0,0.0,18.0,nan,nan,nan,,nan,nan,nan,nan,nan,nan,nan,,,,nan,nan,nan,nan,nan,nan,nan,nan,nan,nan,nan,nan,,nan,nan,,,nan,nan,nan,nan,nan,nan,nan,nan,nan,nan,nan,nan,nan,nan,nan,nan,nan,nan,nan,nan,nan,nan,nan,nan,,nan,nan,nan,,nan,,,,
nan,nan,nan,nan,nan,nan,nan,nan,nan,nan,nan,nan,nan,nan,nan,nan,nan,0.0,0.0,0.0,0.0,0.0,0.0,0.0,0.0,12.0,0.0,0.0,0.0,0.0,0.0,0.0,0.0,12.0,nan,nan,nan,,nan,nan,nan,nan,nan,nan,nan,,,,nan,nan,nan,nan,nan,nan,nan,nan,nan,nan,nan,nan,,nan,nan,,,nan,nan,nan,nan,nan,nan,nan,nan,nan,nan,nan,nan,nan,nan,nan,nan,nan,nan,nan,nan,nan,nan,nan,nan,,nan,nan,nan,,nan,,,,
nan,nan,nan,nan,nan,nan,nan,nan,nan,nan,nan,nan,nan,nan,nan,nan,nan,0.0,0.0,0.0,0.0,0.0,0.0,0.0,0.0,9.0,0.0,0.0,0.0,0.0,0.0,0.0,0.0,9.0,nan,nan,nan,,nan,nan,nan,nan,nan,nan,nan,,,,nan,nan,nan,nan,nan,nan,nan,nan,nan,nan,nan,nan,,nan,nan,,,nan,nan,nan,nan,nan,nan,nan,nan,nan,nan,nan,nan,nan,nan,nan,nan,nan,nan,nan,nan,nan,nan,nan,nan,,nan,nan,nan,,nan,,,,
nan,nan,nan,nan,nan,nan,nan,nan,nan,nan,nan,nan,nan,nan,nan,nan,nan,0.0,0.0,0.0,0.0,0.0,0.0,0.0,0.0,8.0,0.0,0.0,0.0,0.0,0.0,0.0,0.0,8.0,nan,nan,nan,,nan,nan,nan,nan,nan,nan,nan,,,,nan,nan,nan,nan,nan,nan,nan,nan,nan,nan,nan,nan,,nan,nan,,,nan,nan,nan,nan,nan,nan,nan,nan,nan,nan,nan,nan,nan,nan,nan,nan,nan,nan,nan,nan,nan,nan,nan,nan,,nan,nan,nan,,nan,,,,
nan,nan,nan,nan,nan,nan,nan,nan,nan,nan,nan,nan,nan,nan,nan,nan,nan,0.0,0.0,0.0,0.0,0.0,0.0,0.0,0.0,11.0,0.0,0.0,0.0,0.0,0.0,0.0,0.0,11.0,nan,nan,nan,,nan,nan,nan,nan,nan,nan,nan,,,,nan,nan,nan,nan,nan,nan,nan,nan,nan,nan,nan,nan,,nan,nan,,,nan,nan,nan,nan,nan,nan,nan,nan,nan,nan,nan,nan,nan,nan,nan,nan,nan,nan,nan,nan,nan,nan,nan,nan,,nan,nan,nan,,nan,,,,
nan,nan,nan,nan,nan,nan,nan,nan,nan,nan,nan,nan,nan,nan,nan,nan,nan,0.0,0.0,0.0,0.0,0.0,0.0,0.0,0.0,9.0,0.0,0.0,0.0,0.0,0.0,0.0,0.0,9.0,nan,nan,nan,,nan,nan,nan,nan,nan,nan,nan,,,,nan,nan,nan,nan,nan,nan,nan,nan,nan,nan,nan,nan,,nan,nan,,,nan,nan,nan,nan,nan,nan,nan,nan,nan,nan,nan,nan,nan,nan,nan,nan,nan,nan,nan,nan,nan,nan,nan,nan,,nan,nan,nan,,nan,,,,
nan,nan,nan,nan,nan,nan,nan,nan,nan,nan,nan,nan,nan,nan,nan,nan,nan,0.0,0.0,0.0,0.0,0.0,0.0,0.0,0.0,13.0,0.0,0.0,0.0,0.0,0.0,0.0,0.0,13.0,nan,nan,nan,,nan,nan,nan,nan,nan,nan,nan,,,,nan,nan,nan,nan,nan,nan,nan,nan,nan,nan,nan,nan,,nan,nan,,,nan,nan,nan,nan,nan,nan,nan,nan,nan,nan,nan,nan,nan,nan,nan,nan,nan,nan,nan,nan,nan,nan,nan,nan,,nan,nan,nan,,nan,,,,
nan,nan,nan,nan,nan,nan,nan,nan,nan,nan,nan,nan,nan,nan,nan,nan,nan,0.0,0.0,0.0,0.0,0.0,0.0,0.0,0.0,15.0,0.0,0.0,0.0,0.0,0.0,0.0,0.0,15.0,nan,nan,nan,,nan,nan,nan,nan,nan,nan,nan,,,,nan,nan,nan,nan,nan,nan,nan,nan,nan,nan,nan,nan,,nan,nan,,,nan,nan,nan,nan,nan,nan,nan,nan,nan,nan,nan,nan,nan,nan,nan,nan,nan,nan,nan,nan,nan,nan,nan,nan,,nan,nan,nan,,nan,,,,
nan,nan,nan,nan,nan,nan,nan,nan,nan,nan,nan,nan,nan,nan,nan,nan,nan,0.0,0.0,0.0,0.0,0.0,0.0,0.0,0.0,12.0,0.0,0.0,0.0,0.0,0.0,0.0,0.0,12.0,nan,nan,nan,,nan,nan,nan,nan,nan,nan,nan,,,,nan,nan,nan,nan,nan,nan,nan,nan,nan,nan,nan,nan,,nan,nan,,,nan,nan,nan,nan,nan,nan,nan,nan,nan,nan,nan,nan,nan,nan,nan,nan,nan,nan,nan,nan,nan,nan,nan,nan,,nan,nan,nan,,nan,,,,
nan,nan,nan,nan,nan,nan,nan,nan,nan,nan,nan,nan,nan,nan,nan,nan,nan,0.0,0.0,0.0,0.0,0.0,0.0,0.0,0.0,7.0,0.0,0.0,0.0,0.0,0.0,0.0,0.0,7.0,nan,nan,nan,,nan,nan,nan,nan,nan,nan,nan,,,,nan,nan,nan,nan,nan,nan,nan,nan,nan,nan,nan,nan,,nan,nan,,,nan,nan,nan,nan,nan,nan,nan,nan,nan,nan,nan,nan,nan,nan,nan,nan,nan,nan,nan,nan,nan,nan,nan,nan,,nan,nan,nan,,nan,,,,
nan,nan,nan,nan,nan,nan,nan,nan,nan,nan,nan,nan,nan,nan,nan,nan,nan,0.0,0.0,0.0,0.0,0.0,0.0,0.0,0.0,12.0,0.0,0.0,0.0,0.0,0.0,0.0,0.0,12.0,nan,nan,nan,,nan,nan,nan,nan,nan,nan,nan,,,,nan,nan,nan,nan,nan,nan,nan,nan,nan,nan,nan,nan,,nan,nan,,,nan,nan,nan,nan,nan,nan,nan,nan,nan,nan,nan,nan,nan,nan,nan,nan,nan,nan,nan,nan,nan,nan,nan,nan,,nan,nan,nan,,nan,,,,
nan,nan,nan,nan,nan,nan,nan,nan,nan,nan,nan,nan,nan,nan,nan,nan,nan,0.0,0.0,0.0,0.0,0.0,0.0,0.0,0.0,6.0,0.0,0.0,0.0,0.0,0.0,0.0,0.0,6.0,nan,nan,nan,,nan,nan,nan,nan,nan,nan,nan,,,,nan,nan,nan,nan,nan,nan,nan,nan,nan,nan,nan,nan,,nan,nan,,,nan,nan,nan,nan,nan,nan,nan,nan,nan,nan,nan,nan,nan,nan,nan,nan,nan,nan,nan,nan,nan,nan,nan,nan,,nan,nan,nan,,nan,,,,
nan,nan,nan,nan,nan,nan,nan,nan,nan,nan,nan,nan,nan,nan,nan,nan,nan,0.0,0.0,0.0,0.0,0.0,0.0,0.0,0.0,11.0,0.0,0.0,0.0,0.0,0.0,0.0,0.0,11.0,nan,nan,nan,,nan,nan,nan,nan,nan,nan,nan,,,,nan,nan,nan,nan,nan,nan,nan,nan,nan,nan,nan,nan,,nan,nan,,,nan,nan,nan,nan,nan,nan,nan,nan,nan,nan,nan,nan,nan,nan,nan,nan,nan,nan,nan,nan,nan,nan,nan,nan,,nan,nan,nan,,nan,,,,
nan,nan,nan,nan,nan,nan,nan,nan,nan,nan,nan,nan,nan,nan,nan,nan,nan,0.0,0.0,0.0,0.0,0.0,0.0,0.0,0.0,18.0,0.0,0.0,0.0,0.0,0.0,0.0,0.0,18.0,nan,nan,nan,,nan,nan,nan,nan,nan,nan,nan,,,,nan,nan,nan,nan,nan,nan,nan,nan,nan,nan,nan,nan,,nan,nan,,,nan,nan,nan,nan,nan,nan,nan,nan,nan,nan,nan,nan,nan,nan,nan,nan,nan,nan,nan,nan,nan,nan,nan,nan,,nan,nan,nan,,nan,,,,
nan,nan,nan,nan,nan,nan,nan,nan,nan,nan,nan,nan,nan,nan,nan,nan,nan,0.0,0.0,0.0,0.0,0.0,0.0,0.0,0.0,7.0,0.0,0.0,0.0,0.0,0.0,0.0,0.0,7.0,nan,nan,nan,,nan,nan,nan,nan,nan,nan,nan,,,,nan,nan,nan,nan,nan,nan,nan,nan,nan,nan,nan,nan,,nan,nan,,,nan,nan,nan,nan,nan,nan,nan,nan,nan,nan,nan,nan,nan,nan,nan,nan,nan,nan,nan,nan,nan,nan,nan,nan,,nan,nan,nan,,nan,,,,
nan,nan,nan,nan,nan,nan,nan,nan,nan,nan,nan,nan,nan,nan,nan,nan,nan,0.0,0.0,0.0,0.0,0.0,0.0,0.0,0.0,10.0,0.0,0.0,0.0,0.0,0.0,0.0,0.0,10.0,nan,nan,nan,,nan,nan,nan,nan,nan,nan,nan,,,,nan,nan,nan,nan,nan,nan,nan,nan,nan,nan,nan,nan,,nan,nan,,,nan,nan,nan,nan,nan,nan,nan,nan,nan,nan,nan,nan,nan,nan,nan,nan,nan,nan,nan,nan,nan,nan,nan,nan,,nan,nan,nan,,nan,,,,
nan,nan,nan,nan,nan,nan,nan,nan,nan,nan,nan,nan,nan,nan,nan,nan,nan,0.0,0.0,0.0,0.0,0.0,0.0,0.0,0.0,9.0,0.0,0.0,0.0,0.0,0.0,0.0,0.0,9.0,nan,nan,nan,,nan,nan,nan,nan,nan,nan,nan,,,,nan,nan,nan,nan,nan,nan,nan,nan,nan,nan,nan,nan,,nan,nan,,,nan,nan,nan,nan,nan,nan,nan,nan,nan,nan,nan,nan,nan,nan,nan,nan,nan,nan,nan,nan,nan,nan,nan,nan,,nan,nan,nan,,nan,,,,
nan,nan,nan,nan,nan,nan,nan,nan,nan,nan,nan,nan,nan,nan,nan,nan,nan,0.0,0.0,0.0,0.0,0.0,0.0,0.0,0.0,20.0,0.0,0.0,0.0,0.0,0.0,0.0,0.0,20.0,nan,nan,nan,,nan,nan,nan,nan,nan,nan,nan,,,,nan,nan,nan,nan,nan,nan,nan,nan,nan,nan,nan,nan,,nan,nan,,,nan,nan,nan,nan,nan,nan,nan,nan,nan,nan,nan,nan,nan,nan,nan,nan,nan,nan,nan,nan,nan,nan,nan,nan,,nan,nan,nan,,nan,,,,
nan,nan,nan,nan,nan,nan,nan,nan,nan,nan,nan,nan,nan,nan,nan,nan,nan,0.0,0.0,0.0,0.0,0.0,0.0,0.0,0.0,7.0,0.0,0.0,0.0,0.0,0.0,0.0,0.0,7.0,nan,nan,nan,,nan,nan,nan,nan,nan,nan,nan,,,,nan,nan,nan,nan,nan,nan,nan,nan,nan,nan,nan,nan,,nan,nan,,,nan,nan,nan,nan,nan,nan,nan,nan,nan,nan,nan,nan,nan,nan,nan,nan,nan,nan,nan,nan,nan,nan,nan,nan,,nan,nan,nan,,nan,,,,
nan,nan,nan,nan,nan,nan,nan,nan,nan,nan,nan,nan,nan,nan,nan,nan,nan,0.0,0.0,0.0,0.0,0.0,0.0,0.0,0.0,9.0,0.0,0.0,0.0,0.0,0.0,0.0,0.0,9.0,nan,nan,nan,,nan,nan,nan,nan,nan,nan,nan,,,,nan,nan,nan,nan,nan,nan,nan,nan,nan,nan,nan,nan,,nan,nan,,,nan,nan,nan,nan,nan,nan,nan,nan,nan,nan,nan,nan,nan,nan,nan,nan,nan,nan,nan,nan,nan,nan,nan,nan,,nan,nan,nan,,nan,,,,
nan,nan,nan,nan,nan,nan,nan,nan,nan,nan,nan,nan,nan,nan,nan,nan,nan,0.0,0.0,0.0,0.0,0.0,0.0,0.0,0.0,11.0,0.0,0.0,0.0,0.0,0.0,0.0,0.0,11.0,nan,nan,nan,,nan,nan,nan,nan,nan,nan,nan,,,,nan,nan,nan,nan,nan,nan,nan,nan,nan,nan,nan,nan,,nan,nan,,,nan,nan,nan,nan,nan,nan,nan,nan,nan,nan,nan,nan,nan,nan,nan,nan,nan,nan,nan,nan,nan,nan,nan,nan,,nan,nan,nan,,nan,,,,
nan,nan,nan,nan,nan,nan,nan,nan,nan,nan,nan,nan,nan,nan,nan,nan,nan,0.0,0.0,0.0,0.0,0.0,0.0,0.0,0.0,8.0,0.0,0.0,0.0,0.0,0.0,0.0,0.0,8.0,nan,nan,nan,,nan,nan,nan,nan,nan,nan,nan,,,,nan,nan,nan,nan,nan,nan,nan,nan,nan,nan,nan,nan,,nan,nan,,,nan,nan,nan,nan,nan,nan,nan,nan,nan,nan,nan,nan,nan,nan,nan,nan,nan,nan,nan,nan,nan,nan,nan,nan,,nan,nan,nan,,nan,,,,
nan,nan,nan,nan,nan,nan,nan,nan,nan,nan,nan,nan,nan,nan,nan,nan,nan,0.0,0.0,0.0,0.0,0.0,0.0,0.0,0.0,11.0,0.0,0.0,0.0,0.0,0.0,0.0,0.0,11.0,nan,nan,nan,,nan,nan,nan,nan,nan,nan,nan,,,,nan,nan,nan,nan,nan,nan,nan,nan,nan,nan,nan,nan,,nan,nan,,,nan,nan,nan,nan,nan,nan,nan,nan,nan,nan,nan,nan,nan,nan,nan,nan,nan,nan,nan,nan,nan,nan,nan,nan,,nan,nan,nan,,nan,,,,
nan,nan,nan,nan,nan,nan,nan,nan,nan,nan,nan,nan,nan,nan,nan,nan,nan,0.0,0.0,0.0,0.0,0.0,0.0,0.0,0.0,6.0,0.0,0.0,0.0,0.0,0.0,0.0,0.0,6.0,nan,nan,nan,,nan,nan,nan,nan,nan,nan,nan,,,,nan,nan,nan,nan,nan,nan,nan,nan,nan,nan,nan,nan,,nan,nan,,,nan,nan,nan,nan,nan,nan,nan,nan,nan,nan,nan,nan,nan,nan,nan,nan,nan,nan,nan,nan,nan,nan,nan,nan,,nan,nan,nan,,nan,,,,
nan,nan,nan,nan,nan,nan,nan,nan,nan,nan,nan,nan,nan,nan,nan,nan,nan,0.0,0.0,0.0,0.0,0.0,0.0,0.0,0.0,10.0,0.0,0.0,0.0,0.0,0.0,0.0,0.0,10.0,nan,nan,nan,,nan,nan,nan,nan,nan,nan,nan,,,,nan,nan,nan,nan,nan,nan,nan,nan,nan,nan,nan,nan,,nan,nan,,,nan,nan,nan,nan,nan,nan,nan,nan,nan,nan,nan,nan,nan,nan,nan,nan,nan,nan,nan,nan,nan,nan,nan,nan,,nan,nan,nan,,nan,,,,
nan,nan,nan,nan,nan,nan,nan,nan,nan,nan,nan,nan,nan,nan,nan,nan,nan,0.0,0.0,0.0,0.0,0.0,0.0,0.0,0.0,10.0,0.0,0.0,0.0,0.0,0.0,0.0,0.0,10.0,nan,nan,nan,,nan,nan,nan,nan,nan,nan,nan,,,,nan,nan,nan,nan,nan,nan,nan,nan,nan,nan,nan,nan,,nan,nan,,,nan,nan,nan,nan,nan,nan,nan,nan,nan,nan,nan,nan,nan,nan,nan,nan,nan,nan,nan,nan,nan,nan,nan,nan,,nan,nan,nan,,nan,,,,
nan,nan,nan,nan,nan,nan,nan,nan,nan,nan,nan,nan,nan,nan,nan,nan,nan,0.0,0.0,0.0,0.0,0.0,0.0,0.0,0.0,7.0,0.0,0.0,0.0,0.0,0.0,0.0,0.0,7.0,nan,nan,nan,,nan,nan,nan,nan,nan,nan,nan,,,,nan,nan,nan,nan,nan,nan,nan,nan,nan,nan,nan,nan,,nan,nan,,,nan,nan,nan,nan,nan,nan,nan,nan,nan,nan,nan,nan,nan,nan,nan,nan,nan,nan,nan,nan,nan,nan,nan,nan,,nan,nan,nan,,nan,,,,
nan,nan,nan,nan,nan,nan,nan,nan,nan,nan,nan,nan,nan,nan,nan,nan,nan,0.0,0.0,0.0,0.0,0.0,0.0,0.0,0.0,7.0,0.0,0.0,0.0,0.0,0.0,0.0,0.0,7.0,nan,nan,nan,,nan,nan,nan,nan,nan,nan,nan,,,,nan,nan,nan,nan,nan,nan,nan,nan,nan,nan,nan,nan,,nan,nan,,,nan,nan,nan,nan,nan,nan,nan,nan,nan,nan,nan,nan,nan,nan,nan,nan,nan,nan,nan,nan,nan,nan,nan,nan,,nan,nan,nan,,nan,,,,
nan,nan,nan,nan,nan,nan,nan,nan,nan,nan,nan,nan,nan,nan,nan,nan,nan,0.0,0.0,0.0,0.0,0.0,0.0,0.0,0.0,8.0,0.0,0.0,0.0,0.0,0.0,0.0,0.0,8.0,nan,nan,nan,,nan,nan,nan,nan,nan,nan,nan,,,,nan,nan,nan,nan,nan,nan,nan,nan,nan,nan,nan,nan,,nan,nan,,,nan,nan,nan,nan,nan,nan,nan,nan,nan,nan,nan,nan,nan,nan,nan,nan,nan,nan,nan,nan,nan,nan,nan,nan,,nan,nan,nan,,nan,,,,
nan,nan,nan,nan,nan,nan,nan,nan,nan,nan,nan,nan,nan,nan,nan,nan,nan,0.0,0.0,0.0,0.0,0.0,0.0,0.0,0.0,8.0,0.0,0.0,0.0,0.0,0.0,0.0,0.0,8.0,nan,nan,nan,,nan,nan,nan,nan,nan,nan,nan,,,,nan,nan,nan,nan,nan,nan,nan,nan,nan,nan,nan,nan,,nan,nan,,,nan,nan,nan,nan,nan,nan,nan,nan,nan,nan,nan,nan,nan,nan,nan,nan,nan,nan,nan,nan,nan,nan,nan,nan,,nan,nan,nan,,nan,,,,
nan,nan,nan,nan,nan,nan,nan,nan,nan,nan,nan,nan,nan,nan,nan,nan,nan,0.0,0.0,0.0,0.0,0.0,0.0,0.0,0.0,12.0,0.0,0.0,0.0,0.0,0.0,0.0,0.0,12.0,nan,nan,nan,,nan,nan,nan,nan,nan,nan,nan,,,,nan,nan,nan,nan,nan,nan,nan,nan,nan,nan,nan,nan,,nan,nan,,,nan,nan,nan,nan,nan,nan,nan,nan,nan,nan,nan,nan,nan,nan,nan,nan,nan,nan,nan,nan,nan,nan,nan,nan,,nan,nan,nan,,nan,,,,
nan,nan,nan,nan,nan,nan,nan,nan,nan,nan,nan,nan,nan,nan,nan,nan,nan,0.0,0.0,0.0,0.0,0.0,0.0,0.0,0.0,15.0,0.0,0.0,0.0,0.0,0.0,0.0,0.0,15.0,nan,nan,nan,,nan,nan,nan,nan,nan,nan,nan,,,,nan,nan,nan,nan,nan,nan,nan,nan,nan,nan,nan,nan,,nan,nan,,,nan,nan,nan,nan,nan,nan,nan,nan,nan,nan,nan,nan,nan,nan,nan,nan,nan,nan,nan,nan,nan,nan,nan,nan,,nan,nan,nan,,nan,,,,
nan,nan,nan,nan,nan,nan,nan,nan,nan,nan,nan,nan,nan,nan,nan,nan,nan,0.0,0.0,0.0,0.0,0.0,0.0,0.0,0.0,8.0,0.0,0.0,0.0,0.0,0.0,0.0,0.0,8.0,nan,nan,nan,,nan,nan,nan,nan,nan,nan,nan,,,,nan,nan,nan,nan,nan,nan,nan,nan,nan,nan,nan,nan,,nan,nan,,,nan,nan,nan,nan,nan,nan,nan,nan,nan,nan,nan,nan,nan,nan,nan,nan,nan,nan,nan,nan,nan,nan,nan,nan,,nan,nan,nan,,nan,,,,
nan,nan,nan,nan,nan,nan,nan,nan,nan,nan,nan,nan,nan,nan,nan,nan,nan,0.0,0.0,0.0,0.0,0.0,0.0,0.0,0.0,7.0,0.0,0.0,0.0,0.0,0.0,0.0,0.0,7.0,nan,nan,nan,,nan,nan,nan,nan,nan,nan,nan,,,,nan,nan,nan,nan,nan,nan,nan,nan,nan,nan,nan,nan,,nan,nan,,,nan,nan,nan,nan,nan,nan,nan,nan,nan,nan,nan,nan,nan,nan,nan,nan,nan,nan,nan,nan,nan,nan,nan,nan,,nan,nan,nan,,nan,,,,
nan,nan,nan,nan,nan,nan,nan,nan,nan,nan,nan,nan,nan,nan,nan,nan,nan,0.0,0.0,0.0,0.0,0.0,0.0,0.0,0.0,10.0,0.0,0.0,0.0,0.0,0.0,0.0,0.0,10.0,nan,nan,nan,,nan,nan,nan,nan,nan,nan,nan,,,,nan,nan,nan,nan,nan,nan,nan,nan,nan,nan,nan,nan,,nan,nan,,,nan,nan,nan,nan,nan,nan,nan,nan,nan,nan,nan,nan,nan,nan,nan,nan,nan,nan,nan,nan,nan,nan,nan,nan,,nan,nan,nan,,nan,,,,
nan,nan,nan,nan,nan,nan,nan,nan,nan,nan,nan,nan,nan,nan,nan,nan,nan,0.0,0.0,0.0,0.0,0.0,0.0,0.0,0.0,8.0,0.0,0.0,0.0,0.0,0.0,0.0,0.0,8.0,nan,nan,nan,,nan,nan,nan,nan,nan,nan,nan,,,,nan,nan,nan,nan,nan,nan,nan,nan,nan,nan,nan,nan,,nan,nan,,,nan,nan,nan,nan,nan,nan,nan,nan,nan,nan,nan,nan,nan,nan,nan,nan,nan,nan,nan,nan,nan,nan,nan,nan,,nan,nan,nan,,nan,,,,
nan,nan,nan,nan,nan,nan,nan,nan,nan,nan,nan,nan,nan,nan,nan,nan,nan,0.0,0.0,0.0,0.0,0.0,0.0,0.0,0.0,9.0,0.0,0.0,0.0,0.0,0.0,0.0,0.0,9.0,nan,nan,nan,,nan,nan,nan,nan,nan,nan,nan,,,,nan,nan,nan,nan,nan,nan,nan,nan,nan,nan,nan,nan,,nan,nan,,,nan,nan,nan,nan,nan,nan,nan,nan,nan,nan,nan,nan,nan,nan,nan,nan,nan,nan,nan,nan,nan,nan,nan,nan,,nan,nan,nan,,nan,,,,
nan,nan,nan,nan,nan,nan,nan,nan,nan,nan,nan,nan,nan,nan,nan,nan,nan,0.0,0.0,0.0,0.0,0.0,0.0,0.0,0.0,8.0,0.0,0.0,0.0,0.0,0.0,0.0,0.0,8.0,nan,nan,nan,,nan,nan,nan,nan,nan,nan,nan,,,,nan,nan,nan,nan,nan,nan,nan,nan,nan,nan,nan,nan,,nan,nan,,,nan,nan,nan,nan,nan,nan,nan,nan,nan,nan,nan,nan,nan,nan,nan,nan,nan,nan,nan,nan,nan,nan,nan,nan,,nan,nan,nan,,nan,,,,
nan,nan,nan,nan,nan,nan,nan,nan,nan,nan,nan,nan,nan,nan,nan,nan,nan,0.0,0.0,0.0,0.0,0.0,0.0,0.0,0.0,17.0,0.0,0.0,0.0,0.0,0.0,0.0,0.0,17.0,nan,nan,nan,,nan,nan,nan,nan,nan,nan,nan,,,,nan,nan,nan,nan,nan,nan,nan,nan,nan,nan,nan,nan,,nan,nan,,,nan,nan,nan,nan,nan,nan,nan,nan,nan,nan,nan,nan,nan,nan,nan,nan,nan,nan,nan,nan,nan,nan,nan,nan,,nan,nan,nan,,nan,,,,
nan,nan,nan,nan,nan,nan,nan,nan,nan,nan,nan,nan,nan,nan,nan,nan,nan,0.0,0.0,0.0,0.0,0.0,0.0,0.0,0.0,10.0,0.0,0.0,0.0,0.0,0.0,0.0,0.0,10.0,nan,nan,nan,,nan,nan,nan,nan,nan,nan,nan,,,,nan,nan,nan,nan,nan,nan,nan,nan,nan,nan,nan,nan,,nan,nan,,,nan,nan,nan,nan,nan,nan,nan,nan,nan,nan,nan,nan,nan,nan,nan,nan,nan,nan,nan,nan,nan,nan,nan,nan,,nan,nan,nan,,nan,,,,
nan,nan,nan,nan,nan,nan,nan,nan,nan,nan,nan,nan,nan,nan,nan,nan,nan,0.0,0.0,0.0,0.0,0.0,0.0,0.0,0.0,4.0,0.0,0.0,0.0,0.0,0.0,0.0,0.0,4.0,nan,nan,nan,,nan,nan,nan,nan,nan,nan,nan,,,,nan,nan,nan,nan,nan,nan,nan,nan,nan,nan,nan,nan,,nan,nan,,,nan,nan,nan,nan,nan,nan,nan,nan,nan,nan,nan,nan,nan,nan,nan,nan,nan,nan,nan,nan,nan,nan,nan,nan,,nan,nan,nan,,nan,,,,
nan,nan,nan,nan,nan,nan,nan,nan,nan,nan,nan,nan,nan,nan,nan,nan,nan,0.0,0.0,0.0,0.0,0.0,0.0,0.0,0.0,9.0,0.0,0.0,0.0,0.0,0.0,0.0,0.0,9.0,nan,nan,nan,,nan,nan,nan,nan,nan,nan,nan,,,,nan,nan,nan,nan,nan,nan,nan,nan,nan,nan,nan,nan,,nan,nan,,,nan,nan,nan,nan,nan,nan,nan,nan,nan,nan,nan,nan,nan,nan,nan,nan,nan,nan,nan,nan,nan,nan,nan,nan,,nan,nan,nan,,nan,,,,
nan,nan,nan,nan,nan,nan,nan,nan,nan,nan,nan,nan,nan,nan,nan,nan,nan,0.0,0.0,0.0,0.0,0.0,0.0,0.0,0.0,6.0,0.0,0.0,0.0,0.0,0.0,0.0,0.0,6.0,nan,nan,nan,,nan,nan,nan,nan,nan,nan,nan,,,,nan,nan,nan,nan,nan,nan,nan,nan,nan,nan,nan,nan,,nan,nan,,,nan,nan,nan,nan,nan,nan,nan,nan,nan,nan,nan,nan,nan,nan,nan,nan,nan,nan,nan,nan,nan,nan,nan,nan,,nan,nan,nan,,nan,,,,
nan,nan,nan,nan,nan,nan,nan,nan,nan,nan,nan,nan,nan,nan,nan,nan,nan,0.0,0.0,0.0,0.0,0.0,0.0,0.0,0.0,7.0,0.0,0.0,0.0,0.0,0.0,0.0,0.0,7.0,nan,nan,nan,,nan,nan,nan,nan,nan,nan,nan,,,,nan,nan,nan,nan,nan,nan,nan,nan,nan,nan,nan,nan,,nan,nan,,,nan,nan,nan,nan,nan,nan,nan,nan,nan,nan,nan,nan,nan,nan,nan,nan,nan,nan,nan,nan,nan,nan,nan,nan,,nan,nan,nan,,nan,,,,
nan,nan,nan,nan,nan,nan,nan,nan,nan,nan,nan,nan,nan,nan,nan,nan,nan,0.0,0.0,0.0,0.0,0.0,0.0,0.0,0.0,10.0,0.0,0.0,0.0,0.0,0.0,0.0,0.0,10.0,nan,nan,nan,,nan,nan,nan,nan,nan,nan,nan,,,,nan,nan,nan,nan,nan,nan,nan,nan,nan,nan,nan,nan,,nan,nan,,,nan,nan,nan,nan,nan,nan,nan,nan,nan,nan,nan,nan,nan,nan,nan,nan,nan,nan,nan,nan,nan,nan,nan,nan,,nan,nan,nan,,nan,,,,
nan,nan,nan,nan,nan,nan,nan,nan,nan,nan,nan,nan,nan,nan,nan,nan,nan,0.0,0.0,0.0,0.0,0.0,0.0,0.0,0.0,11.0,0.0,0.0,0.0,0.0,0.0,0.0,0.0,11.0,nan,nan,nan,,nan,nan,nan,nan,nan,nan,nan,,,,nan,nan,nan,nan,nan,nan,nan,nan,nan,nan,nan,nan,,nan,nan,,,nan,nan,nan,nan,nan,nan,nan,nan,nan,nan,nan,nan,nan,nan,nan,nan,nan,nan,nan,nan,nan,nan,nan,nan,,nan,nan,nan,,nan,,,,
nan,nan,nan,nan,nan,nan,nan,nan,nan,nan,nan,nan,nan,nan,nan,nan,nan,0.0,0.0,0.0,0.0,0.0,0.0,0.0,0.0,4.0,0.0,0.0,0.0,0.0,0.0,0.0,0.0,4.0,nan,nan,nan,,nan,nan,nan,nan,nan,nan,nan,,,,nan,nan,nan,nan,nan,nan,nan,nan,nan,nan,nan,nan,,nan,nan,,,nan,nan,nan,nan,nan,nan,nan,nan,nan,nan,nan,nan,nan,nan,nan,nan,nan,nan,nan,nan,nan,nan,nan,nan,,nan,nan,nan,,nan,,,,
nan,nan,nan,nan,nan,nan,nan,nan,nan,nan,nan,nan,nan,nan,nan,nan,nan,0.0,0.0,0.0,0.0,0.0,0.0,0.0,0.0,14.0,0.0,0.0,0.0,0.0,0.0,0.0,0.0,14.0,nan,nan,nan,,nan,nan,nan,nan,nan,nan,nan,,,,nan,nan,nan,nan,nan,nan,nan,nan,nan,nan,nan,nan,,nan,nan,,,nan,nan,nan,nan,nan,nan,nan,nan,nan,nan,nan,nan,nan,nan,nan,nan,nan,nan,nan,nan,nan,nan,nan,nan,,nan,nan,nan,,nan,,,,
nan,nan,nan,nan,nan,nan,nan,nan,nan,nan,nan,nan,nan,nan,nan,nan,nan,0.0,0.0,0.0,0.0,0.0,0.0,0.0,0.0,6.0,0.0,0.0,0.0,0.0,0.0,0.0,0.0,6.0,nan,nan,nan,,nan,nan,nan,nan,nan,nan,nan,,,,nan,nan,nan,nan,nan,nan,nan,nan,nan,nan,nan,nan,,nan,nan,,,nan,nan,nan,nan,nan,nan,nan,nan,nan,nan,nan,nan,nan,nan,nan,nan,nan,nan,nan,nan,nan,nan,nan,nan,,nan,nan,nan,,nan,,,,
nan,nan,nan,nan,nan,nan,nan,nan,nan,nan,nan,nan,nan,nan,nan,nan,nan,0.0,0.0,0.0,0.0,0.0,0.0,0.0,0.0,6.0,0.0,0.0,0.0,0.0,0.0,0.0,0.0,6.0,nan,nan,nan,,nan,nan,nan,nan,nan,nan,nan,,,,nan,nan,nan,nan,nan,nan,nan,nan,nan,nan,nan,nan,,nan,nan,,,nan,nan,nan,nan,nan,nan,nan,nan,nan,nan,nan,nan,nan,nan,nan,nan,nan,nan,nan,nan,nan,nan,nan,nan,,nan,nan,nan,,nan,,,,
nan,nan,nan,nan,nan,nan,nan,nan,nan,nan,nan,nan,nan,nan,nan,nan,nan,0.0,0.0,0.0,0.0,0.0,0.0,0.0,0.0,9.0,0.0,0.0,0.0,0.0,0.0,0.0,0.0,9.0,nan,nan,nan,,nan,nan,nan,nan,nan,nan,nan,,,,nan,nan,nan,nan,nan,nan,nan,nan,nan,nan,nan,nan,,nan,nan,,,nan,nan,nan,nan,nan,nan,nan,nan,nan,nan,nan,nan,nan,nan,nan,nan,nan,nan,nan,nan,nan,nan,nan,nan,,nan,nan,nan,,nan,,,,
nan,nan,nan,nan,nan,nan,nan,nan,nan,nan,nan,nan,nan,nan,nan,nan,nan,0.0,0.0,0.0,0.0,0.0,0.0,0.0,0.0,3.0,0.0,0.0,0.0,0.0,0.0,0.0,0.0,3.0,nan,nan,nan,,nan,nan,nan,nan,nan,nan,nan,,,,nan,nan,nan,nan,nan,nan,nan,nan,nan,nan,nan,nan,,nan,nan,,,nan,nan,nan,nan,nan,nan,nan,nan,nan,nan,nan,nan,nan,nan,nan,nan,nan,nan,nan,nan,nan,nan,nan,nan,,nan,nan,nan,,nan,,,,
nan,nan,nan,nan,nan,nan,nan,nan,nan,nan,nan,nan,nan,nan,nan,nan,nan,0.0,0.0,0.0,0.0,0.0,0.0,0.0,0.0,9.0,0.0,0.0,0.0,0.0,0.0,0.0,0.0,9.0,nan,nan,nan,,nan,nan,nan,nan,nan,nan,nan,,,,nan,nan,nan,nan,nan,nan,nan,nan,nan,nan,nan,nan,,nan,nan,,,nan,nan,nan,nan,nan,nan,nan,nan,nan,nan,nan,nan,nan,nan,nan,nan,nan,nan,nan,nan,nan,nan,nan,nan,,nan,nan,nan,,nan,,,,
nan,nan,nan,nan,nan,nan,nan,nan,nan,nan,nan,nan,nan,nan,nan,nan,nan,0.0,0.0,0.0,0.0,0.0,0.0,0.0,0.0,10.0,0.0,0.0,0.0,0.0,0.0,0.0,0.0,10.0,nan,nan,nan,,nan,nan,nan,nan,nan,nan,nan,,,,nan,nan,nan,nan,nan,nan,nan,nan,nan,nan,nan,nan,,nan,nan,,,nan,nan,nan,nan,nan,nan,nan,nan,nan,nan,nan,nan,nan,nan,nan,nan,nan,nan,nan,nan,nan,nan,nan,nan,,nan,nan,nan,,nan,,,,
nan,nan,nan,nan,nan,nan,nan,nan,nan,nan,nan,nan,nan,nan,nan,nan,nan,0.0,0.0,0.0,0.0,0.0,0.0,0.0,0.0,6.0,0.0,0.0,0.0,0.0,0.0,0.0,0.0,6.0,nan,nan,nan,,nan,nan,nan,nan,nan,nan,nan,,,,nan,nan,nan,nan,nan,nan,nan,nan,nan,nan,nan,nan,,nan,nan,,,nan,nan,nan,nan,nan,nan,nan,nan,nan,nan,nan,nan,nan,nan,nan,nan,nan,nan,nan,nan,nan,nan,nan,nan,,nan,nan,nan,,nan,,,,
nan,nan,nan,nan,nan,nan,nan,nan,nan,nan,nan,nan,nan,nan,nan,nan,nan,0.0,0.0,0.0,0.0,0.0,0.0,0.0,0.0,7.0,0.0,0.0,0.0,0.0,0.0,0.0,0.0,7.0,nan,nan,nan,,nan,nan,nan,nan,nan,nan,nan,,,,nan,nan,nan,nan,nan,nan,nan,nan,nan,nan,nan,nan,,nan,nan,,,nan,nan,nan,nan,nan,nan,nan,nan,nan,nan,nan,nan,nan,nan,nan,nan,nan,nan,nan,nan,nan,nan,nan,nan,,nan,nan,nan,,nan,,,,
nan,nan,nan,nan,nan,nan,nan,nan,nan,nan,nan,nan,nan,nan,nan,nan,nan,0.0,0.0,0.0,0.0,0.0,0.0,0.0,0.0,4.0,0.0,0.0,0.0,0.0,0.0,0.0,0.0,4.0,nan,nan,nan,,nan,nan,nan,nan,nan,nan,nan,,,,nan,nan,nan,nan,nan,nan,nan,nan,nan,nan,nan,nan,,nan,nan,,,nan,nan,nan,nan,nan,nan,nan,nan,nan,nan,nan,nan,nan,nan,nan,nan,nan,nan,nan,nan,nan,nan,nan,nan,,nan,nan,nan,,nan,,,,
nan,nan,nan,nan,nan,nan,nan,nan,nan,nan,nan,nan,nan,nan,nan,nan,nan,0.0,0.0,0.0,0.0,0.0,0.0,0.0,0.0,6.0,0.0,0.0,0.0,0.0,0.0,0.0,0.0,6.0,nan,nan,nan,,nan,nan,nan,nan,nan,nan,nan,,,,nan,nan,nan,nan,nan,nan,nan,nan,nan,nan,nan,nan,,nan,nan,,,nan,nan,nan,nan,nan,nan,nan,nan,nan,nan,nan,nan,nan,nan,nan,nan,nan,nan,nan,nan,nan,nan,nan,nan,,nan,nan,nan,,nan,,,,
nan,nan,nan,nan,nan,nan,nan,nan,nan,nan,nan,nan,nan,nan,nan,nan,nan,0.0,0.0,0.0,0.0,0.0,0.0,0.0,0.0,5.0,0.0,0.0,0.0,0.0,0.0,0.0,0.0,5.0,nan,nan,nan,,nan,nan,nan,nan,nan,nan,nan,,,,nan,nan,nan,nan,nan,nan,nan,nan,nan,nan,nan,nan,,nan,nan,,,nan,nan,nan,nan,nan,nan,nan,nan,nan,nan,nan,nan,nan,nan,nan,nan,nan,nan,nan,nan,nan,nan,nan,nan,,nan,nan,nan,,nan,,,,
nan,nan,nan,nan,nan,nan,nan,nan,nan,nan,nan,nan,nan,nan,nan,nan,nan,0.0,0.0,0.0,0.0,0.0,0.0,0.0,0.0,6.0,0.0,0.0,0.0,0.0,0.0,0.0,0.0,6.0,nan,nan,nan,,nan,nan,nan,nan,nan,nan,nan,,,,nan,nan,nan,nan,nan,nan,nan,nan,nan,nan,nan,nan,,nan,nan,,,nan,nan,nan,nan,nan,nan,nan,nan,nan,nan,nan,nan,nan,nan,nan,nan,nan,nan,nan,nan,nan,nan,nan,nan,,nan,nan,nan,,nan,,,,
nan,nan,nan,nan,nan,nan,nan,nan,nan,nan,nan,nan,nan,nan,nan,nan,nan,0.0,0.0,0.0,0.0,0.0,0.0,0.0,0.0,5.0,0.0,0.0,0.0,0.0,0.0,0.0,0.0,5.0,nan,nan,nan,,nan,nan,nan,nan,nan,nan,nan,,,,nan,nan,nan,nan,nan,nan,nan,nan,nan,nan,nan,nan,,nan,nan,,,nan,nan,nan,nan,nan,nan,nan,nan,nan,nan,nan,nan,nan,nan,nan,nan,nan,nan,nan,nan,nan,nan,nan,nan,,nan,nan,nan,,nan,,,,
nan,nan,nan,nan,nan,nan,nan,nan,nan,nan,nan,nan,nan,nan,nan,nan,nan,0.0,0.0,0.0,0.0,0.0,0.0,0.0,0.0,6.0,0.0,0.0,0.0,0.0,0.0,0.0,0.0,6.0,nan,nan,nan,,nan,nan,nan,nan,nan,nan,nan,,,,nan,nan,nan,nan,nan,nan,nan,nan,nan,nan,nan,nan,,nan,nan,,,nan,nan,nan,nan,nan,nan,nan,nan,nan,nan,nan,nan,nan,nan,nan,nan,nan,nan,nan,nan,nan,nan,nan,nan,,nan,nan,nan,,nan,,,,
nan,nan,nan,nan,nan,nan,nan,nan,nan,nan,nan,nan,nan,nan,nan,nan,nan,0.0,0.0,0.0,0.0,0.0,0.0,0.0,0.0,8.0,0.0,0.0,0.0,0.0,0.0,0.0,0.0,8.0,nan,nan,nan,,nan,nan,nan,nan,nan,nan,nan,,,,nan,nan,nan,nan,nan,nan,nan,nan,nan,nan,nan,nan,,nan,nan,,,nan,nan,nan,nan,nan,nan,nan,nan,nan,nan,nan,nan,nan,nan,nan,nan,nan,nan,nan,nan,nan,nan,nan,nan,,nan,nan,nan,,nan,,,,
nan,nan,nan,nan,nan,nan,nan,nan,nan,nan,nan,nan,nan,nan,nan,nan,nan,0.0,0.0,0.0,0.0,0.0,0.0,0.0,0.0,6.0,0.0,0.0,0.0,0.0,0.0,0.0,0.0,6.0,nan,nan,nan,,nan,nan,nan,nan,nan,nan,nan,,,,nan,nan,nan,nan,nan,nan,nan,nan,nan,nan,nan,nan,,nan,nan,,,nan,nan,nan,nan,nan,nan,nan,nan,nan,nan,nan,nan,nan,nan,nan,nan,nan,nan,nan,nan,nan,nan,nan,nan,,nan,nan,nan,,nan,,,,
nan,nan,nan,nan,nan,nan,nan,nan,nan,nan,nan,nan,nan,nan,nan,nan,nan,0.0,0.0,0.0,0.0,0.0,0.0,0.0,0.0,6.0,0.0,0.0,0.0,0.0,0.0,0.0,0.0,6.0,nan,nan,nan,,nan,nan,nan,nan,nan,nan,nan,,,,nan,nan,nan,nan,nan,nan,nan,nan,nan,nan,nan,nan,,nan,nan,,,nan,nan,nan,nan,nan,nan,nan,nan,nan,nan,nan,nan,nan,nan,nan,nan,nan,nan,nan,nan,nan,nan,nan,nan,,nan,nan,nan,,nan,,,,
nan,nan,nan,nan,nan,nan,nan,nan,nan,nan,nan,nan,nan,nan,nan,nan,nan,0.0,0.0,0.0,0.0,0.0,0.0,0.0,0.0,8.0,0.0,0.0,0.0,0.0,0.0,0.0,0.0,8.0,nan,nan,nan,,nan,nan,nan,nan,nan,nan,nan,,,,nan,nan,nan,nan,nan,nan,nan,nan,nan,nan,nan,nan,,nan,nan,,,nan,nan,nan,nan,nan,nan,nan,nan,nan,nan,nan,nan,nan,nan,nan,nan,nan,nan,nan,nan,nan,nan,nan,nan,,nan,nan,nan,,nan,,,,
nan,nan,nan,nan,nan,nan,nan,nan,nan,nan,nan,nan,nan,nan,nan,nan,nan,0.0,0.0,0.0,0.0,0.0,0.0,0.0,0.0,11.0,0.0,0.0,0.0,0.0,0.0,0.0,0.0,11.0,nan,nan,nan,,nan,nan,nan,nan,nan,nan,nan,,,,nan,nan,nan,nan,nan,nan,nan,nan,nan,nan,nan,nan,,nan,nan,,,nan,nan,nan,nan,nan,nan,nan,nan,nan,nan,nan,nan,nan,nan,nan,nan,nan,nan,nan,nan,nan,nan,nan,nan,,nan,nan,nan,,nan,,,,
nan,nan,nan,nan,nan,nan,nan,nan,nan,nan,nan,nan,nan,nan,nan,nan,nan,0.0,0.0,0.0,0.0,0.0,0.0,0.0,0.0,7.0,0.0,0.0,0.0,0.0,0.0,0.0,0.0,7.0,nan,nan,nan,,nan,nan,nan,nan,nan,nan,nan,,,,nan,nan,nan,nan,nan,nan,nan,nan,nan,nan,nan,nan,,nan,nan,,,nan,nan,nan,nan,nan,nan,nan,nan,nan,nan,nan,nan,nan,nan,nan,nan,nan,nan,nan,nan,nan,nan,nan,nan,,nan,nan,nan,,nan,,,,
nan,nan,nan,nan,nan,nan,nan,nan,nan,nan,nan,nan,nan,nan,nan,nan,nan,0.0,0.0,0.0,0.0,0.0,0.0,0.0,0.0,2.0,0.0,0.0,0.0,0.0,0.0,0.0,0.0,2.0,nan,nan,nan,,nan,nan,nan,nan,nan,nan,nan,,,,nan,nan,nan,nan,nan,nan,nan,nan,nan,nan,nan,nan,,nan,nan,,,nan,nan,nan,nan,nan,nan,nan,nan,nan,nan,nan,nan,nan,nan,nan,nan,nan,nan,nan,nan,nan,nan,nan,nan,,nan,nan,nan,,nan,,,,
nan,nan,nan,nan,nan,nan,nan,nan,nan,nan,nan,nan,nan,nan,nan,nan,nan,0.0,0.0,0.0,0.0,0.0,0.0,0.0,0.0,10.0,0.0,0.0,0.0,0.0,0.0,0.0,0.0,10.0,nan,nan,nan,,nan,nan,nan,nan,nan,nan,nan,,,,nan,nan,nan,nan,nan,nan,nan,nan,nan,nan,nan,nan,,nan,nan,,,nan,nan,nan,nan,nan,nan,nan,nan,nan,nan,nan,nan,nan,nan,nan,nan,nan,nan,nan,nan,nan,nan,nan,nan,,nan,nan,nan,,nan,,,,
nan,nan,nan,nan,nan,nan,nan,nan,nan,nan,nan,nan,nan,nan,nan,nan,nan,0.0,0.0,0.0,0.0,0.0,0.0,0.0,0.0,6.0,0.0,0.0,0.0,0.0,0.0,0.0,0.0,6.0,nan,nan,nan,,nan,nan,nan,nan,nan,nan,nan,,,,nan,nan,nan,nan,nan,nan,nan,nan,nan,nan,nan,nan,,nan,nan,,,nan,nan,nan,nan,nan,nan,nan,nan,nan,nan,nan,nan,nan,nan,nan,nan,nan,nan,nan,nan,nan,nan,nan,nan,,nan,nan,nan,,nan,,,,
nan,nan,nan,nan,nan,nan,nan,nan,nan,nan,nan,nan,nan,nan,nan,nan,nan,0.0,0.0,0.0,0.0,0.0,0.0,0.0,0.0,6.0,0.0,0.0,0.0,0.0,0.0,0.0,0.0,6.0,nan,nan,nan,,nan,nan,nan,nan,nan,nan,nan,,,,nan,nan,nan,nan,nan,nan,nan,nan,nan,nan,nan,nan,,nan,nan,,,nan,nan,nan,nan,nan,nan,nan,nan,nan,nan,nan,nan,nan,nan,nan,nan,nan,nan,nan,nan,nan,nan,nan,nan,,nan,nan,nan,,nan,,,,
nan,nan,nan,nan,nan,nan,nan,nan,nan,nan,nan,nan,nan,nan,nan,nan,nan,0.0,0.0,0.0,0.0,0.0,0.0,0.0,0.0,6.0,0.0,0.0,0.0,0.0,0.0,0.0,0.0,6.0,nan,nan,nan,,nan,nan,nan,nan,nan,nan,nan,,,,nan,nan,nan,nan,nan,nan,nan,nan,nan,nan,nan,nan,,nan,nan,,,nan,nan,nan,nan,nan,nan,nan,nan,nan,nan,nan,nan,nan,nan,nan,nan,nan,nan,nan,nan,nan,nan,nan,nan,,nan,nan,nan,,nan,,,,
nan,nan,nan,nan,nan,nan,nan,nan,nan,nan,nan,nan,nan,nan,nan,nan,nan,0.0,0.0,0.0,0.0,0.0,0.0,0.0,0.0,8.0,0.0,0.0,0.0,0.0,0.0,0.0,0.0,8.0,nan,nan,nan,,nan,nan,nan,nan,nan,nan,nan,,,,nan,nan,nan,nan,nan,nan,nan,nan,nan,nan,nan,nan,,nan,nan,,,nan,nan,nan,nan,nan,nan,nan,nan,nan,nan,nan,nan,nan,nan,nan,nan,nan,nan,nan,nan,nan,nan,nan,nan,,nan,nan,nan,,nan,,,,
nan,nan,nan,nan,nan,nan,nan,nan,nan,nan,nan,nan,nan,nan,nan,nan,nan,0.0,0.0,0.0,0.0,0.0,0.0,0.0,0.0,5.0,0.0,0.0,0.0,0.0,0.0,0.0,0.0,5.0,nan,nan,nan,,nan,nan,nan,nan,nan,nan,nan,,,,nan,nan,nan,nan,nan,nan,nan,nan,nan,nan,nan,nan,,nan,nan,,,nan,nan,nan,nan,nan,nan,nan,nan,nan,nan,nan,nan,nan,nan,nan,nan,nan,nan,nan,nan,nan,nan,nan,nan,,nan,nan,nan,,nan,,,,
nan,nan,nan,nan,nan,nan,nan,nan,nan,nan,nan,nan,nan,nan,nan,nan,nan,0.0,0.0,0.0,0.0,0.0,0.0,0.0,0.0,7.0,0.0,0.0,0.0,0.0,0.0,0.0,0.0,7.0,nan,nan,nan,,nan,nan,nan,nan,nan,nan,nan,,,,nan,nan,nan,nan,nan,nan,nan,nan,nan,nan,nan,nan,,nan,nan,,,nan,nan,nan,nan,nan,nan,nan,nan,nan,nan,nan,nan,nan,nan,nan,nan,nan,nan,nan,nan,nan,nan,nan,nan,,nan,nan,nan,,nan,,,,
nan,nan,nan,nan,nan,nan,nan,nan,nan,nan,nan,nan,nan,nan,nan,nan,nan,0.0,0.0,0.0,0.0,0.0,0.0,0.0,0.0,3.0,0.0,0.0,0.0,0.0,0.0,0.0,0.0,3.0,nan,nan,nan,,nan,nan,nan,nan,nan,nan,nan,,,,nan,nan,nan,nan,nan,nan,nan,nan,nan,nan,nan,nan,,nan,nan,,,nan,nan,nan,nan,nan,nan,nan,nan,nan,nan,nan,nan,nan,nan,nan,nan,nan,nan,nan,nan,nan,nan,nan,nan,,nan,nan,nan,,nan,,,,
nan,nan,nan,nan,nan,nan,nan,nan,nan,nan,nan,nan,nan,nan,nan,nan,nan,0.0,0.0,0.0,0.0,0.0,0.0,0.0,0.0,5.0,0.0,0.0,0.0,0.0,0.0,0.0,0.0,5.0,nan,nan,nan,,nan,nan,nan,nan,nan,nan,nan,,,,nan,nan,nan,nan,nan,nan,nan,nan,nan,nan,nan,nan,,nan,nan,,,nan,nan,nan,nan,nan,nan,nan,nan,nan,nan,nan,nan,nan,nan,nan,nan,nan,nan,nan,nan,nan,nan,nan,nan,,nan,nan,nan,,nan,,,,
nan,nan,nan,nan,nan,nan,nan,nan,nan,nan,nan,nan,nan,nan,nan,nan,nan,0.0,0.0,0.0,0.0,0.0,0.0,0.0,0.0,5.0,0.0,0.0,0.0,0.0,0.0,0.0,0.0,5.0,nan,nan,nan,,nan,nan,nan,nan,nan,nan,nan,,,,nan,nan,nan,nan,nan,nan,nan,nan,nan,nan,nan,nan,,nan,nan,,,nan,nan,nan,nan,nan,nan,nan,nan,nan,nan,nan,nan,nan,nan,nan,nan,nan,nan,nan,nan,nan,nan,nan,nan,,nan,nan,nan,,nan,,,,
nan,nan,nan,nan,nan,nan,nan,nan,nan,nan,nan,nan,nan,nan,nan,nan,nan,0.0,0.0,0.0,0.0,0.0,0.0,0.0,0.0,2.0,0.0,0.0,0.0,0.0,0.0,0.0,0.0,2.0,nan,nan,nan,,nan,nan,nan,nan,nan,nan,nan,,,,nan,nan,nan,nan,nan,nan,nan,nan,nan,nan,nan,nan,,nan,nan,,,nan,nan,nan,nan,nan,nan,nan,nan,nan,nan,nan,nan,nan,nan,nan,nan,nan,nan,nan,nan,nan,nan,nan,nan,,nan,nan,nan,,nan,,,,
nan,nan,nan,nan,nan,nan,nan,nan,nan,nan,nan,nan,nan,nan,nan,nan,nan,0.0,0.0,0.0,0.0,0.0,0.0,0.0,0.0,6.0,0.0,0.0,0.0,0.0,0.0,0.0,0.0,6.0,nan,nan,nan,,nan,nan,nan,nan,nan,nan,nan,,,,nan,nan,nan,nan,nan,nan,nan,nan,nan,nan,nan,nan,,nan,nan,,,nan,nan,nan,nan,nan,nan,nan,nan,nan,nan,nan,nan,nan,nan,nan,nan,nan,nan,nan,nan,nan,nan,nan,nan,,nan,nan,nan,,nan,,,,
nan,nan,nan,nan,nan,nan,nan,nan,nan,nan,nan,nan,nan,nan,nan,nan,nan,0.0,0.0,0.0,0.0,0.0,0.0,0.0,0.0,6.0,0.0,0.0,0.0,0.0,0.0,0.0,0.0,6.0,nan,nan,nan,,nan,nan,nan,nan,nan,nan,nan,,,,nan,nan,nan,nan,nan,nan,nan,nan,nan,nan,nan,nan,,nan,nan,,,nan,nan,nan,nan,nan,nan,nan,nan,nan,nan,nan,nan,nan,nan,nan,nan,nan,nan,nan,nan,nan,nan,nan,nan,,nan,nan,nan,,nan,,,,
nan,nan,nan,nan,nan,nan,nan,nan,nan,nan,nan,nan,nan,nan,nan,nan,nan,0.0,0.0,0.0,0.0,0.0,0.0,0.0,0.0,9.0,0.0,0.0,0.0,0.0,0.0,0.0,0.0,9.0,nan,nan,nan,,nan,nan,nan,nan,nan,nan,nan,,,,nan,nan,nan,nan,nan,nan,nan,nan,nan,nan,nan,nan,,nan,nan,,,nan,nan,nan,nan,nan,nan,nan,nan,nan,nan,nan,nan,nan,nan,nan,nan,nan,nan,nan,nan,nan,nan,nan,nan,,nan,nan,nan,,nan,,,,
nan,nan,nan,nan,nan,nan,nan,nan,nan,nan,nan,nan,nan,nan,nan,nan,nan,0.0,0.0,0.0,0.0,0.0,0.0,0.0,0.0,5.0,0.0,0.0,0.0,0.0,0.0,0.0,0.0,5.0,nan,nan,nan,,nan,nan,nan,nan,nan,nan,nan,,,,nan,nan,nan,nan,nan,nan,nan,nan,nan,nan,nan,nan,,nan,nan,,,nan,nan,nan,nan,nan,nan,nan,nan,nan,nan,nan,nan,nan,nan,nan,nan,nan,nan,nan,nan,nan,nan,nan,nan,,nan,nan,nan,,nan,,,,
nan,nan,nan,nan,nan,nan,nan,nan,nan,nan,nan,nan,nan,nan,nan,nan,nan,0.0,0.0,0.0,0.0,0.0,0.0,0.0,0.0,8.0,0.0,0.0,0.0,0.0,0.0,0.0,0.0,8.0,nan,nan,nan,,nan,nan,nan,nan,nan,nan,nan,,,,nan,nan,nan,nan,nan,nan,nan,nan,nan,nan,nan,nan,,nan,nan,,,nan,nan,nan,nan,nan,nan,nan,nan,nan,nan,nan,nan,nan,nan,nan,nan,nan,nan,nan,nan,nan,nan,nan,nan,,nan,nan,nan,,nan,,,,
nan,nan,nan,nan,nan,nan,nan,nan,nan,nan,nan,nan,nan,nan,nan,nan,nan,0.0,0.0,0.0,0.0,0.0,0.0,0.0,0.0,7.0,0.0,0.0,0.0,0.0,0.0,0.0,0.0,7.0,nan,nan,nan,,nan,nan,nan,nan,nan,nan,nan,,,,nan,nan,nan,nan,nan,nan,nan,nan,nan,nan,nan,nan,,nan,nan,,,nan,nan,nan,nan,nan,nan,nan,nan,nan,nan,nan,nan,nan,nan,nan,nan,nan,nan,nan,nan,nan,nan,nan,nan,,nan,nan,nan,,nan,,,,
nan,nan,nan,nan,nan,nan,nan,nan,nan,nan,nan,nan,nan,nan,nan,nan,nan,0.0,0.0,0.0,0.0,0.0,0.0,0.0,0.0,6.0,0.0,0.0,0.0,0.0,0.0,0.0,0.0,6.0,nan,nan,nan,,nan,nan,nan,nan,nan,nan,nan,,,,nan,nan,nan,nan,nan,nan,nan,nan,nan,nan,nan,nan,,nan,nan,,,nan,nan,nan,nan,nan,nan,nan,nan,nan,nan,nan,nan,nan,nan,nan,nan,nan,nan,nan,nan,nan,nan,nan,nan,,nan,nan,nan,,nan,,,,
nan,nan,nan,nan,nan,nan,nan,nan,nan,nan,nan,nan,nan,nan,nan,nan,nan,0.0,0.0,0.0,0.0,0.0,0.0,0.0,0.0,4.0,0.0,0.0,0.0,0.0,0.0,0.0,0.0,4.0,nan,nan,nan,,nan,nan,nan,nan,nan,nan,nan,,,,nan,nan,nan,nan,nan,nan,nan,nan,nan,nan,nan,nan,,nan,nan,,,nan,nan,nan,nan,nan,nan,nan,nan,nan,nan,nan,nan,nan,nan,nan,nan,nan,nan,nan,nan,nan,nan,nan,nan,,nan,nan,nan,,nan,,,,
nan,nan,nan,nan,nan,nan,nan,nan,nan,nan,nan,nan,nan,nan,nan,nan,nan,0.0,0.0,0.0,0.0,0.0,0.0,0.0,0.0,6.0,0.0,0.0,0.0,0.0,0.0,0.0,0.0,6.0,nan,nan,nan,,nan,nan,nan,nan,nan,nan,nan,,,,nan,nan,nan,nan,nan,nan,nan,nan,nan,nan,nan,nan,,nan,nan,,,nan,nan,nan,nan,nan,nan,nan,nan,nan,nan,nan,nan,nan,nan,nan,nan,nan,nan,nan,nan,nan,nan,nan,nan,,nan,nan,nan,,nan,,,,
nan,nan,nan,nan,nan,nan,nan,nan,nan,nan,nan,nan,nan,nan,nan,nan,nan,0.0,0.0,0.0,0.0,0.0,0.0,0.0,0.0,4.0,0.0,0.0,0.0,0.0,0.0,0.0,0.0,4.0,nan,nan,nan,,nan,nan,nan,nan,nan,nan,nan,,,,nan,nan,nan,nan,nan,nan,nan,nan,nan,nan,nan,nan,,nan,nan,,,nan,nan,nan,nan,nan,nan,nan,nan,nan,nan,nan,nan,nan,nan,nan,nan,nan,nan,nan,nan,nan,nan,nan,nan,,nan,nan,nan,,nan,,,,
nan,nan,nan,nan,nan,nan,nan,nan,nan,nan,nan,nan,nan,nan,nan,nan,nan,0.0,0.0,0.0,0.0,0.0,0.0,0.0,0.0,5.0,0.0,0.0,0.0,0.0,0.0,0.0,0.0,5.0,nan,nan,nan,,nan,nan,nan,nan,nan,nan,nan,,,,nan,nan,nan,nan,nan,nan,nan,nan,nan,nan,nan,nan,,nan,nan,,,nan,nan,nan,nan,nan,nan,nan,nan,nan,nan,nan,nan,nan,nan,nan,nan,nan,nan,nan,nan,nan,nan,nan,nan,,nan,nan,nan,,nan,,,,
nan,nan,nan,nan,nan,nan,nan,nan,nan,nan,nan,nan,nan,nan,nan,nan,nan,0.0,0.0,0.0,0.0,0.0,0.0,0.0,0.0,4.0,0.0,0.0,0.0,0.0,0.0,0.0,0.0,4.0,nan,nan,nan,,nan,nan,nan,nan,nan,nan,nan,,,,nan,nan,nan,nan,nan,nan,nan,nan,nan,nan,nan,nan,,nan,nan,,,nan,nan,nan,nan,nan,nan,nan,nan,nan,nan,nan,nan,nan,nan,nan,nan,nan,nan,nan,nan,nan,nan,nan,nan,,nan,nan,nan,,nan,,,,
nan,nan,nan,nan,nan,nan,nan,nan,nan,nan,nan,nan,nan,nan,nan,nan,nan,0.0,0.0,0.0,0.0,0.0,0.0,0.0,0.0,4.0,0.0,0.0,0.0,0.0,0.0,0.0,0.0,4.0,nan,nan,nan,,nan,nan,nan,nan,nan,nan,nan,,,,nan,nan,nan,nan,nan,nan,nan,nan,nan,nan,nan,nan,,nan,nan,,,nan,nan,nan,nan,nan,nan,nan,nan,nan,nan,nan,nan,nan,nan,nan,nan,nan,nan,nan,nan,nan,nan,nan,nan,,nan,nan,nan,,nan,,,,
nan,nan,nan,nan,nan,nan,nan,nan,nan,nan,nan,nan,nan,nan,nan,nan,nan,0.0,0.0,0.0,0.0,0.0,0.0,0.0,0.0,5.0,0.0,0.0,0.0,0.0,0.0,0.0,0.0,5.0,nan,nan,nan,,nan,nan,nan,nan,nan,nan,nan,,,,nan,nan,nan,nan,nan,nan,nan,nan,nan,nan,nan,nan,,nan,nan,,,nan,nan,nan,nan,nan,nan,nan,nan,nan,nan,nan,nan,nan,nan,nan,nan,nan,nan,nan,nan,nan,nan,nan,nan,,nan,nan,nan,,nan,,,,
nan,nan,nan,nan,nan,nan,nan,nan,nan,nan,nan,nan,nan,nan,nan,nan,nan,0.0,0.0,0.0,0.0,0.0,0.0,0.0,0.0,3.0,0.0,0.0,0.0,0.0,0.0,0.0,0.0,3.0,nan,nan,nan,,nan,nan,nan,nan,nan,nan,nan,,,,nan,nan,nan,nan,nan,nan,nan,nan,nan,nan,nan,nan,,nan,nan,,,nan,nan,nan,nan,nan,nan,nan,nan,nan,nan,nan,nan,nan,nan,nan,nan,nan,nan,nan,nan,nan,nan,nan,nan,,nan,nan,nan,,nan,,,,
nan,nan,nan,nan,nan,nan,nan,nan,nan,nan,nan,nan,nan,nan,nan,nan,nan,0.0,0.0,0.0,0.0,0.0,0.0,0.0,0.0,6.0,0.0,0.0,0.0,0.0,0.0,0.0,0.0,6.0,nan,nan,nan,,nan,nan,nan,nan,nan,nan,nan,,,,nan,nan,nan,nan,nan,nan,nan,nan,nan,nan,nan,nan,,nan,nan,,,nan,nan,nan,nan,nan,nan,nan,nan,nan,nan,nan,nan,nan,nan,nan,nan,nan,nan,nan,nan,nan,nan,nan,nan,,nan,nan,nan,,nan,,,,
nan,nan,nan,nan,nan,nan,nan,nan,nan,nan,nan,nan,nan,nan,nan,nan,nan,0.0,0.0,0.0,0.0,0.0,0.0,0.0,0.0,6.0,0.0,0.0,0.0,0.0,0.0,0.0,0.0,6.0,nan,nan,nan,,nan,nan,nan,nan,nan,nan,nan,,,,nan,nan,nan,nan,nan,nan,nan,nan,nan,nan,nan,nan,,nan,nan,,,nan,nan,nan,nan,nan,nan,nan,nan,nan,nan,nan,nan,nan,nan,nan,nan,nan,nan,nan,nan,nan,nan,nan,nan,,nan,nan,nan,,nan,,,,
nan,nan,nan,nan,nan,nan,nan,nan,nan,nan,nan,nan,nan,nan,nan,nan,nan,0.0,0.0,0.0,0.0,0.0,0.0,0.0,0.0,6.0,0.0,0.0,0.0,0.0,0.0,0.0,0.0,6.0,nan,nan,nan,,nan,nan,nan,nan,nan,nan,nan,,,,nan,nan,nan,nan,nan,nan,nan,nan,nan,nan,nan,nan,,nan,nan,,,nan,nan,nan,nan,nan,nan,nan,nan,nan,nan,nan,nan,nan,nan,nan,nan,nan,nan,nan,nan,nan,nan,nan,nan,,nan,nan,nan,,nan,,,,
nan,nan,nan,nan,nan,nan,nan,nan,nan,nan,nan,nan,nan,nan,nan,nan,nan,0.0,0.0,0.0,0.0,0.0,0.0,0.0,0.0,12.0,0.0,0.0,0.0,0.0,0.0,0.0,0.0,12.0,nan,nan,nan,,nan,nan,nan,nan,nan,nan,nan,,,,nan,nan,nan,nan,nan,nan,nan,nan,nan,nan,nan,nan,,nan,nan,,,nan,nan,nan,nan,nan,nan,nan,nan,nan,nan,nan,nan,nan,nan,nan,nan,nan,nan,nan,nan,nan,nan,nan,nan,,nan,nan,nan,,nan,,,,
nan,nan,nan,nan,nan,nan,nan,nan,nan,nan,nan,nan,nan,nan,nan,nan,nan,0.0,0.0,0.0,0.0,0.0,0.0,0.0,0.0,3.0,0.0,0.0,0.0,0.0,0.0,0.0,0.0,3.0,nan,nan,nan,,nan,nan,nan,nan,nan,nan,nan,,,,nan,nan,nan,nan,nan,nan,nan,nan,nan,nan,nan,nan,,nan,nan,,,nan,nan,nan,nan,nan,nan,nan,nan,nan,nan,nan,nan,nan,nan,nan,nan,nan,nan,nan,nan,nan,nan,nan,nan,,nan,nan,nan,,nan,,,,
nan,nan,nan,nan,nan,nan,nan,nan,nan,nan,nan,nan,nan,nan,nan,nan,nan,0.0,0.0,0.0,0.0,0.0,0.0,0.0,0.0,7.0,0.0,0.0,0.0,0.0,0.0,0.0,0.0,7.0,nan,nan,nan,,nan,nan,nan,nan,nan,nan,nan,,,,nan,nan,nan,nan,nan,nan,nan,nan,nan,nan,nan,nan,,nan,nan,,,nan,nan,nan,nan,nan,nan,nan,nan,nan,nan,nan,nan,nan,nan,nan,nan,nan,nan,nan,nan,nan,nan,nan,nan,,nan,nan,nan,,nan,,,,
nan,nan,nan,nan,nan,nan,nan,nan,nan,nan,nan,nan,nan,nan,nan,nan,nan,0.0,0.0,0.0,0.0,0.0,0.0,0.0,0.0,3.0,0.0,0.0,0.0,0.0,0.0,0.0,0.0,3.0,nan,nan,nan,,nan,nan,nan,nan,nan,nan,nan,,,,nan,nan,nan,nan,nan,nan,nan,nan,nan,nan,nan,nan,,nan,nan,,,nan,nan,nan,nan,nan,nan,nan,nan,nan,nan,nan,nan,nan,nan,nan,nan,nan,nan,nan,nan,nan,nan,nan,nan,,nan,nan,nan,,nan,,,,
nan,nan,nan,nan,nan,nan,nan,nan,nan,nan,nan,nan,nan,nan,nan,nan,nan,0.0,0.0,0.0,0.0,0.0,0.0,0.0,0.0,7.0,0.0,0.0,0.0,0.0,0.0,0.0,0.0,7.0,nan,nan,nan,,nan,nan,nan,nan,nan,nan,nan,,,,nan,nan,nan,nan,nan,nan,nan,nan,nan,nan,nan,nan,,nan,nan,,,nan,nan,nan,nan,nan,nan,nan,nan,nan,nan,nan,nan,nan,nan,nan,nan,nan,nan,nan,nan,nan,nan,nan,nan,,nan,nan,nan,,nan,,,,
nan,nan,nan,nan,nan,nan,nan,nan,nan,nan,nan,nan,nan,nan,nan,nan,nan,0.0,0.0,0.0,0.0,0.0,0.0,0.0,0.0,5.0,0.0,0.0,0.0,0.0,0.0,0.0,0.0,5.0,nan,nan,nan,,nan,nan,nan,nan,nan,nan,nan,,,,nan,nan,nan,nan,nan,nan,nan,nan,nan,nan,nan,nan,,nan,nan,,,nan,nan,nan,nan,nan,nan,nan,nan,nan,nan,nan,nan,nan,nan,nan,nan,nan,nan,nan,nan,nan,nan,nan,nan,,nan,nan,nan,,nan,,,,
nan,nan,nan,nan,nan,nan,nan,nan,nan,nan,nan,nan,nan,nan,nan,nan,nan,0.0,0.0,0.0,0.0,0.0,0.0,0.0,0.0,5.0,0.0,0.0,0.0,0.0,0.0,0.0,0.0,5.0,nan,nan,nan,,nan,nan,nan,nan,nan,nan,nan,,,,nan,nan,nan,nan,nan,nan,nan,nan,nan,nan,nan,nan,,nan,nan,,,nan,nan,nan,nan,nan,nan,nan,nan,nan,nan,nan,nan,nan,nan,nan,nan,nan,nan,nan,nan,nan,nan,nan,nan,,nan,nan,nan,,nan,,,,
nan,nan,nan,nan,nan,nan,nan,nan,nan,nan,nan,nan,nan,nan,nan,nan,nan,0.0,0.0,0.0,0.0,0.0,0.0,0.0,0.0,5.0,0.0,0.0,0.0,0.0,0.0,0.0,0.0,5.0,nan,nan,nan,,nan,nan,nan,nan,nan,nan,nan,,,,nan,nan,nan,nan,nan,nan,nan,nan,nan,nan,nan,nan,,nan,nan,,,nan,nan,nan,nan,nan,nan,nan,nan,nan,nan,nan,nan,nan,nan,nan,nan,nan,nan,nan,nan,nan,nan,nan,nan,,nan,nan,nan,,nan,,,,
nan,nan,nan,nan,nan,nan,nan,nan,nan,nan,nan,nan,nan,nan,nan,nan,nan,0.0,0.0,0.0,0.0,0.0,0.0,0.0,0.0,2.0,0.0,0.0,0.0,0.0,0.0,0.0,0.0,2.0,nan,nan,nan,,nan,nan,nan,nan,nan,nan,nan,,,,nan,nan,nan,nan,nan,nan,nan,nan,nan,nan,nan,nan,,nan,nan,,,nan,nan,nan,nan,nan,nan,nan,nan,nan,nan,nan,nan,nan,nan,nan,nan,nan,nan,nan,nan,nan,nan,nan,nan,,nan,nan,nan,,nan,,,,
nan,nan,nan,nan,nan,nan,nan,nan,nan,nan,nan,nan,nan,nan,nan,nan,nan,0.0,0.0,0.0,0.0,0.0,0.0,0.0,0.0,5.0,0.0,0.0,0.0,0.0,0.0,0.0,0.0,5.0,nan,nan,nan,,nan,nan,nan,nan,nan,nan,nan,,,,nan,nan,nan,nan,nan,nan,nan,nan,nan,nan,nan,nan,,nan,nan,,,nan,nan,nan,nan,nan,nan,nan,nan,nan,nan,nan,nan,nan,nan,nan,nan,nan,nan,nan,nan,nan,nan,nan,nan,,nan,nan,nan,,nan,,,,
nan,nan,nan,nan,nan,nan,nan,nan,nan,nan,nan,nan,nan,nan,nan,nan,nan,0.0,0.0,0.0,0.0,0.0,0.0,0.0,0.0,2.0,0.0,0.0,0.0,0.0,0.0,0.0,0.0,2.0,nan,nan,nan,,nan,nan,nan,nan,nan,nan,nan,,,,nan,nan,nan,nan,nan,nan,nan,nan,nan,nan,nan,nan,,nan,nan,,,nan,nan,nan,nan,nan,nan,nan,nan,nan,nan,nan,nan,nan,nan,nan,nan,nan,nan,nan,nan,nan,nan,nan,nan,,nan,nan,nan,,nan,,,,
nan,nan,nan,nan,nan,nan,nan,nan,nan,nan,nan,nan,nan,nan,nan,nan,nan,0.0,0.0,0.0,0.0,0.0,0.0,0.0,0.0,4.0,0.0,0.0,0.0,0.0,0.0,0.0,0.0,4.0,nan,nan,nan,,nan,nan,nan,nan,nan,nan,nan,,,,nan,nan,nan,nan,nan,nan,nan,nan,nan,nan,nan,nan,,nan,nan,,,nan,nan,nan,nan,nan,nan,nan,nan,nan,nan,nan,nan,nan,nan,nan,nan,nan,nan,nan,nan,nan,nan,nan,nan,,nan,nan,nan,,nan,,,,
nan,nan,nan,nan,nan,nan,nan,nan,nan,nan,nan,nan,nan,nan,nan,nan,nan,0.0,0.0,0.0,0.0,0.0,0.0,0.0,0.0,1.0,0.0,0.0,0.0,0.0,0.0,0.0,0.0,1.0,nan,nan,nan,,nan,nan,nan,nan,nan,nan,nan,,,,nan,nan,nan,nan,nan,nan,nan,nan,nan,nan,nan,nan,,nan,nan,,,nan,nan,nan,nan,nan,nan,nan,nan,nan,nan,nan,nan,nan,nan,nan,nan,nan,nan,nan,nan,nan,nan,nan,nan,,nan,nan,nan,,nan,,,,
nan,nan,nan,nan,nan,nan,nan,nan,nan,nan,nan,nan,nan,nan,nan,nan,nan,0.0,0.0,0.0,0.0,0.0,0.0,0.0,0.0,6.0,0.0,0.0,0.0,0.0,0.0,0.0,0.0,6.0,nan,nan,nan,,nan,nan,nan,nan,nan,nan,nan,,,,nan,nan,nan,nan,nan,nan,nan,nan,nan,nan,nan,nan,,nan,nan,,,nan,nan,nan,nan,nan,nan,nan,nan,nan,nan,nan,nan,nan,nan,nan,nan,nan,nan,nan,nan,nan,nan,nan,nan,,nan,nan,nan,,nan,,,,
nan,nan,nan,nan,nan,nan,nan,nan,nan,nan,nan,nan,nan,nan,nan,nan,nan,0.0,0.0,0.0,0.0,0.0,0.0,0.0,0.0,1.0,0.0,0.0,0.0,0.0,0.0,0.0,0.0,1.0,nan,nan,nan,,nan,nan,nan,nan,nan,nan,nan,,,,nan,nan,nan,nan,nan,nan,nan,nan,nan,nan,nan,nan,,nan,nan,,,nan,nan,nan,nan,nan,nan,nan,nan,nan,nan,nan,nan,nan,nan,nan,nan,nan,nan,nan,nan,nan,nan,nan,nan,,nan,nan,nan,,nan,,,,
nan,nan,nan,nan,nan,nan,nan,nan,nan,nan,nan,nan,nan,nan,nan,nan,nan,0.0,0.0,0.0,0.0,0.0,0.0,0.0,0.0,2.0,0.0,0.0,0.0,0.0,0.0,0.0,0.0,2.0,nan,nan,nan,,nan,nan,nan,nan,nan,nan,nan,,,,nan,nan,nan,nan,nan,nan,nan,nan,nan,nan,nan,nan,,nan,nan,,,nan,nan,nan,nan,nan,nan,nan,nan,nan,nan,nan,nan,nan,nan,nan,nan,nan,nan,nan,nan,nan,nan,nan,nan,,nan,nan,nan,,nan,,,,
nan,nan,nan,nan,nan,nan,nan,nan,nan,nan,nan,nan,nan,nan,nan,nan,nan,0.0,0.0,0.0,0.0,0.0,0.0,0.0,0.0,9.0,0.0,0.0,0.0,0.0,0.0,0.0,0.0,9.0,nan,nan,nan,,nan,nan,nan,nan,nan,nan,nan,,,,nan,nan,nan,nan,nan,nan,nan,nan,nan,nan,nan,nan,,nan,nan,,,nan,nan,nan,nan,nan,nan,nan,nan,nan,nan,nan,nan,nan,nan,nan,nan,nan,nan,nan,nan,nan,nan,nan,nan,,nan,nan,nan,,nan,,,,
nan,nan,nan,nan,nan,nan,nan,nan,nan,nan,nan,nan,nan,nan,nan,nan,nan,0.0,0.0,0.0,0.0,0.0,0.0,0.0,0.0,3.0,0.0,0.0,0.0,0.0,0.0,0.0,0.0,3.0,nan,nan,nan,,nan,nan,nan,nan,nan,nan,nan,,,,nan,nan,nan,nan,nan,nan,nan,nan,nan,nan,nan,nan,,nan,nan,,,nan,nan,nan,nan,nan,nan,nan,nan,nan,nan,nan,nan,nan,nan,nan,nan,nan,nan,nan,nan,nan,nan,nan,nan,,nan,nan,nan,,nan,,,,
nan,nan,nan,nan,nan,nan,nan,nan,nan,nan,nan,nan,nan,nan,nan,nan,nan,0.0,0.0,0.0,0.0,0.0,0.0,0.0,0.0,7.0,0.0,0.0,0.0,0.0,0.0,0.0,0.0,7.0,nan,nan,nan,,nan,nan,nan,nan,nan,nan,nan,,,,nan,nan,nan,nan,nan,nan,nan,nan,nan,nan,nan,nan,,nan,nan,,,nan,nan,nan,nan,nan,nan,nan,nan,nan,nan,nan,nan,nan,nan,nan,nan,nan,nan,nan,nan,nan,nan,nan,nan,,nan,nan,nan,,nan,,,,
nan,nan,nan,nan,nan,nan,nan,nan,nan,nan,nan,nan,nan,nan,nan,nan,nan,0.0,0.0,0.0,0.0,0.0,0.0,0.0,0.0,4.0,0.0,0.0,0.0,0.0,0.0,0.0,0.0,4.0,nan,nan,nan,,nan,nan,nan,nan,nan,nan,nan,,,,nan,nan,nan,nan,nan,nan,nan,nan,nan,nan,nan,nan,,nan,nan,,,nan,nan,nan,nan,nan,nan,nan,nan,nan,nan,nan,nan,nan,nan,nan,nan,nan,nan,nan,nan,nan,nan,nan,nan,,nan,nan,nan,,nan,,,,
nan,nan,nan,nan,nan,nan,nan,nan,nan,nan,nan,nan,nan,nan,nan,nan,nan,0.0,0.0,0.0,0.0,0.0,0.0,0.0,0.0,6.0,0.0,0.0,0.0,0.0,0.0,0.0,0.0,6.0,nan,nan,nan,,nan,nan,nan,nan,nan,nan,nan,,,,nan,nan,nan,nan,nan,nan,nan,nan,nan,nan,nan,nan,,nan,nan,,,nan,nan,nan,nan,nan,nan,nan,nan,nan,nan,nan,nan,nan,nan,nan,nan,nan,nan,nan,nan,nan,nan,nan,nan,,nan,nan,nan,,nan,,,,
nan,nan,nan,nan,nan,nan,nan,nan,nan,nan,nan,nan,nan,nan,nan,nan,nan,0.0,0.0,0.0,0.0,0.0,0.0,0.0,0.0,3.0,0.0,0.0,0.0,0.0,0.0,0.0,0.0,3.0,nan,nan,nan,,nan,nan,nan,nan,nan,nan,nan,,,,nan,nan,nan,nan,nan,nan,nan,nan,nan,nan,nan,nan,,nan,nan,,,nan,nan,nan,nan,nan,nan,nan,nan,nan,nan,nan,nan,nan,nan,nan,nan,nan,nan,nan,nan,nan,nan,nan,nan,,nan,nan,nan,,nan,,,,
nan,nan,nan,nan,nan,nan,nan,nan,nan,nan,nan,nan,nan,nan,nan,nan,nan,0.0,0.0,0.0,0.0,0.0,0.0,0.0,0.0,3.0,0.0,0.0,0.0,0.0,0.0,0.0,0.0,3.0,nan,nan,nan,,nan,nan,nan,nan,nan,nan,nan,,,,nan,nan,nan,nan,nan,nan,nan,nan,nan,nan,nan,nan,,nan,nan,,,nan,nan,nan,nan,nan,nan,nan,nan,nan,nan,nan,nan,nan,nan,nan,nan,nan,nan,nan,nan,nan,nan,nan,nan,,nan,nan,nan,,nan,,,,
nan,nan,nan,nan,nan,nan,nan,nan,nan,nan,nan,nan,nan,nan,nan,nan,nan,0.0,0.0,0.0,0.0,0.0,0.0,0.0,0.0,8.0,0.0,0.0,0.0,0.0,0.0,0.0,0.0,8.0,nan,nan,nan,,nan,nan,nan,nan,nan,nan,nan,,,,nan,nan,nan,nan,nan,nan,nan,nan,nan,nan,nan,nan,,nan,nan,,,nan,nan,nan,nan,nan,nan,nan,nan,nan,nan,nan,nan,nan,nan,nan,nan,nan,nan,nan,nan,nan,nan,nan,nan,,nan,nan,nan,,nan,,,,
nan,nan,nan,nan,nan,nan,nan,nan,nan,nan,nan,nan,nan,nan,nan,nan,nan,0.0,0.0,0.0,0.0,0.0,0.0,0.0,0.0,6.0,0.0,0.0,0.0,0.0,0.0,0.0,0.0,6.0,nan,nan,nan,,nan,nan,nan,nan,nan,nan,nan,,,,nan,nan,nan,nan,nan,nan,nan,nan,nan,nan,nan,nan,,nan,nan,,,nan,nan,nan,nan,nan,nan,nan,nan,nan,nan,nan,nan,nan,nan,nan,nan,nan,nan,nan,nan,nan,nan,nan,nan,,nan,nan,nan,,nan,,,,
nan,nan,nan,nan,nan,nan,nan,nan,nan,nan,nan,nan,nan,nan,nan,nan,nan,0.0,0.0,0.0,0.0,0.0,0.0,0.0,0.0,6.0,0.0,0.0,0.0,0.0,0.0,0.0,0.0,6.0,nan,nan,nan,,nan,nan,nan,nan,nan,nan,nan,,,,nan,nan,nan,nan,nan,nan,nan,nan,nan,nan,nan,nan,,nan,nan,,,nan,nan,nan,nan,nan,nan,nan,nan,nan,nan,nan,nan,nan,nan,nan,nan,nan,nan,nan,nan,nan,nan,nan,nan,,nan,nan,nan,,nan,,,,
nan,nan,nan,nan,nan,nan,nan,nan,nan,nan,nan,nan,nan,nan,nan,nan,nan,0.0,0.0,0.0,0.0,0.0,0.0,0.0,0.0,3.0,0.0,0.0,0.0,0.0,0.0,0.0,0.0,3.0,nan,nan,nan,,nan,nan,nan,nan,nan,nan,nan,,,,nan,nan,nan,nan,nan,nan,nan,nan,nan,nan,nan,nan,,nan,nan,,,nan,nan,nan,nan,nan,nan,nan,nan,nan,nan,nan,nan,nan,nan,nan,nan,nan,nan,nan,nan,nan,nan,nan,nan,,nan,nan,nan,,nan,,,,
nan,nan,nan,nan,nan,nan,nan,nan,nan,nan,nan,nan,nan,nan,nan,nan,nan,0.0,0.0,0.0,0.0,0.0,0.0,0.0,0.0,3.0,0.0,0.0,0.0,0.0,0.0,0.0,0.0,3.0,nan,nan,nan,,nan,nan,nan,nan,nan,nan,nan,,,,nan,nan,nan,nan,nan,nan,nan,nan,nan,nan,nan,nan,,nan,nan,,,nan,nan,nan,nan,nan,nan,nan,nan,nan,nan,nan,nan,nan,nan,nan,nan,nan,nan,nan,nan,nan,nan,nan,nan,,nan,nan,nan,,nan,,,,
nan,nan,nan,nan,nan,nan,nan,nan,nan,nan,nan,nan,nan,nan,nan,nan,nan,0.0,0.0,0.0,0.0,0.0,0.0,0.0,0.0,5.0,0.0,0.0,0.0,0.0,0.0,0.0,0.0,5.0,nan,nan,nan,,nan,nan,nan,nan,nan,nan,nan,,,,nan,nan,nan,nan,nan,nan,nan,nan,nan,nan,nan,nan,,nan,nan,,,nan,nan,nan,nan,nan,nan,nan,nan,nan,nan,nan,nan,nan,nan,nan,nan,nan,nan,nan,nan,nan,nan,nan,nan,,nan,nan,nan,,nan,,,,
nan,nan,nan,nan,nan,nan,nan,nan,nan,nan,nan,nan,nan,nan,nan,nan,nan,0.0,0.0,0.0,0.0,0.0,0.0,0.0,0.0,1.0,0.0,0.0,0.0,0.0,0.0,0.0,0.0,1.0,nan,nan,nan,,nan,nan,nan,nan,nan,nan,nan,,,,nan,nan,nan,nan,nan,nan,nan,nan,nan,nan,nan,nan,,nan,nan,,,nan,nan,nan,nan,nan,nan,nan,nan,nan,nan,nan,nan,nan,nan,nan,nan,nan,nan,nan,nan,nan,nan,nan,nan,,nan,nan,nan,,nan,,,,
nan,nan,nan,nan,nan,nan,nan,nan,nan,nan,nan,nan,nan,nan,nan,nan,nan,0.0,0.0,0.0,0.0,0.0,0.0,0.0,0.0,5.0,0.0,0.0,0.0,0.0,0.0,0.0,0.0,5.0,nan,nan,nan,,nan,nan,nan,nan,nan,nan,nan,,,,nan,nan,nan,nan,nan,nan,nan,nan,nan,nan,nan,nan,,nan,nan,,,nan,nan,nan,nan,nan,nan,nan,nan,nan,nan,nan,nan,nan,nan,nan,nan,nan,nan,nan,nan,nan,nan,nan,nan,,nan,nan,nan,,nan,,,,
nan,nan,nan,nan,nan,nan,nan,nan,nan,nan,nan,nan,nan,nan,nan,nan,nan,0.0,0.0,0.0,0.0,0.0,0.0,0.0,0.0,4.0,0.0,0.0,0.0,0.0,0.0,0.0,0.0,4.0,nan,nan,nan,,nan,nan,nan,nan,nan,nan,nan,,,,nan,nan,nan,nan,nan,nan,nan,nan,nan,nan,nan,nan,,nan,nan,,,nan,nan,nan,nan,nan,nan,nan,nan,nan,nan,nan,nan,nan,nan,nan,nan,nan,nan,nan,nan,nan,nan,nan,nan,,nan,nan,nan,,nan,,,,
nan,nan,nan,nan,nan,nan,nan,nan,nan,nan,nan,nan,nan,nan,nan,nan,nan,0.0,0.0,0.0,0.0,0.0,0.0,0.0,0.0,2.0,0.0,0.0,0.0,0.0,0.0,0.0,0.0,2.0,nan,nan,nan,,nan,nan,nan,nan,nan,nan,nan,,,,nan,nan,nan,nan,nan,nan,nan,nan,nan,nan,nan,nan,,nan,nan,,,nan,nan,nan,nan,nan,nan,nan,nan,nan,nan,nan,nan,nan,nan,nan,nan,nan,nan,nan,nan,nan,nan,nan,nan,,nan,nan,nan,,nan,,,,
nan,nan,nan,nan,nan,nan,nan,nan,nan,nan,nan,nan,nan,nan,nan,nan,nan,0.0,0.0,0.0,0.0,0.0,0.0,0.0,0.0,2.0,0.0,0.0,0.0,0.0,0.0,0.0,0.0,2.0,nan,nan,nan,,nan,nan,nan,nan,nan,nan,nan,,,,nan,nan,nan,nan,nan,nan,nan,nan,nan,nan,nan,nan,,nan,nan,,,nan,nan,nan,nan,nan,nan,nan,nan,nan,nan,nan,nan,nan,nan,nan,nan,nan,nan,nan,nan,nan,nan,nan,nan,,nan,nan,nan,,nan,,,,
nan,nan,nan,nan,nan,nan,nan,nan,nan,nan,nan,nan,nan,nan,nan,nan,nan,0.0,0.0,0.0,0.0,0.0,0.0,0.0,0.0,4.0,0.0,0.0,0.0,0.0,0.0,0.0,0.0,4.0,nan,nan,nan,,nan,nan,nan,nan,nan,nan,nan,,,,nan,nan,nan,nan,nan,nan,nan,nan,nan,nan,nan,nan,,nan,nan,,,nan,nan,nan,nan,nan,nan,nan,nan,nan,nan,nan,nan,nan,nan,nan,nan,nan,nan,nan,nan,nan,nan,nan,nan,,nan,nan,nan,,nan,,,,
nan,nan,nan,nan,nan,nan,nan,nan,nan,nan,nan,nan,nan,nan,nan,nan,nan,0.0,0.0,0.0,0.0,0.0,0.0,0.0,0.0,2.0,0.0,0.0,0.0,0.0,0.0,0.0,0.0,2.0,nan,nan,nan,,nan,nan,nan,nan,nan,nan,nan,,,,nan,nan,nan,nan,nan,nan,nan,nan,nan,nan,nan,nan,,nan,nan,,,nan,nan,nan,nan,nan,nan,nan,nan,nan,nan,nan,nan,nan,nan,nan,nan,nan,nan,nan,nan,nan,nan,nan,nan,,nan,nan,nan,,nan,,,,
nan,nan,nan,nan,nan,nan,nan,nan,nan,nan,nan,nan,nan,nan,nan,nan,nan,0.0,0.0,0.0,0.0,0.0,0.0,0.0,0.0,6.0,0.0,0.0,0.0,0.0,0.0,0.0,0.0,6.0,nan,nan,nan,,nan,nan,nan,nan,nan,nan,nan,,,,nan,nan,nan,nan,nan,nan,nan,nan,nan,nan,nan,nan,,nan,nan,,,nan,nan,nan,nan,nan,nan,nan,nan,nan,nan,nan,nan,nan,nan,nan,nan,nan,nan,nan,nan,nan,nan,nan,nan,,nan,nan,nan,,nan,,,,
nan,nan,nan,nan,nan,nan,nan,nan,nan,nan,nan,nan,nan,nan,nan,nan,nan,0.0,0.0,0.0,0.0,0.0,0.0,0.0,0.0,6.0,0.0,0.0,0.0,0.0,0.0,0.0,0.0,6.0,nan,nan,nan,,nan,nan,nan,nan,nan,nan,nan,,,,nan,nan,nan,nan,nan,nan,nan,nan,nan,nan,nan,nan,,nan,nan,,,nan,nan,nan,nan,nan,nan,nan,nan,nan,nan,nan,nan,nan,nan,nan,nan,nan,nan,nan,nan,nan,nan,nan,nan,,nan,nan,nan,,nan,,,,
nan,nan,nan,nan,nan,nan,nan,nan,nan,nan,nan,nan,nan,nan,nan,nan,nan,0.0,0.0,0.0,0.0,0.0,0.0,0.0,0.0,2.0,0.0,0.0,0.0,0.0,0.0,0.0,0.0,2.0,nan,nan,nan,,nan,nan,nan,nan,nan,nan,nan,,,,nan,nan,nan,nan,nan,nan,nan,nan,nan,nan,nan,nan,,nan,nan,,,nan,nan,nan,nan,nan,nan,nan,nan,nan,nan,nan,nan,nan,nan,nan,nan,nan,nan,nan,nan,nan,nan,nan,nan,,nan,nan,nan,,nan,,,,
nan,nan,nan,nan,nan,nan,nan,nan,nan,nan,nan,nan,nan,nan,nan,nan,nan,0.0,0.0,0.0,0.0,0.0,0.0,0.0,0.0,1.0,0.0,0.0,0.0,0.0,0.0,0.0,0.0,1.0,nan,nan,nan,,nan,nan,nan,nan,nan,nan,nan,,,,nan,nan,nan,nan,nan,nan,nan,nan,nan,nan,nan,nan,,nan,nan,,,nan,nan,nan,nan,nan,nan,nan,nan,nan,nan,nan,nan,nan,nan,nan,nan,nan,nan,nan,nan,nan,nan,nan,nan,,nan,nan,nan,,nan,,,,
nan,nan,nan,nan,nan,nan,nan,nan,nan,nan,nan,nan,nan,nan,nan,nan,nan,0.0,0.0,0.0,0.0,0.0,0.0,0.0,0.0,4.0,0.0,0.0,0.0,0.0,0.0,0.0,0.0,4.0,nan,nan,nan,,nan,nan,nan,nan,nan,nan,nan,,,,nan,nan,nan,nan,nan,nan,nan,nan,nan,nan,nan,nan,,nan,nan,,,nan,nan,nan,nan,nan,nan,nan,nan,nan,nan,nan,nan,nan,nan,nan,nan,nan,nan,nan,nan,nan,nan,nan,nan,,nan,nan,nan,,nan,,,,
nan,nan,nan,nan,nan,nan,nan,nan,nan,nan,nan,nan,nan,nan,nan,nan,nan,0.0,0.0,0.0,0.0,0.0,0.0,0.0,0.0,4.0,0.0,0.0,0.0,0.0,0.0,0.0,0.0,4.0,nan,nan,nan,,nan,nan,nan,nan,nan,nan,nan,,,,nan,nan,nan,nan,nan,nan,nan,nan,nan,nan,nan,nan,,nan,nan,,,nan,nan,nan,nan,nan,nan,nan,nan,nan,nan,nan,nan,nan,nan,nan,nan,nan,nan,nan,nan,nan,nan,nan,nan,,nan,nan,nan,,nan,,,,
nan,nan,nan,nan,nan,nan,nan,nan,nan,nan,nan,nan,nan,nan,nan,nan,nan,0.0,0.0,0.0,0.0,0.0,0.0,0.0,0.0,4.0,0.0,0.0,0.0,0.0,0.0,0.0,0.0,4.0,nan,nan,nan,,nan,nan,nan,nan,nan,nan,nan,,,,nan,nan,nan,nan,nan,nan,nan,nan,nan,nan,nan,nan,,nan,nan,,,nan,nan,nan,nan,nan,nan,nan,nan,nan,nan,nan,nan,nan,nan,nan,nan,nan,nan,nan,nan,nan,nan,nan,nan,,nan,nan,nan,,nan,,,,
nan,nan,nan,nan,nan,nan,nan,nan,nan,nan,nan,nan,nan,nan,nan,nan,nan,0.0,0.0,0.0,0.0,0.0,0.0,0.0,0.0,1.0,0.0,0.0,0.0,0.0,0.0,0.0,0.0,1.0,nan,nan,nan,,nan,nan,nan,nan,nan,nan,nan,,,,nan,nan,nan,nan,nan,nan,nan,nan,nan,nan,nan,nan,,nan,nan,,,nan,nan,nan,nan,nan,nan,nan,nan,nan,nan,nan,nan,nan,nan,nan,nan,nan,nan,nan,nan,nan,nan,nan,nan,,nan,nan,nan,,nan,,,,
nan,nan,nan,nan,nan,nan,nan,nan,nan,nan,nan,nan,nan,nan,nan,nan,nan,0.0,0.0,0.0,0.0,0.0,0.0,0.0,0.0,6.0,0.0,0.0,0.0,0.0,0.0,0.0,0.0,6.0,nan,nan,nan,,nan,nan,nan,nan,nan,nan,nan,,,,nan,nan,nan,nan,nan,nan,nan,nan,nan,nan,nan,nan,,nan,nan,,,nan,nan,nan,nan,nan,nan,nan,nan,nan,nan,nan,nan,nan,nan,nan,nan,nan,nan,nan,nan,nan,nan,nan,nan,,nan,nan,nan,,nan,,,,
nan,nan,nan,nan,nan,nan,nan,nan,nan,nan,nan,nan,nan,nan,nan,nan,nan,0.0,0.0,0.0,0.0,0.0,0.0,0.0,0.0,1.0,0.0,0.0,0.0,0.0,0.0,0.0,0.0,1.0,nan,nan,nan,,nan,nan,nan,nan,nan,nan,nan,,,,nan,nan,nan,nan,nan,nan,nan,nan,nan,nan,nan,nan,,nan,nan,,,nan,nan,nan,nan,nan,nan,nan,nan,nan,nan,nan,nan,nan,nan,nan,nan,nan,nan,nan,nan,nan,nan,nan,nan,,nan,nan,nan,,nan,,,,
nan,nan,nan,nan,nan,nan,nan,nan,nan,nan,nan,nan,nan,nan,nan,nan,nan,0.0,0.0,0.0,0.0,0.0,0.0,0.0,0.0,4.0,0.0,0.0,0.0,0.0,0.0,0.0,0.0,4.0,nan,nan,nan,,nan,nan,nan,nan,nan,nan,nan,,,,nan,nan,nan,nan,nan,nan,nan,nan,nan,nan,nan,nan,,nan,nan,,,nan,nan,nan,nan,nan,nan,nan,nan,nan,nan,nan,nan,nan,nan,nan,nan,nan,nan,nan,nan,nan,nan,nan,nan,,nan,nan,nan,,nan,,,,
nan,nan,nan,nan,nan,nan,nan,nan,nan,nan,nan,nan,nan,nan,nan,nan,nan,0.0,0.0,0.0,0.0,0.0,0.0,0.0,0.0,4.0,0.0,0.0,0.0,0.0,0.0,0.0,0.0,4.0,nan,nan,nan,,nan,nan,nan,nan,nan,nan,nan,,,,nan,nan,nan,nan,nan,nan,nan,nan,nan,nan,nan,nan,,nan,nan,,,nan,nan,nan,nan,nan,nan,nan,nan,nan,nan,nan,nan,nan,nan,nan,nan,nan,nan,nan,nan,nan,nan,nan,nan,,nan,nan,nan,,nan,,,,
nan,nan,nan,nan,nan,nan,nan,nan,nan,nan,nan,nan,nan,nan,nan,nan,nan,0.0,0.0,0.0,0.0,0.0,0.0,0.0,0.0,1.0,0.0,0.0,0.0,0.0,0.0,0.0,0.0,1.0,nan,nan,nan,,nan,nan,nan,nan,nan,nan,nan,,,,nan,nan,nan,nan,nan,nan,nan,nan,nan,nan,nan,nan,,nan,nan,,,nan,nan,nan,nan,nan,nan,nan,nan,nan,nan,nan,nan,nan,nan,nan,nan,nan,nan,nan,nan,nan,nan,nan,nan,,nan,nan,nan,,nan,,,,
nan,nan,nan,nan,nan,nan,nan,nan,nan,nan,nan,nan,nan,nan,nan,nan,nan,0.0,0.0,0.0,0.0,0.0,0.0,0.0,0.0,5.0,0.0,0.0,0.0,0.0,0.0,0.0,0.0,5.0,nan,nan,nan,,nan,nan,nan,nan,nan,nan,nan,,,,nan,nan,nan,nan,nan,nan,nan,nan,nan,nan,nan,nan,,nan,nan,,,nan,nan,nan,nan,nan,nan,nan,nan,nan,nan,nan,nan,nan,nan,nan,nan,nan,nan,nan,nan,nan,nan,nan,nan,,nan,nan,nan,,nan,,,,
nan,nan,nan,nan,nan,nan,nan,nan,nan,nan,nan,nan,nan,nan,nan,nan,nan,0.0,0.0,0.0,0.0,0.0,0.0,0.0,0.0,3.0,0.0,0.0,0.0,0.0,0.0,0.0,0.0,3.0,nan,nan,nan,,nan,nan,nan,nan,nan,nan,nan,,,,nan,nan,nan,nan,nan,nan,nan,nan,nan,nan,nan,nan,,nan,nan,,,nan,nan,nan,nan,nan,nan,nan,nan,nan,nan,nan,nan,nan,nan,nan,nan,nan,nan,nan,nan,nan,nan,nan,nan,,nan,nan,nan,,nan,,,,
nan,nan,nan,nan,nan,nan,nan,nan,nan,nan,nan,nan,nan,nan,nan,nan,nan,0.0,0.0,0.0,0.0,0.0,0.0,0.0,0.0,1.0,0.0,0.0,0.0,0.0,0.0,0.0,0.0,1.0,nan,nan,nan,,nan,nan,nan,nan,nan,nan,nan,,,,nan,nan,nan,nan,nan,nan,nan,nan,nan,nan,nan,nan,,nan,nan,,,nan,nan,nan,nan,nan,nan,nan,nan,nan,nan,nan,nan,nan,nan,nan,nan,nan,nan,nan,nan,nan,nan,nan,nan,,nan,nan,nan,,nan,,,,
nan,nan,nan,nan,nan,nan,nan,nan,nan,nan,nan,nan,nan,nan,nan,nan,nan,0.0,0.0,0.0,0.0,0.0,0.0,0.0,0.0,3.0,0.0,0.0,0.0,0.0,0.0,0.0,0.0,3.0,nan,nan,nan,,nan,nan,nan,nan,nan,nan,nan,,,,nan,nan,nan,nan,nan,nan,nan,nan,nan,nan,nan,nan,,nan,nan,,,nan,nan,nan,nan,nan,nan,nan,nan,nan,nan,nan,nan,nan,nan,nan,nan,nan,nan,nan,nan,nan,nan,nan,nan,,nan,nan,nan,,nan,,,,
nan,nan,nan,nan,nan,nan,nan,nan,nan,nan,nan,nan,nan,nan,nan,nan,nan,0.0,0.0,0.0,0.0,0.0,0.0,0.0,0.0,3.0,0.0,0.0,0.0,0.0,0.0,0.0,0.0,3.0,nan,nan,nan,,nan,nan,nan,nan,nan,nan,nan,,,,nan,nan,nan,nan,nan,nan,nan,nan,nan,nan,nan,nan,,nan,nan,,,nan,nan,nan,nan,nan,nan,nan,nan,nan,nan,nan,nan,nan,nan,nan,nan,nan,nan,nan,nan,nan,nan,nan,nan,,nan,nan,nan,,nan,,,,
nan,nan,nan,nan,nan,nan,nan,nan,nan,nan,nan,nan,nan,nan,nan,nan,nan,0.0,0.0,0.0,0.0,0.0,0.0,0.0,0.0,2.0,0.0,0.0,0.0,0.0,0.0,0.0,0.0,2.0,nan,nan,nan,,nan,nan,nan,nan,nan,nan,nan,,,,nan,nan,nan,nan,nan,nan,nan,nan,nan,nan,nan,nan,,nan,nan,,,nan,nan,nan,nan,nan,nan,nan,nan,nan,nan,nan,nan,nan,nan,nan,nan,nan,nan,nan,nan,nan,nan,nan,nan,,nan,nan,nan,,nan,,,,
nan,nan,nan,nan,nan,nan,nan,nan,nan,nan,nan,nan,nan,nan,nan,nan,nan,0.0,0.0,0.0,0.0,0.0,0.0,0.0,0.0,3.0,0.0,0.0,0.0,0.0,0.0,0.0,0.0,3.0,nan,nan,nan,,nan,nan,nan,nan,nan,nan,nan,,,,nan,nan,nan,nan,nan,nan,nan,nan,nan,nan,nan,nan,,nan,nan,,,nan,nan,nan,nan,nan,nan,nan,nan,nan,nan,nan,nan,nan,nan,nan,nan,nan,nan,nan,nan,nan,nan,nan,nan,,nan,nan,nan,,nan,,,,
nan,nan,nan,nan,nan,nan,nan,nan,nan,nan,nan,nan,nan,nan,nan,nan,nan,0.0,0.0,0.0,0.0,0.0,0.0,0.0,0.0,1.0,0.0,0.0,0.0,0.0,0.0,0.0,0.0,1.0,nan,nan,nan,,nan,nan,nan,nan,nan,nan,nan,,,,nan,nan,nan,nan,nan,nan,nan,nan,nan,nan,nan,nan,,nan,nan,,,nan,nan,nan,nan,nan,nan,nan,nan,nan,nan,nan,nan,nan,nan,nan,nan,nan,nan,nan,nan,nan,nan,nan,nan,,nan,nan,nan,,nan,,,,
nan,nan,nan,nan,nan,nan,nan,nan,nan,nan,nan,nan,nan,nan,nan,nan,nan,0.0,0.0,0.0,0.0,0.0,0.0,0.0,0.0,0.0,0.0,0.0,0.0,0.0,0.0,0.0,0.0,0.0,nan,nan,nan,,nan,nan,nan,nan,nan,nan,nan,,,,nan,nan,nan,nan,nan,nan,nan,nan,nan,nan,nan,nan,,nan,nan,,,nan,nan,nan,nan,nan,nan,nan,nan,nan,nan,nan,nan,nan,nan,nan,nan,nan,nan,nan,nan,nan,nan,nan,nan,,nan,nan,nan,,nan,,,,
nan,nan,nan,nan,nan,nan,nan,nan,nan,nan,nan,nan,nan,nan,nan,nan,nan,0.0,0.0,0.0,0.0,0.0,0.0,0.0,0.0,3.0,0.0,0.0,0.0,0.0,0.0,0.0,0.0,3.0,nan,nan,nan,,nan,nan,nan,nan,nan,nan,nan,,,,nan,nan,nan,nan,nan,nan,nan,nan,nan,nan,nan,nan,,nan,nan,,,nan,nan,nan,nan,nan,nan,nan,nan,nan,nan,nan,nan,nan,nan,nan,nan,nan,nan,nan,nan,nan,nan,nan,nan,,nan,nan,nan,,nan,,,,
nan,nan,nan,nan,nan,nan,nan,nan,nan,nan,nan,nan,nan,nan,nan,nan,nan,0.0,0.0,0.0,0.0,0.0,0.0,0.0,0.0,4.0,0.0,0.0,0.0,0.0,0.0,0.0,0.0,4.0,nan,nan,nan,,nan,nan,nan,nan,nan,nan,nan,,,,nan,nan,nan,nan,nan,nan,nan,nan,nan,nan,nan,nan,,nan,nan,,,nan,nan,nan,nan,nan,nan,nan,nan,nan,nan,nan,nan,nan,nan,nan,nan,nan,nan,nan,nan,nan,nan,nan,nan,,nan,nan,nan,,nan,,,,
nan,nan,nan,nan,nan,nan,nan,nan,nan,nan,nan,nan,nan,nan,nan,nan,nan,0.0,0.0,0.0,0.0,0.0,0.0,0.0,0.0,3.0,0.0,0.0,0.0,0.0,0.0,0.0,0.0,3.0,nan,nan,nan,,nan,nan,nan,nan,nan,nan,nan,,,,nan,nan,nan,nan,nan,nan,nan,nan,nan,nan,nan,nan,,nan,nan,,,nan,nan,nan,nan,nan,nan,nan,nan,nan,nan,nan,nan,nan,nan,nan,nan,nan,nan,nan,nan,nan,nan,nan,nan,,nan,nan,nan,,nan,,,,
nan,nan,nan,nan,nan,nan,nan,nan,nan,nan,nan,nan,nan,nan,nan,nan,nan,0.0,0.0,0.0,0.0,0.0,0.0,0.0,0.0,5.0,0.0,0.0,0.0,0.0,0.0,0.0,0.0,5.0,nan,nan,nan,,nan,nan,nan,nan,nan,nan,nan,,,,nan,nan,nan,nan,nan,nan,nan,nan,nan,nan,nan,nan,,nan,nan,,,nan,nan,nan,nan,nan,nan,nan,nan,nan,nan,nan,nan,nan,nan,nan,nan,nan,nan,nan,nan,nan,nan,nan,nan,,nan,nan,nan,,nan,,,,
nan,nan,nan,nan,nan,nan,nan,nan,nan,nan,nan,nan,nan,nan,nan,nan,nan,0.0,0.0,0.0,0.0,0.0,0.0,0.0,0.0,4.0,0.0,0.0,0.0,0.0,0.0,0.0,0.0,4.0,nan,nan,nan,,nan,nan,nan,nan,nan,nan,nan,,,,nan,nan,nan,nan,nan,nan,nan,nan,nan,nan,nan,nan,,nan,nan,,,nan,nan,nan,nan,nan,nan,nan,nan,nan,nan,nan,nan,nan,nan,nan,nan,nan,nan,nan,nan,nan,nan,nan,nan,,nan,nan,nan,,nan,,,,
nan,nan,nan,nan,nan,nan,nan,nan,nan,nan,nan,nan,nan,nan,nan,nan,nan,0.0,0.0,0.0,0.0,0.0,0.0,0.0,0.0,2.0,0.0,0.0,0.0,0.0,0.0,0.0,0.0,2.0,nan,nan,nan,,nan,nan,nan,nan,nan,nan,nan,,,,nan,nan,nan,nan,nan,nan,nan,nan,nan,nan,nan,nan,,nan,nan,,,nan,nan,nan,nan,nan,nan,nan,nan,nan,nan,nan,nan,nan,nan,nan,nan,nan,nan,nan,nan,nan,nan,nan,nan,,nan,nan,nan,,nan,,,,
nan,nan,nan,nan,nan,nan,nan,nan,nan,nan,nan,nan,nan,nan,nan,nan,nan,0.0,0.0,0.0,0.0,0.0,0.0,0.0,0.0,3.0,0.0,0.0,0.0,0.0,0.0,0.0,0.0,3.0,nan,nan,nan,,nan,nan,nan,nan,nan,nan,nan,,,,nan,nan,nan,nan,nan,nan,nan,nan,nan,nan,nan,nan,,nan,nan,,,nan,nan,nan,nan,nan,nan,nan,nan,nan,nan,nan,nan,nan,nan,nan,nan,nan,nan,nan,nan,nan,nan,nan,nan,,nan,nan,nan,,nan,,,,
nan,nan,nan,nan,nan,nan,nan,nan,nan,nan,nan,nan,nan,nan,nan,nan,nan,0.0,0.0,0.0,0.0,0.0,0.0,0.0,0.0,0.0,0.0,0.0,0.0,0.0,0.0,0.0,0.0,0.0,nan,nan,nan,,nan,nan,nan,nan,nan,nan,nan,,,,nan,nan,nan,nan,nan,nan,nan,nan,nan,nan,nan,nan,,nan,nan,,,nan,nan,nan,nan,nan,nan,nan,nan,nan,nan,nan,nan,nan,nan,nan,nan,nan,nan,nan,nan,nan,nan,nan,nan,,nan,nan,nan,,nan,,,,
nan,nan,nan,nan,nan,nan,nan,nan,nan,nan,nan,nan,nan,nan,nan,nan,nan,0.0,0.0,0.0,0.0,0.0,0.0,0.0,0.0,3.0,0.0,0.0,0.0,0.0,0.0,0.0,0.0,3.0,nan,nan,nan,,nan,nan,nan,nan,nan,nan,nan,,,,nan,nan,nan,nan,nan,nan,nan,nan,nan,nan,nan,nan,,nan,nan,,,nan,nan,nan,nan,nan,nan,nan,nan,nan,nan,nan,nan,nan,nan,nan,nan,nan,nan,nan,nan,nan,nan,nan,nan,,nan,nan,nan,,nan,,,,
nan,nan,nan,nan,nan,nan,nan,nan,nan,nan,nan,nan,nan,nan,nan,nan,nan,0.0,0.0,0.0,0.0,0.0,0.0,0.0,0.0,4.0,0.0,0.0,0.0,0.0,0.0,0.0,0.0,4.0,nan,nan,nan,,nan,nan,nan,nan,nan,nan,nan,,,,nan,nan,nan,nan,nan,nan,nan,nan,nan,nan,nan,nan,,nan,nan,,,nan,nan,nan,nan,nan,nan,nan,nan,nan,nan,nan,nan,nan,nan,nan,nan,nan,nan,nan,nan,nan,nan,nan,nan,,nan,nan,nan,,nan,,,,
nan,nan,nan,nan,nan,nan,nan,nan,nan,nan,nan,nan,nan,nan,nan,nan,nan,0.0,0.0,0.0,0.0,0.0,0.0,0.0,0.0,1.0,0.0,0.0,0.0,0.0,0.0,0.0,0.0,1.0,nan,nan,nan,,nan,nan,nan,nan,nan,nan,nan,,,,nan,nan,nan,nan,nan,nan,nan,nan,nan,nan,nan,nan,,nan,nan,,,nan,nan,nan,nan,nan,nan,nan,nan,nan,nan,nan,nan,nan,nan,nan,nan,nan,nan,nan,nan,nan,nan,nan,nan,,nan,nan,nan,,nan,,,,
nan,nan,nan,nan,nan,nan,nan,nan,nan,nan,nan,nan,nan,nan,nan,nan,nan,0.0,0.0,0.0,0.0,0.0,0.0,0.0,0.0,2.0,0.0,0.0,0.0,0.0,0.0,0.0,0.0,2.0,nan,nan,nan,,nan,nan,nan,nan,nan,nan,nan,,,,nan,nan,nan,nan,nan,nan,nan,nan,nan,nan,nan,nan,,nan,nan,,,nan,nan,nan,nan,nan,nan,nan,nan,nan,nan,nan,nan,nan,nan,nan,nan,nan,nan,nan,nan,nan,nan,nan,nan,,nan,nan,nan,,nan,,,,
nan,nan,nan,nan,nan,nan,nan,nan,nan,nan,nan,nan,nan,nan,nan,nan,nan,0.0,0.0,0.0,0.0,0.0,0.0,0.0,0.0,2.0,0.0,0.0,0.0,0.0,0.0,0.0,0.0,2.0,nan,nan,nan,,nan,nan,nan,nan,nan,nan,nan,,,,nan,nan,nan,nan,nan,nan,nan,nan,nan,nan,nan,nan,,nan,nan,,,nan,nan,nan,nan,nan,nan,nan,nan,nan,nan,nan,nan,nan,nan,nan,nan,nan,nan,nan,nan,nan,nan,nan,nan,,nan,nan,nan,,nan,,,,
nan,nan,nan,nan,nan,nan,nan,nan,nan,nan,nan,nan,nan,nan,nan,nan,nan,0.0,0.0,0.0,0.0,0.0,0.0,0.0,0.0,2.0,0.0,0.0,0.0,0.0,0.0,0.0,0.0,2.0,nan,nan,nan,,nan,nan,nan,nan,nan,nan,nan,,,,nan,nan,nan,nan,nan,nan,nan,nan,nan,nan,nan,nan,,nan,nan,,,nan,nan,nan,nan,nan,nan,nan,nan,nan,nan,nan,nan,nan,nan,nan,nan,nan,nan,nan,nan,nan,nan,nan,nan,,nan,nan,nan,,nan,,,,
nan,nan,nan,nan,nan,nan,nan,nan,nan,nan,nan,nan,nan,nan,nan,nan,nan,0.0,0.0,0.0,0.0,0.0,0.0,0.0,0.0,2.0,0.0,0.0,0.0,0.0,0.0,0.0,0.0,2.0,nan,nan,nan,,nan,nan,nan,nan,nan,nan,nan,,,,nan,nan,nan,nan,nan,nan,nan,nan,nan,nan,nan,nan,,nan,nan,,,nan,nan,nan,nan,nan,nan,nan,nan,nan,nan,nan,nan,nan,nan,nan,nan,nan,nan,nan,nan,nan,nan,nan,nan,,nan,nan,nan,,nan,,,,
nan,nan,nan,nan,nan,nan,nan,nan,nan,nan,nan,nan,nan,nan,nan,nan,nan,0.0,0.0,0.0,0.0,0.0,0.0,0.0,0.0,0.0,0.0,0.0,0.0,0.0,0.0,0.0,0.0,0.0,nan,nan,nan,,nan,nan,nan,nan,nan,nan,nan,,,,nan,nan,nan,nan,nan,nan,nan,nan,nan,nan,nan,nan,,nan,nan,,,nan,nan,nan,nan,nan,nan,nan,nan,nan,nan,nan,nan,nan,nan,nan,nan,nan,nan,nan,nan,nan,nan,nan,nan,,nan,nan,nan,,nan,,,,
nan,nan,nan,nan,nan,nan,nan,nan,nan,nan,nan,nan,nan,nan,nan,nan,nan,0.0,0.0,0.0,0.0,0.0,0.0,0.0,0.0,2.0,0.0,0.0,0.0,0.0,0.0,0.0,0.0,2.0,nan,nan,nan,,nan,nan,nan,nan,nan,nan,nan,,,,nan,nan,nan,nan,nan,nan,nan,nan,nan,nan,nan,nan,,nan,nan,,,nan,nan,nan,nan,nan,nan,nan,nan,nan,nan,nan,nan,nan,nan,nan,nan,nan,nan,nan,nan,nan,nan,nan,nan,,nan,nan,nan,,nan,,,,
nan,nan,nan,nan,nan,nan,nan,nan,nan,nan,nan,nan,nan,nan,nan,nan,nan,0.0,0.0,0.0,0.0,0.0,0.0,0.0,0.0,0.0,0.0,0.0,0.0,0.0,0.0,0.0,0.0,0.0,nan,nan,nan,,nan,nan,nan,nan,nan,nan,nan,,,,nan,nan,nan,nan,nan,nan,nan,nan,nan,nan,nan,nan,,nan,nan,,,nan,nan,nan,nan,nan,nan,nan,nan,nan,nan,nan,nan,nan,nan,nan,nan,nan,nan,nan,nan,nan,nan,nan,nan,,nan,nan,nan,,nan,,,,
nan,nan,nan,nan,nan,nan,nan,nan,nan,nan,nan,nan,nan,nan,nan,nan,nan,0.0,0.0,0.0,0.0,0.0,0.0,0.0,0.0,2.0,0.0,0.0,0.0,0.0,0.0,0.0,0.0,2.0,nan,nan,nan,,nan,nan,nan,nan,nan,nan,nan,,,,nan,nan,nan,nan,nan,nan,nan,nan,nan,nan,nan,nan,,nan,nan,,,nan,nan,nan,nan,nan,nan,nan,nan,nan,nan,nan,nan,nan,nan,nan,nan,nan,nan,nan,nan,nan,nan,nan,nan,,nan,nan,nan,,nan,,,,
nan,nan,nan,nan,nan,nan,nan,nan,nan,nan,nan,nan,nan,nan,nan,nan,nan,0.0,0.0,0.0,0.0,0.0,0.0,0.0,0.0,4.0,0.0,0.0,0.0,0.0,0.0,0.0,0.0,4.0,nan,nan,nan,,nan,nan,nan,nan,nan,nan,nan,,,,nan,nan,nan,nan,nan,nan,nan,nan,nan,nan,nan,nan,,nan,nan,,,nan,nan,nan,nan,nan,nan,nan,nan,nan,nan,nan,nan,nan,nan,nan,nan,nan,nan,nan,nan,nan,nan,nan,nan,,nan,nan,nan,,nan,,,,
nan,nan,nan,nan,nan,nan,nan,nan,nan,nan,nan,nan,nan,nan,nan,nan,nan,0.0,0.0,0.0,0.0,0.0,0.0,0.0,0.0,0.0,0.0,0.0,0.0,0.0,0.0,0.0,0.0,0.0,nan,nan,nan,,nan,nan,nan,nan,nan,nan,nan,,,,nan,nan,nan,nan,nan,nan,nan,nan,nan,nan,nan,nan,,nan,nan,,,nan,nan,nan,nan,nan,nan,nan,nan,nan,nan,nan,nan,nan,nan,nan,nan,nan,nan,nan,nan,nan,nan,nan,nan,,nan,nan,nan,,nan,,,,
nan,nan,nan,nan,nan,nan,nan,nan,nan,nan,nan,nan,nan,nan,nan,nan,nan,0.0,0.0,0.0,0.0,0.0,0.0,0.0,0.0,3.0,0.0,0.0,0.0,0.0,0.0,0.0,0.0,3.0,nan,nan,nan,,nan,nan,nan,nan,nan,nan,nan,,,,nan,nan,nan,nan,nan,nan,nan,nan,nan,nan,nan,nan,,nan,nan,,,nan,nan,nan,nan,nan,nan,nan,nan,nan,nan,nan,nan,nan,nan,nan,nan,nan,nan,nan,nan,nan,nan,nan,nan,,nan,nan,nan,,nan,,,,
nan,nan,nan,nan,nan,nan,nan,nan,nan,nan,nan,nan,nan,nan,nan,nan,nan,0.0,0.0,0.0,0.0,0.0,0.0,0.0,0.0,1.0,0.0,0.0,0.0,0.0,0.0,0.0,0.0,1.0,nan,nan,nan,,nan,nan,nan,nan,nan,nan,nan,,,,nan,nan,nan,nan,nan,nan,nan,nan,nan,nan,nan,nan,,nan,nan,,,nan,nan,nan,nan,nan,nan,nan,nan,nan,nan,nan,nan,nan,nan,nan,nan,nan,nan,nan,nan,nan,nan,nan,nan,,nan,nan,nan,,nan,,,,
nan,nan,nan,nan,nan,nan,nan,nan,nan,nan,nan,nan,nan,nan,nan,nan,nan,0.0,0.0,0.0,0.0,0.0,0.0,0.0,0.0,2.0,0.0,0.0,0.0,0.0,0.0,0.0,0.0,2.0,nan,nan,nan,,nan,nan,nan,nan,nan,nan,nan,,,,nan,nan,nan,nan,nan,nan,nan,nan,nan,nan,nan,nan,,nan,nan,,,nan,nan,nan,nan,nan,nan,nan,nan,nan,nan,nan,nan,nan,nan,nan,nan,nan,nan,nan,nan,nan,nan,nan,nan,,nan,nan,nan,,nan,,,,
nan,nan,nan,nan,nan,nan,nan,nan,nan,nan,nan,nan,nan,nan,nan,nan,nan,0.0,0.0,0.0,0.0,0.0,0.0,0.0,0.0,1.0,0.0,0.0,0.0,0.0,0.0,0.0,0.0,1.0,nan,nan,nan,,nan,nan,nan,nan,nan,nan,nan,,,,nan,nan,nan,nan,nan,nan,nan,nan,nan,nan,nan,nan,,nan,nan,,,nan,nan,nan,nan,nan,nan,nan,nan,nan,nan,nan,nan,nan,nan,nan,nan,nan,nan,nan,nan,nan,nan,nan,nan,,nan,nan,nan,,nan,,,,
nan,nan,nan,nan,nan,nan,nan,nan,nan,nan,nan,nan,nan,nan,nan,nan,nan,0.0,0.0,0.0,0.0,0.0,0.0,0.0,0.0,4.0,0.0,0.0,0.0,0.0,0.0,0.0,0.0,4.0,nan,nan,nan,,nan,nan,nan,nan,nan,nan,nan,,,,nan,nan,nan,nan,nan,nan,nan,nan,nan,nan,nan,nan,,nan,nan,,,nan,nan,nan,nan,nan,nan,nan,nan,nan,nan,nan,nan,nan,nan,nan,nan,nan,nan,nan,nan,nan,nan,nan,nan,,nan,nan,nan,,nan,,,,
nan,nan,nan,nan,nan,nan,nan,nan,nan,nan,nan,nan,nan,nan,nan,nan,nan,0.0,0.0,0.0,0.0,0.0,0.0,0.0,0.0,2.0,0.0,0.0,0.0,0.0,0.0,0.0,0.0,2.0,nan,nan,nan,,nan,nan,nan,nan,nan,nan,nan,,,,nan,nan,nan,nan,nan,nan,nan,nan,nan,nan,nan,nan,,nan,nan,,,nan,nan,nan,nan,nan,nan,nan,nan,nan,nan,nan,nan,nan,nan,nan,nan,nan,nan,nan,nan,nan,nan,nan,nan,,nan,nan,nan,,nan,,,,
nan,nan,nan,nan,nan,nan,nan,nan,nan,nan,nan,nan,nan,nan,nan,nan,nan,0.0,0.0,0.0,0.0,0.0,0.0,0.0,0.0,1.0,0.0,0.0,0.0,0.0,0.0,0.0,0.0,1.0,nan,nan,nan,,nan,nan,nan,nan,nan,nan,nan,,,,nan,nan,nan,nan,nan,nan,nan,nan,nan,nan,nan,nan,,nan,nan,,,nan,nan,nan,nan,nan,nan,nan,nan,nan,nan,nan,nan,nan,nan,nan,nan,nan,nan,nan,nan,nan,nan,nan,nan,,nan,nan,nan,,nan,,,,
nan,nan,nan,nan,nan,nan,nan,nan,nan,nan,nan,nan,nan,nan,nan,nan,nan,0.0,0.0,0.0,0.0,0.0,0.0,0.0,0.0,0.0,0.0,0.0,0.0,0.0,0.0,0.0,0.0,0.0,nan,nan,nan,,nan,nan,nan,nan,nan,nan,nan,,,,nan,nan,nan,nan,nan,nan,nan,nan,nan,nan,nan,nan,,nan,nan,,,nan,nan,nan,nan,nan,nan,nan,nan,nan,nan,nan,nan,nan,nan,nan,nan,nan,nan,nan,nan,nan,nan,nan,nan,,nan,nan,nan,,nan,,,,
nan,nan,nan,nan,nan,nan,nan,nan,nan,nan,nan,nan,nan,nan,nan,nan,nan,0.0,0.0,0.0,0.0,0.0,0.0,0.0,0.0,3.0,0.0,0.0,0.0,0.0,0.0,0.0,0.0,3.0,nan,nan,nan,,nan,nan,nan,nan,nan,nan,nan,,,,nan,nan,nan,nan,nan,nan,nan,nan,nan,nan,nan,nan,,nan,nan,,,nan,nan,nan,nan,nan,nan,nan,nan,nan,nan,nan,nan,nan,nan,nan,nan,nan,nan,nan,nan,nan,nan,nan,nan,,nan,nan,nan,,nan,,,,
nan,nan,nan,nan,nan,nan,nan,nan,nan,nan,nan,nan,nan,nan,nan,nan,nan,0.0,0.0,0.0,0.0,0.0,0.0,0.0,0.0,0.0,0.0,0.0,0.0,0.0,0.0,0.0,0.0,0.0,nan,nan,nan,,nan,nan,nan,nan,nan,nan,nan,,,,nan,nan,nan,nan,nan,nan,nan,nan,nan,nan,nan,nan,,nan,nan,,,nan,nan,nan,nan,nan,nan,nan,nan,nan,nan,nan,nan,nan,nan,nan,nan,nan,nan,nan,nan,nan,nan,nan,nan,,nan,nan,nan,,nan,,,,
nan,nan,nan,nan,nan,nan,nan,nan,nan,nan,nan,nan,nan,nan,nan,nan,nan,0.0,0.0,0.0,0.0,0.0,0.0,0.0,0.0,2.0,0.0,0.0,0.0,0.0,0.0,0.0,0.0,2.0,nan,nan,nan,,nan,nan,nan,nan,nan,nan,nan,,,,nan,nan,nan,nan,nan,nan,nan,nan,nan,nan,nan,nan,,nan,nan,,,nan,nan,nan,nan,nan,nan,nan,nan,nan,nan,nan,nan,nan,nan,nan,nan,nan,nan,nan,nan,nan,nan,nan,nan,,nan,nan,nan,,nan,,,,
nan,nan,nan,nan,nan,nan,nan,nan,nan,nan,nan,nan,nan,nan,nan,nan,nan,0.0,0.0,0.0,0.0,0.0,0.0,0.0,0.0,0.0,0.0,0.0,0.0,0.0,0.0,0.0,0.0,0.0,nan,nan,nan,,nan,nan,nan,nan,nan,nan,nan,,,,nan,nan,nan,nan,nan,nan,nan,nan,nan,nan,nan,nan,,nan,nan,,,nan,nan,nan,nan,nan,nan,nan,nan,nan,nan,nan,nan,nan,nan,nan,nan,nan,nan,nan,nan,nan,nan,nan,nan,,nan,nan,nan,,nan,,,,
nan,nan,nan,nan,nan,nan,nan,nan,nan,nan,nan,nan,nan,nan,nan,nan,nan,0.0,0.0,0.0,0.0,0.0,0.0,0.0,0.0,4.0,0.0,0.0,0.0,0.0,0.0,0.0,0.0,4.0,nan,nan,nan,,nan,nan,nan,nan,nan,nan,nan,,,,nan,nan,nan,nan,nan,nan,nan,nan,nan,nan,nan,nan,,nan,nan,,,nan,nan,nan,nan,nan,nan,nan,nan,nan,nan,nan,nan,nan,nan,nan,nan,nan,nan,nan,nan,nan,nan,nan,nan,,nan,nan,nan,,nan,,,,
nan,nan,nan,nan,nan,nan,nan,nan,nan,nan,nan,nan,nan,nan,nan,nan,nan,0.0,0.0,0.0,0.0,0.0,0.0,0.0,0.0,1.0,0.0,0.0,0.0,0.0,0.0,0.0,0.0,1.0,nan,nan,nan,,nan,nan,nan,nan,nan,nan,nan,,,,nan,nan,nan,nan,nan,nan,nan,nan,nan,nan,nan,nan,,nan,nan,,,nan,nan,nan,nan,nan,nan,nan,nan,nan,nan,nan,nan,nan,nan,nan,nan,nan,nan,nan,nan,nan,nan,nan,nan,,nan,nan,nan,,nan,,,,
nan,nan,nan,nan,nan,nan,nan,nan,nan,nan,nan,nan,nan,nan,nan,nan,nan,0.0,0.0,0.0,0.0,0.0,0.0,0.0,0.0,0.0,0.0,0.0,0.0,0.0,0.0,0.0,0.0,0.0,nan,nan,nan,,nan,nan,nan,nan,nan,nan,nan,,,,nan,nan,nan,nan,nan,nan,nan,nan,nan,nan,nan,nan,,nan,nan,,,nan,nan,nan,nan,nan,nan,nan,nan,nan,nan,nan,nan,nan,nan,nan,nan,nan,nan,nan,nan,nan,nan,nan,nan,,nan,nan,nan,,nan,,,,
nan,nan,nan,nan,nan,nan,nan,nan,nan,nan,nan,nan,nan,nan,nan,nan,nan,0.0,0.0,0.0,0.0,0.0,0.0,0.0,0.0,0.0,0.0,0.0,0.0,0.0,0.0,0.0,0.0,0.0,nan,nan,nan,,nan,nan,nan,nan,nan,nan,nan,,,,nan,nan,nan,nan,nan,nan,nan,nan,nan,nan,nan,nan,,nan,nan,,,nan,nan,nan,nan,nan,nan,nan,nan,nan,nan,nan,nan,nan,nan,nan,nan,nan,nan,nan,nan,nan,nan,nan,nan,,nan,nan,nan,,nan,,,,
nan,nan,nan,nan,nan,nan,nan,nan,nan,nan,nan,nan,nan,nan,nan,nan,nan,0.0,0.0,0.0,0.0,0.0,0.0,0.0,0.0,3.0,0.0,0.0,0.0,0.0,0.0,0.0,0.0,3.0,nan,nan,nan,,nan,nan,nan,nan,nan,nan,nan,,,,nan,nan,nan,nan,nan,nan,nan,nan,nan,nan,nan,nan,,nan,nan,,,nan,nan,nan,nan,nan,nan,nan,nan,nan,nan,nan,nan,nan,nan,nan,nan,nan,nan,nan,nan,nan,nan,nan,nan,,nan,nan,nan,,nan,,,,
nan,nan,nan,nan,nan,nan,nan,nan,nan,nan,nan,nan,nan,nan,nan,nan,nan,0.0,0.0,0.0,0.0,0.0,0.0,0.0,0.0,3.0,0.0,0.0,0.0,0.0,0.0,0.0,0.0,3.0,nan,nan,nan,,nan,nan,nan,nan,nan,nan,nan,,,,nan,nan,nan,nan,nan,nan,nan,nan,nan,nan,nan,nan,,nan,nan,,,nan,nan,nan,nan,nan,nan,nan,nan,nan,nan,nan,nan,nan,nan,nan,nan,nan,nan,nan,nan,nan,nan,nan,nan,,nan,nan,nan,,nan,,,,
nan,nan,nan,nan,nan,nan,nan,nan,nan,nan,nan,nan,nan,nan,nan,nan,nan,0.0,0.0,0.0,0.0,0.0,0.0,0.0,0.0,0.0,0.0,0.0,0.0,0.0,0.0,0.0,0.0,0.0,nan,nan,nan,,nan,nan,nan,nan,nan,nan,nan,,,,nan,nan,nan,nan,nan,nan,nan,nan,nan,nan,nan,nan,,nan,nan,,,nan,nan,nan,nan,nan,nan,nan,nan,nan,nan,nan,nan,nan,nan,nan,nan,nan,nan,nan,nan,nan,nan,nan,nan,,nan,nan,nan,,nan,,,,
nan,nan,nan,nan,nan,nan,nan,nan,nan,nan,nan,nan,nan,nan,nan,nan,nan,0.0,0.0,0.0,0.0,0.0,0.0,0.0,0.0,1.0,0.0,0.0,0.0,0.0,0.0,0.0,0.0,1.0,nan,nan,nan,,nan,nan,nan,nan,nan,nan,nan,,,,nan,nan,nan,nan,nan,nan,nan,nan,nan,nan,nan,nan,,nan,nan,,,nan,nan,nan,nan,nan,nan,nan,nan,nan,nan,nan,nan,nan,nan,nan,nan,nan,nan,nan,nan,nan,nan,nan,nan,,nan,nan,nan,,nan,,,,
nan,nan,nan,nan,nan,nan,nan,nan,nan,nan,nan,nan,nan,nan,nan,nan,nan,0.0,0.0,0.0,0.0,0.0,0.0,0.0,0.0,3.0,0.0,0.0,0.0,0.0,0.0,0.0,0.0,3.0,nan,nan,nan,,nan,nan,nan,nan,nan,nan,nan,,,,nan,nan,nan,nan,nan,nan,nan,nan,nan,nan,nan,nan,,nan,nan,,,nan,nan,nan,nan,nan,nan,nan,nan,nan,nan,nan,nan,nan,nan,nan,nan,nan,nan,nan,nan,nan,nan,nan,nan,,nan,nan,nan,,nan,,,,
nan,nan,nan,nan,nan,nan,nan,nan,nan,nan,nan,nan,nan,nan,nan,nan,nan,0.0,0.0,0.0,0.0,0.0,0.0,0.0,0.0,0.0,0.0,0.0,0.0,0.0,0.0,0.0,0.0,0.0,nan,nan,nan,,nan,nan,nan,nan,nan,nan,nan,,,,nan,nan,nan,nan,nan,nan,nan,nan,nan,nan,nan,nan,,nan,nan,,,nan,nan,nan,nan,nan,nan,nan,nan,nan,nan,nan,nan,nan,nan,nan,nan,nan,nan,nan,nan,nan,nan,nan,nan,,nan,nan,nan,,nan,,,,
nan,nan,nan,nan,nan,nan,nan,nan,nan,nan,nan,nan,nan,nan,nan,nan,nan,0.0,0.0,0.0,0.0,0.0,0.0,0.0,0.0,5.0,0.0,0.0,0.0,0.0,0.0,0.0,0.0,5.0,nan,nan,nan,,nan,nan,nan,nan,nan,nan,nan,,,,nan,nan,nan,nan,nan,nan,nan,nan,nan,nan,nan,nan,,nan,nan,,,nan,nan,nan,nan,nan,nan,nan,nan,nan,nan,nan,nan,nan,nan,nan,nan,nan,nan,nan,nan,nan,nan,nan,nan,,nan,nan,nan,,nan,,,,
nan,nan,nan,nan,nan,nan,nan,nan,nan,nan,nan,nan,nan,nan,nan,nan,nan,0.0,0.0,0.0,0.0,0.0,0.0,0.0,0.0,0.0,0.0,0.0,0.0,0.0,0.0,0.0,0.0,0.0,nan,nan,nan,,nan,nan,nan,nan,nan,nan,nan,,,,nan,nan,nan,nan,nan,nan,nan,nan,nan,nan,nan,nan,,nan,nan,,,nan,nan,nan,nan,nan,nan,nan,nan,nan,nan,nan,nan,nan,nan,nan,nan,nan,nan,nan,nan,nan,nan,nan,nan,,nan,nan,nan,,nan,,,,
nan,nan,nan,nan,nan,nan,nan,nan,nan,nan,nan,nan,nan,nan,nan,nan,nan,0.0,0.0,0.0,0.0,0.0,0.0,0.0,0.0,0.0,0.0,0.0,0.0,0.0,0.0,0.0,0.0,0.0,nan,nan,nan,,nan,nan,nan,nan,nan,nan,nan,,,,nan,nan,nan,nan,nan,nan,nan,nan,nan,nan,nan,nan,,nan,nan,,,nan,nan,nan,nan,nan,nan,nan,nan,nan,nan,nan,nan,nan,nan,nan,nan,nan,nan,nan,nan,nan,nan,nan,nan,,nan,nan,nan,,nan,,,,
nan,nan,nan,nan,nan,nan,nan,nan,nan,nan,nan,nan,nan,nan,nan,nan,nan,0.0,0.0,0.0,0.0,0.0,0.0,0.0,0.0,1.0,0.0,0.0,0.0,0.0,0.0,0.0,0.0,1.0,nan,nan,nan,,nan,nan,nan,nan,nan,nan,nan,,,,nan,nan,nan,nan,nan,nan,nan,nan,nan,nan,nan,nan,,nan,nan,,,nan,nan,nan,nan,nan,nan,nan,nan,nan,nan,nan,nan,nan,nan,nan,nan,nan,nan,nan,nan,nan,nan,nan,nan,,nan,nan,nan,,nan,,,,
nan,nan,nan,nan,nan,nan,nan,nan,nan,nan,nan,nan,nan,nan,nan,nan,nan,0.0,0.0,0.0,0.0,0.0,0.0,0.0,0.0,12.0,0.0,0.0,0.0,0.0,0.0,0.0,0.0,12.0,nan,nan,nan,,nan,nan,nan,nan,nan,nan,nan,,,,nan,nan,nan,nan,nan,nan,nan,nan,nan,nan,nan,nan,,nan,nan,,,nan,nan,nan,nan,nan,nan,nan,nan,nan,nan,nan,nan,nan,nan,nan,nan,nan,nan,nan,nan,nan,nan,nan,nan,,nan,nan,nan,,nan,,,,
nan,nan,nan,nan,nan,nan,nan,nan,nan,nan,nan,nan,nan,nan,nan,nan,nan,0.0,0.0,0.0,0.0,0.0,0.0,0.0,0.0,3.0,0.0,0.0,0.0,0.0,0.0,0.0,0.0,3.0,nan,nan,nan,,nan,nan,nan,nan,nan,nan,nan,,,,nan,nan,nan,nan,nan,nan,nan,nan,nan,nan,nan,nan,,nan,nan,,,nan,nan,nan,nan,nan,nan,nan,nan,nan,nan,nan,nan,nan,nan,nan,nan,nan,nan,nan,nan,nan,nan,nan,nan,,nan,nan,nan,,nan,,,,
nan,nan,nan,nan,nan,nan,nan,nan,nan,nan,nan,nan,nan,nan,nan,nan,nan,0.0,0.0,0.0,0.0,0.0,0.0,0.0,0.0,1.0,0.0,0.0,0.0,0.0,0.0,0.0,0.0,1.0,nan,nan,nan,,nan,nan,nan,nan,nan,nan,nan,,,,nan,nan,nan,nan,nan,nan,nan,nan,nan,nan,nan,nan,,nan,nan,,,nan,nan,nan,nan,nan,nan,nan,nan,nan,nan,nan,nan,nan,nan,nan,nan,nan,nan,nan,nan,nan,nan,nan,nan,,nan,nan,nan,,nan,,,,
nan,nan,nan,nan,nan,nan,nan,nan,nan,nan,nan,nan,nan,nan,nan,nan,nan,0.0,0.0,0.0,0.0,0.0,0.0,0.0,0.0,2.0,0.0,0.0,0.0,0.0,0.0,0.0,0.0,2.0,nan,nan,nan,,nan,nan,nan,nan,nan,nan,nan,,,,nan,nan,nan,nan,nan,nan,nan,nan,nan,nan,nan,nan,,nan,nan,,,nan,nan,nan,nan,nan,nan,nan,nan,nan,nan,nan,nan,nan,nan,nan,nan,nan,nan,nan,nan,nan,nan,nan,nan,,nan,nan,nan,,nan,,,,
nan,nan,nan,nan,nan,nan,nan,nan,nan,nan,nan,nan,nan,nan,nan,nan,nan,0.0,0.0,0.0,0.0,0.0,0.0,0.0,0.0,0.0,0.0,0.0,0.0,0.0,0.0,0.0,0.0,0.0,nan,nan,nan,,nan,nan,nan,nan,nan,nan,nan,,,,nan,nan,nan,nan,nan,nan,nan,nan,nan,nan,nan,nan,,nan,nan,,,nan,nan,nan,nan,nan,nan,nan,nan,nan,nan,nan,nan,nan,nan,nan,nan,nan,nan,nan,nan,nan,nan,nan,nan,,nan,nan,nan,,nan,,,,
nan,nan,nan,nan,nan,nan,nan,nan,nan,nan,nan,nan,nan,nan,nan,nan,nan,0.0,0.0,0.0,0.0,0.0,0.0,0.0,0.0,2.0,0.0,0.0,0.0,0.0,0.0,0.0,0.0,2.0,nan,nan,nan,,nan,nan,nan,nan,nan,nan,nan,,,,nan,nan,nan,nan,nan,nan,nan,nan,nan,nan,nan,nan,,nan,nan,,,nan,nan,nan,nan,nan,nan,nan,nan,nan,nan,nan,nan,nan,nan,nan,nan,nan,nan,nan,nan,nan,nan,nan,nan,,nan,nan,nan,,nan,,,,
nan,nan,nan,nan,nan,nan,nan,nan,nan,nan,nan,nan,nan,nan,nan,nan,nan,0.0,0.0,0.0,0.0,0.0,0.0,0.0,0.0,3.0,0.0,0.0,0.0,0.0,0.0,0.0,0.0,3.0,nan,nan,nan,,nan,nan,nan,nan,nan,nan,nan,,,,nan,nan,nan,nan,nan,nan,nan,nan,nan,nan,nan,nan,,nan,nan,,,nan,nan,nan,nan,nan,nan,nan,nan,nan,nan,nan,nan,nan,nan,nan,nan,nan,nan,nan,nan,nan,nan,nan,nan,,nan,nan,nan,,nan,,,,
nan,nan,nan,nan,nan,nan,nan,nan,nan,nan,nan,nan,nan,nan,nan,nan,nan,0.0,0.0,0.0,0.0,0.0,0.0,0.0,0.0,1.0,0.0,0.0,0.0,0.0,0.0,0.0,0.0,1.0,nan,nan,nan,,nan,nan,nan,nan,nan,nan,nan,,,,nan,nan,nan,nan,nan,nan,nan,nan,nan,nan,nan,nan,,nan,nan,,,nan,nan,nan,nan,nan,nan,nan,nan,nan,nan,nan,nan,nan,nan,nan,nan,nan,nan,nan,nan,nan,nan,nan,nan,,nan,nan,nan,,nan,,,,
nan,nan,nan,nan,nan,nan,nan,nan,nan,nan,nan,nan,nan,nan,nan,nan,nan,0.0,0.0,0.0,0.0,0.0,0.0,0.0,0.0,3.0,0.0,0.0,0.0,0.0,0.0,0.0,0.0,3.0,nan,nan,nan,,nan,nan,nan,nan,nan,nan,nan,,,,nan,nan,nan,nan,nan,nan,nan,nan,nan,nan,nan,nan,,nan,nan,,,nan,nan,nan,nan,nan,nan,nan,nan,nan,nan,nan,nan,nan,nan,nan,nan,nan,nan,nan,nan,nan,nan,nan,nan,,nan,nan,nan,,nan,,,,
nan,nan,nan,nan,nan,nan,nan,nan,nan,nan,nan,nan,nan,nan,nan,nan,nan,0.0,0.0,0.0,0.0,0.0,0.0,0.0,0.0,2.0,0.0,0.0,0.0,0.0,0.0,0.0,0.0,2.0,nan,nan,nan,,nan,nan,nan,nan,nan,nan,nan,,,,nan,nan,nan,nan,nan,nan,nan,nan,nan,nan,nan,nan,,nan,nan,,,nan,nan,nan,nan,nan,nan,nan,nan,nan,nan,nan,nan,nan,nan,nan,nan,nan,nan,nan,nan,nan,nan,nan,nan,,nan,nan,nan,,nan,,,,
nan,nan,nan,nan,nan,nan,nan,nan,nan,nan,nan,nan,nan,nan,nan,nan,nan,0.0,0.0,0.0,0.0,0.0,0.0,0.0,0.0,2.0,0.0,0.0,0.0,0.0,0.0,0.0,0.0,2.0,nan,nan,nan,,nan,nan,nan,nan,nan,nan,nan,,,,nan,nan,nan,nan,nan,nan,nan,nan,nan,nan,nan,nan,,nan,nan,,,nan,nan,nan,nan,nan,nan,nan,nan,nan,nan,nan,nan,nan,nan,nan,nan,nan,nan,nan,nan,nan,nan,nan,nan,,nan,nan,nan,,nan,,,,
nan,nan,nan,nan,nan,nan,nan,nan,nan,nan,nan,nan,nan,nan,nan,nan,nan,0.0,0.0,0.0,0.0,0.0,0.0,0.0,0.0,2.0,0.0,0.0,0.0,0.0,0.0,0.0,0.0,2.0,nan,nan,nan,,nan,nan,nan,nan,nan,nan,nan,,,,nan,nan,nan,nan,nan,nan,nan,nan,nan,nan,nan,nan,,nan,nan,,,nan,nan,nan,nan,nan,nan,nan,nan,nan,nan,nan,nan,nan,nan,nan,nan,nan,nan,nan,nan,nan,nan,nan,nan,,nan,nan,nan,,nan,,,,
nan,nan,nan,nan,nan,nan,nan,nan,nan,nan,nan,nan,nan,nan,nan,nan,nan,0.0,0.0,0.0,0.0,0.0,0.0,0.0,0.0,0.0,0.0,0.0,0.0,0.0,0.0,0.0,0.0,0.0,nan,nan,nan,,nan,nan,nan,nan,nan,nan,nan,,,,nan,nan,nan,nan,nan,nan,nan,nan,nan,nan,nan,nan,,nan,nan,,,nan,nan,nan,nan,nan,nan,nan,nan,nan,nan,nan,nan,nan,nan,nan,nan,nan,nan,nan,nan,nan,nan,nan,nan,,nan,nan,nan,,nan,,,,
nan,nan,nan,nan,nan,nan,nan,nan,nan,nan,nan,nan,nan,nan,nan,nan,nan,0.0,0.0,0.0,0.0,0.0,0.0,0.0,0.0,2.0,0.0,0.0,0.0,0.0,0.0,0.0,0.0,2.0,nan,nan,nan,,nan,nan,nan,nan,nan,nan,nan,,,,nan,nan,nan,nan,nan,nan,nan,nan,nan,nan,nan,nan,,nan,nan,,,nan,nan,nan,nan,nan,nan,nan,nan,nan,nan,nan,nan,nan,nan,nan,nan,nan,nan,nan,nan,nan,nan,nan,nan,,nan,nan,nan,,nan,,,,
nan,nan,nan,nan,nan,nan,nan,nan,nan,nan,nan,nan,nan,nan,nan,nan,nan,0.0,0.0,0.0,0.0,0.0,0.0,0.0,0.0,0.0,0.0,0.0,0.0,0.0,0.0,0.0,0.0,0.0,nan,nan,nan,,nan,nan,nan,nan,nan,nan,nan,,,,nan,nan,nan,nan,nan,nan,nan,nan,nan,nan,nan,nan,,nan,nan,,,nan,nan,nan,nan,nan,nan,nan,nan,nan,nan,nan,nan,nan,nan,nan,nan,nan,nan,nan,nan,nan,nan,nan,nan,,nan,nan,nan,,nan,,,,
nan,nan,nan,nan,nan,nan,nan,nan,nan,nan,nan,nan,nan,nan,nan,nan,nan,0.0,0.0,0.0,0.0,0.0,0.0,0.0,0.0,2.0,0.0,0.0,0.0,0.0,0.0,0.0,0.0,2.0,nan,nan,nan,,nan,nan,nan,nan,nan,nan,nan,,,,nan,nan,nan,nan,nan,nan,nan,nan,nan,nan,nan,nan,,nan,nan,,,nan,nan,nan,nan,nan,nan,nan,nan,nan,nan,nan,nan,nan,nan,nan,nan,nan,nan,nan,nan,nan,nan,nan,nan,,nan,nan,nan,,nan,,,,
nan,nan,nan,nan,nan,nan,nan,nan,nan,nan,nan,nan,nan,nan,nan,nan,nan,0.0,0.0,0.0,0.0,0.0,0.0,0.0,0.0,1.0,0.0,0.0,0.0,0.0,0.0,0.0,0.0,1.0,nan,nan,nan,,nan,nan,nan,nan,nan,nan,nan,,,,nan,nan,nan,nan,nan,nan,nan,nan,nan,nan,nan,nan,,nan,nan,,,nan,nan,nan,nan,nan,nan,nan,nan,nan,nan,nan,nan,nan,nan,nan,nan,nan,nan,nan,nan,nan,nan,nan,nan,,nan,nan,nan,,nan,,,,
nan,nan,nan,nan,nan,nan,nan,nan,nan,nan,nan,nan,nan,nan,nan,nan,nan,0.0,0.0,0.0,0.0,0.0,0.0,0.0,0.0,4.0,0.0,0.0,0.0,0.0,0.0,0.0,0.0,4.0,nan,nan,nan,,nan,nan,nan,nan,nan,nan,nan,,,,nan,nan,nan,nan,nan,nan,nan,nan,nan,nan,nan,nan,,nan,nan,,,nan,nan,nan,nan,nan,nan,nan,nan,nan,nan,nan,nan,nan,nan,nan,nan,nan,nan,nan,nan,nan,nan,nan,nan,,nan,nan,nan,,nan,,,,
nan,nan,nan,nan,nan,nan,nan,nan,nan,nan,nan,nan,nan,nan,nan,nan,nan,0.0,0.0,0.0,0.0,0.0,0.0,0.0,0.0,0.0,0.0,0.0,0.0,0.0,0.0,0.0,0.0,0.0,nan,nan,nan,,nan,nan,nan,nan,nan,nan,nan,,,,nan,nan,nan,nan,nan,nan,nan,nan,nan,nan,nan,nan,,nan,nan,,,nan,nan,nan,nan,nan,nan,nan,nan,nan,nan,nan,nan,nan,nan,nan,nan,nan,nan,nan,nan,nan,nan,nan,nan,,nan,nan,nan,,nan,,,,
nan,nan,nan,nan,nan,nan,nan,nan,nan,nan,nan,nan,nan,nan,nan,nan,nan,0.0,0.0,0.0,0.0,0.0,0.0,0.0,0.0,4.0,0.0,0.0,0.0,0.0,0.0,0.0,0.0,4.0,nan,nan,nan,,nan,nan,nan,nan,nan,nan,nan,,,,nan,nan,nan,nan,nan,nan,nan,nan,nan,nan,nan,nan,,nan,nan,,,nan,nan,nan,nan,nan,nan,nan,nan,nan,nan,nan,nan,nan,nan,nan,nan,nan,nan,nan,nan,nan,nan,nan,nan,,nan,nan,nan,,nan,,,,
nan,nan,nan,nan,nan,nan,nan,nan,nan,nan,nan,nan,nan,nan,nan,nan,nan,0.0,0.0,0.0,0.0,0.0,0.0,0.0,0.0,1.0,0.0,0.0,0.0,0.0,0.0,0.0,0.0,1.0,nan,nan,nan,,nan,nan,nan,nan,nan,nan,nan,,,,nan,nan,nan,nan,nan,nan,nan,nan,nan,nan,nan,nan,,nan,nan,,,nan,nan,nan,nan,nan,nan,nan,nan,nan,nan,nan,nan,nan,nan,nan,nan,nan,nan,nan,nan,nan,nan,nan,nan,,nan,nan,nan,,nan,,,,
nan,nan,nan,nan,nan,nan,nan,nan,nan,nan,nan,nan,nan,nan,nan,nan,nan,0.0,0.0,0.0,0.0,0.0,0.0,0.0,0.0,1.0,0.0,0.0,0.0,0.0,0.0,0.0,0.0,1.0,nan,nan,nan,,nan,nan,nan,nan,nan,nan,nan,,,,nan,nan,nan,nan,nan,nan,nan,nan,nan,nan,nan,nan,,nan,nan,,,nan,nan,nan,nan,nan,nan,nan,nan,nan,nan,nan,nan,nan,nan,nan,nan,nan,nan,nan,nan,nan,nan,nan,nan,,nan,nan,nan,,nan,,,,
nan,nan,nan,nan,nan,nan,nan,nan,nan,nan,nan,nan,nan,nan,nan,nan,nan,0.0,0.0,0.0,0.0,0.0,0.0,0.0,0.0,0.0,0.0,0.0,0.0,0.0,0.0,0.0,0.0,0.0,nan,nan,nan,,nan,nan,nan,nan,nan,nan,nan,,,,nan,nan,nan,nan,nan,nan,nan,nan,nan,nan,nan,nan,,nan,nan,,,nan,nan,nan,nan,nan,nan,nan,nan,nan,nan,nan,nan,nan,nan,nan,nan,nan,nan,nan,nan,nan,nan,nan,nan,,nan,nan,nan,,nan,,,,
nan,nan,nan,nan,nan,nan,nan,nan,nan,nan,nan,nan,nan,nan,nan,nan,nan,0.0,0.0,0.0,0.0,0.0,0.0,0.0,0.0,3.0,0.0,0.0,0.0,0.0,0.0,0.0,0.0,3.0,nan,nan,nan,,nan,nan,nan,nan,nan,nan,nan,,,,nan,nan,nan,nan,nan,nan,nan,nan,nan,nan,nan,nan,,nan,nan,,,nan,nan,nan,nan,nan,nan,nan,nan,nan,nan,nan,nan,nan,nan,nan,nan,nan,nan,nan,nan,nan,nan,nan,nan,,nan,nan,nan,,nan,,,,
nan,nan,nan,nan,nan,nan,nan,nan,nan,nan,nan,nan,nan,nan,nan,nan,nan,0.0,0.0,0.0,0.0,0.0,0.0,0.0,0.0,1.0,0.0,0.0,0.0,0.0,0.0,0.0,0.0,1.0,nan,nan,nan,,nan,nan,nan,nan,nan,nan,nan,,,,nan,nan,nan,nan,nan,nan,nan,nan,nan,nan,nan,nan,,nan,nan,,,nan,nan,nan,nan,nan,nan,nan,nan,nan,nan,nan,nan,nan,nan,nan,nan,nan,nan,nan,nan,nan,nan,nan,nan,,nan,nan,nan,,nan,,,,
nan,nan,nan,nan,nan,nan,nan,nan,nan,nan,nan,nan,nan,nan,nan,nan,nan,0.0,0.0,0.0,0.0,0.0,0.0,0.0,0.0,0.0,0.0,0.0,0.0,0.0,0.0,0.0,0.0,0.0,nan,nan,nan,,nan,nan,nan,nan,nan,nan,nan,,,,nan,nan,nan,nan,nan,nan,nan,nan,nan,nan,nan,nan,,nan,nan,,,nan,nan,nan,nan,nan,nan,nan,nan,nan,nan,nan,nan,nan,nan,nan,nan,nan,nan,nan,nan,nan,nan,nan,nan,,nan,nan,nan,,nan,,,,
nan,nan,nan,nan,nan,nan,nan,nan,nan,nan,nan,nan,nan,nan,nan,nan,nan,0.0,0.0,0.0,0.0,0.0,0.0,0.0,0.0,1.0,0.0,0.0,0.0,0.0,0.0,0.0,0.0,1.0,nan,nan,nan,,nan,nan,nan,nan,nan,nan,nan,,,,nan,nan,nan,nan,nan,nan,nan,nan,nan,nan,nan,nan,,nan,nan,,,nan,nan,nan,nan,nan,nan,nan,nan,nan,nan,nan,nan,nan,nan,nan,nan,nan,nan,nan,nan,nan,nan,nan,nan,,nan,nan,nan,,nan,,,,
nan,nan,nan,nan,nan,nan,nan,nan,nan,nan,nan,nan,nan,nan,nan,nan,nan,0.0,0.0,0.0,0.0,0.0,0.0,0.0,0.0,2.0,0.0,0.0,0.0,0.0,0.0,0.0,0.0,2.0,nan,nan,nan,,nan,nan,nan,nan,nan,nan,nan,,,,nan,nan,nan,nan,nan,nan,nan,nan,nan,nan,nan,nan,,nan,nan,,,nan,nan,nan,nan,nan,nan,nan,nan,nan,nan,nan,nan,nan,nan,nan,nan,nan,nan,nan,nan,nan,nan,nan,nan,,nan,nan,nan,,nan,,,,
nan,nan,nan,nan,nan,nan,nan,nan,nan,nan,nan,nan,nan,nan,nan,nan,nan,0.0,0.0,0.0,0.0,0.0,0.0,0.0,0.0,4.0,0.0,0.0,0.0,0.0,0.0,0.0,0.0,4.0,nan,nan,nan,,nan,nan,nan,nan,nan,nan,nan,,,,nan,nan,nan,nan,nan,nan,nan,nan,nan,nan,nan,nan,,nan,nan,,,nan,nan,nan,nan,nan,nan,nan,nan,nan,nan,nan,nan,nan,nan,nan,nan,nan,nan,nan,nan,nan,nan,nan,nan,,nan,nan,nan,,nan,,,,
nan,nan,nan,nan,nan,nan,nan,nan,nan,nan,nan,nan,nan,nan,nan,nan,nan,0.0,0.0,0.0,0.0,0.0,0.0,0.0,0.0,0.0,0.0,0.0,0.0,0.0,0.0,0.0,0.0,0.0,nan,nan,nan,,nan,nan,nan,nan,nan,nan,nan,,,,nan,nan,nan,nan,nan,nan,nan,nan,nan,nan,nan,nan,,nan,nan,,,nan,nan,nan,nan,nan,nan,nan,nan,nan,nan,nan,nan,nan,nan,nan,nan,nan,nan,nan,nan,nan,nan,nan,nan,,nan,nan,nan,,nan,,,,
nan,nan,nan,nan,nan,nan,nan,nan,nan,nan,nan,nan,nan,nan,nan,nan,nan,0.0,0.0,0.0,0.0,0.0,0.0,0.0,0.0,3.0,0.0,0.0,0.0,0.0,0.0,0.0,0.0,3.0,nan,nan,nan,,nan,nan,nan,nan,nan,nan,nan,,,,nan,nan,nan,nan,nan,nan,nan,nan,nan,nan,nan,nan,,nan,nan,,,nan,nan,nan,nan,nan,nan,nan,nan,nan,nan,nan,nan,nan,nan,nan,nan,nan,nan,nan,nan,nan,nan,nan,nan,,nan,nan,nan,,nan,,,,
nan,nan,nan,nan,nan,nan,nan,nan,nan,nan,nan,nan,nan,nan,nan,nan,nan,0.0,0.0,0.0,0.0,0.0,0.0,0.0,0.0,2.0,0.0,0.0,0.0,0.0,0.0,0.0,0.0,2.0,nan,nan,nan,,nan,nan,nan,nan,nan,nan,nan,,,,nan,nan,nan,nan,nan,nan,nan,nan,nan,nan,nan,nan,,nan,nan,,,nan,nan,nan,nan,nan,nan,nan,nan,nan,nan,nan,nan,nan,nan,nan,nan,nan,nan,nan,nan,nan,nan,nan,nan,,nan,nan,nan,,nan,,,,
nan,nan,nan,nan,nan,nan,nan,nan,nan,nan,nan,nan,nan,nan,nan,nan,nan,0.0,0.0,0.0,0.0,0.0,0.0,0.0,0.0,1.0,0.0,0.0,0.0,0.0,0.0,0.0,0.0,1.0,nan,nan,nan,,nan,nan,nan,nan,nan,nan,nan,,,,nan,nan,nan,nan,nan,nan,nan,nan,nan,nan,nan,nan,,nan,nan,,,nan,nan,nan,nan,nan,nan,nan,nan,nan,nan,nan,nan,nan,nan,nan,nan,nan,nan,nan,nan,nan,nan,nan,nan,,nan,nan,nan,,nan,,,,
nan,nan,nan,nan,nan,nan,nan,nan,nan,nan,nan,nan,nan,nan,nan,nan,nan,0.0,0.0,0.0,0.0,0.0,0.0,0.0,0.0,2.0,0.0,0.0,0.0,0.0,0.0,0.0,0.0,2.0,nan,nan,nan,,nan,nan,nan,nan,nan,nan,nan,,,,nan,nan,nan,nan,nan,nan,nan,nan,nan,nan,nan,nan,,nan,nan,,,nan,nan,nan,nan,nan,nan,nan,nan,nan,nan,nan,nan,nan,nan,nan,nan,nan,nan,nan,nan,nan,nan,nan,nan,,nan,nan,nan,,nan,,,,
nan,nan,nan,nan,nan,nan,nan,nan,nan,nan,nan,nan,nan,nan,nan,nan,nan,0.0,0.0,0.0,0.0,0.0,0.0,0.0,0.0,1.0,0.0,0.0,0.0,0.0,0.0,0.0,0.0,1.0,nan,nan,nan,,nan,nan,nan,nan,nan,nan,nan,,,,nan,nan,nan,nan,nan,nan,nan,nan,nan,nan,nan,nan,,nan,nan,,,nan,nan,nan,nan,nan,nan,nan,nan,nan,nan,nan,nan,nan,nan,nan,nan,nan,nan,nan,nan,nan,nan,nan,nan,,nan,nan,nan,,nan,,,,
nan,nan,nan,nan,nan,nan,nan,nan,nan,nan,nan,nan,nan,nan,nan,nan,nan,0.0,0.0,0.0,0.0,0.0,0.0,0.0,0.0,2.0,0.0,0.0,0.0,0.0,0.0,0.0,0.0,2.0,nan,nan,nan,,nan,nan,nan,nan,nan,nan,nan,,,,nan,nan,nan,nan,nan,nan,nan,nan,nan,nan,nan,nan,,nan,nan,,,nan,nan,nan,nan,nan,nan,nan,nan,nan,nan,nan,nan,nan,nan,nan,nan,nan,nan,nan,nan,nan,nan,nan,nan,,nan,nan,nan,,nan,,,,
nan,nan,nan,nan,nan,nan,nan,nan,nan,nan,nan,nan,nan,nan,nan,nan,nan,0.0,0.0,0.0,0.0,0.0,0.0,0.0,0.0,1.0,0.0,0.0,0.0,0.0,0.0,0.0,0.0,1.0,nan,nan,nan,,nan,nan,nan,nan,nan,nan,nan,,,,nan,nan,nan,nan,nan,nan,nan,nan,nan,nan,nan,nan,,nan,nan,,,nan,nan,nan,nan,nan,nan,nan,nan,nan,nan,nan,nan,nan,nan,nan,nan,nan,nan,nan,nan,nan,nan,nan,nan,,nan,nan,nan,,nan,,,,
nan,nan,nan,nan,nan,nan,nan,nan,nan,nan,nan,nan,nan,nan,nan,nan,nan,0.0,0.0,0.0,0.0,0.0,0.0,0.0,0.0,0.0,0.0,0.0,0.0,0.0,0.0,0.0,0.0,0.0,nan,nan,nan,,nan,nan,nan,nan,nan,nan,nan,,,,nan,nan,nan,nan,nan,nan,nan,nan,nan,nan,nan,nan,,nan,nan,,,nan,nan,nan,nan,nan,nan,nan,nan,nan,nan,nan,nan,nan,nan,nan,nan,nan,nan,nan,nan,nan,nan,nan,nan,,nan,nan,nan,,nan,,,,
nan,nan,nan,nan,nan,nan,nan,nan,nan,nan,nan,nan,nan,nan,nan,nan,nan,0.0,0.0,0.0,0.0,0.0,0.0,0.0,0.0,2.0,0.0,0.0,0.0,0.0,0.0,0.0,0.0,2.0,nan,nan,nan,,nan,nan,nan,nan,nan,nan,nan,,,,nan,nan,nan,nan,nan,nan,nan,nan,nan,nan,nan,nan,,nan,nan,,,nan,nan,nan,nan,nan,nan,nan,nan,nan,nan,nan,nan,nan,nan,nan,nan,nan,nan,nan,nan,nan,nan,nan,nan,,nan,nan,nan,,nan,,,,
nan,nan,nan,nan,nan,nan,nan,nan,nan,nan,nan,nan,nan,nan,nan,nan,nan,0.0,0.0,0.0,0.0,0.0,0.0,0.0,0.0,3.0,0.0,0.0,0.0,0.0,0.0,0.0,0.0,3.0,nan,nan,nan,,nan,nan,nan,nan,nan,nan,nan,,,,nan,nan,nan,nan,nan,nan,nan,nan,nan,nan,nan,nan,,nan,nan,,,nan,nan,nan,nan,nan,nan,nan,nan,nan,nan,nan,nan,nan,nan,nan,nan,nan,nan,nan,nan,nan,nan,nan,nan,,nan,nan,nan,,nan,,,,
nan,nan,nan,nan,nan,nan,nan,nan,nan,nan,nan,nan,nan,nan,nan,nan,nan,0.0,0.0,0.0,0.0,0.0,0.0,0.0,0.0,1.0,0.0,0.0,0.0,0.0,0.0,0.0,0.0,1.0,nan,nan,nan,,nan,nan,nan,nan,nan,nan,nan,,,,nan,nan,nan,nan,nan,nan,nan,nan,nan,nan,nan,nan,,nan,nan,,,nan,nan,nan,nan,nan,nan,nan,nan,nan,nan,nan,nan,nan,nan,nan,nan,nan,nan,nan,nan,nan,nan,nan,nan,,nan,nan,nan,,nan,,,,
nan,nan,nan,nan,nan,nan,nan,nan,nan,nan,nan,nan,nan,nan,nan,nan,nan,0.0,0.0,0.0,0.0,0.0,0.0,0.0,0.0,1.0,0.0,0.0,0.0,0.0,0.0,0.0,0.0,1.0,nan,nan,nan,,nan,nan,nan,nan,nan,nan,nan,,,,nan,nan,nan,nan,nan,nan,nan,nan,nan,nan,nan,nan,,nan,nan,,,nan,nan,nan,nan,nan,nan,nan,nan,nan,nan,nan,nan,nan,nan,nan,nan,nan,nan,nan,nan,nan,nan,nan,nan,,nan,nan,nan,,nan,,,,
nan,nan,nan,nan,nan,nan,nan,nan,nan,nan,nan,nan,nan,nan,nan,nan,nan,0.0,0.0,0.0,0.0,0.0,0.0,0.0,0.0,0.0,0.0,0.0,0.0,0.0,0.0,0.0,0.0,0.0,nan,nan,nan,,nan,nan,nan,nan,nan,nan,nan,,,,nan,nan,nan,nan,nan,nan,nan,nan,nan,nan,nan,nan,,nan,nan,,,nan,nan,nan,nan,nan,nan,nan,nan,nan,nan,nan,nan,nan,nan,nan,nan,nan,nan,nan,nan,nan,nan,nan,nan,,nan,nan,nan,,nan,,,,
nan,nan,nan,nan,nan,nan,nan,nan,nan,nan,nan,nan,nan,nan,nan,nan,nan,0.0,0.0,0.0,0.0,0.0,0.0,0.0,0.0,0.0,0.0,0.0,0.0,0.0,0.0,0.0,0.0,0.0,nan,nan,nan,,nan,nan,nan,nan,nan,nan,nan,,,,nan,nan,nan,nan,nan,nan,nan,nan,nan,nan,nan,nan,,nan,nan,,,nan,nan,nan,nan,nan,nan,nan,nan,nan,nan,nan,nan,nan,nan,nan,nan,nan,nan,nan,nan,nan,nan,nan,nan,,nan,nan,nan,,nan,,,,
nan,nan,nan,nan,nan,nan,nan,nan,nan,nan,nan,nan,nan,nan,nan,nan,nan,0.0,0.0,0.0,0.0,0.0,0.0,0.0,0.0,1.0,0.0,0.0,0.0,0.0,0.0,0.0,0.0,1.0,nan,nan,nan,,nan,nan,nan,nan,nan,nan,nan,,,,nan,nan,nan,nan,nan,nan,nan,nan,nan,nan,nan,nan,,nan,nan,,,nan,nan,nan,nan,nan,nan,nan,nan,nan,nan,nan,nan,nan,nan,nan,nan,nan,nan,nan,nan,nan,nan,nan,nan,,nan,nan,nan,,nan,,,,
nan,nan,nan,nan,nan,nan,nan,nan,nan,nan,nan,nan,nan,nan,nan,nan,nan,0.0,0.0,0.0,0.0,0.0,0.0,0.0,0.0,1.0,0.0,0.0,0.0,0.0,0.0,0.0,0.0,1.0,nan,nan,nan,,nan,nan,nan,nan,nan,nan,nan,,,,nan,nan,nan,nan,nan,nan,nan,nan,nan,nan,nan,nan,,nan,nan,,,nan,nan,nan,nan,nan,nan,nan,nan,nan,nan,nan,nan,nan,nan,nan,nan,nan,nan,nan,nan,nan,nan,nan,nan,,nan,nan,nan,,nan,,,,
nan,nan,nan,nan,nan,nan,nan,nan,nan,nan,nan,nan,nan,nan,nan,nan,nan,0.0,0.0,0.0,0.0,0.0,0.0,0.0,0.0,1.0,0.0,0.0,0.0,0.0,0.0,0.0,0.0,1.0,nan,nan,nan,,nan,nan,nan,nan,nan,nan,nan,,,,nan,nan,nan,nan,nan,nan,nan,nan,nan,nan,nan,nan,,nan,nan,,,nan,nan,nan,nan,nan,nan,nan,nan,nan,nan,nan,nan,nan,nan,nan,nan,nan,nan,nan,nan,nan,nan,nan,nan,,nan,nan,nan,,nan,,,,
nan,nan,nan,nan,nan,nan,nan,nan,nan,nan,nan,nan,nan,nan,nan,nan,nan,0.0,0.0,0.0,0.0,0.0,0.0,0.0,0.0,3.0,0.0,0.0,0.0,0.0,0.0,0.0,0.0,3.0,nan,nan,nan,,nan,nan,nan,nan,nan,nan,nan,,,,nan,nan,nan,nan,nan,nan,nan,nan,nan,nan,nan,nan,,nan,nan,,,nan,nan,nan,nan,nan,nan,nan,nan,nan,nan,nan,nan,nan,nan,nan,nan,nan,nan,nan,nan,nan,nan,nan,nan,,nan,nan,nan,,nan,,,,
nan,nan,nan,nan,nan,nan,nan,nan,nan,nan,nan,nan,nan,nan,nan,nan,nan,0.0,0.0,0.0,0.0,0.0,0.0,0.0,0.0,1.0,0.0,0.0,0.0,0.0,0.0,0.0,0.0,1.0,nan,nan,nan,,nan,nan,nan,nan,nan,nan,nan,,,,nan,nan,nan,nan,nan,nan,nan,nan,nan,nan,nan,nan,,nan,nan,,,nan,nan,nan,nan,nan,nan,nan,nan,nan,nan,nan,nan,nan,nan,nan,nan,nan,nan,nan,nan,nan,nan,nan,nan,,nan,nan,nan,,nan,,,,
nan,nan,nan,nan,nan,nan,nan,nan,nan,nan,nan,nan,nan,nan,nan,nan,nan,0.0,0.0,0.0,0.0,0.0,0.0,0.0,0.0,1.0,0.0,0.0,0.0,0.0,0.0,0.0,0.0,1.0,nan,nan,nan,,nan,nan,nan,nan,nan,nan,nan,,,,nan,nan,nan,nan,nan,nan,nan,nan,nan,nan,nan,nan,,nan,nan,,,nan,nan,nan,nan,nan,nan,nan,nan,nan,nan,nan,nan,nan,nan,nan,nan,nan,nan,nan,nan,nan,nan,nan,nan,,nan,nan,nan,,nan,,,,
nan,nan,nan,nan,nan,nan,nan,nan,nan,nan,nan,nan,nan,nan,nan,nan,nan,0.0,0.0,0.0,0.0,0.0,0.0,0.0,0.0,2.0,0.0,0.0,0.0,0.0,0.0,0.0,0.0,2.0,nan,nan,nan,,nan,nan,nan,nan,nan,nan,nan,,,,nan,nan,nan,nan,nan,nan,nan,nan,nan,nan,nan,nan,,nan,nan,,,nan,nan,nan,nan,nan,nan,nan,nan,nan,nan,nan,nan,nan,nan,nan,nan,nan,nan,nan,nan,nan,nan,nan,nan,,nan,nan,nan,,nan,,,,
nan,nan,nan,nan,nan,nan,nan,nan,nan,nan,nan,nan,nan,nan,nan,nan,nan,0.0,0.0,0.0,0.0,0.0,0.0,0.0,0.0,3.0,0.0,0.0,0.0,0.0,0.0,0.0,0.0,3.0,nan,nan,nan,,nan,nan,nan,nan,nan,nan,nan,,,,nan,nan,nan,nan,nan,nan,nan,nan,nan,nan,nan,nan,,nan,nan,,,nan,nan,nan,nan,nan,nan,nan,nan,nan,nan,nan,nan,nan,nan,nan,nan,nan,nan,nan,nan,nan,nan,nan,nan,,nan,nan,nan,,nan,,,,
nan,nan,nan,nan,nan,nan,nan,nan,nan,nan,nan,nan,nan,nan,nan,nan,nan,0.0,0.0,0.0,0.0,0.0,0.0,0.0,0.0,4.0,0.0,0.0,0.0,0.0,0.0,0.0,0.0,4.0,nan,nan,nan,,nan,nan,nan,nan,nan,nan,nan,,,,nan,nan,nan,nan,nan,nan,nan,nan,nan,nan,nan,nan,,nan,nan,,,nan,nan,nan,nan,nan,nan,nan,nan,nan,nan,nan,nan,nan,nan,nan,nan,nan,nan,nan,nan,nan,nan,nan,nan,,nan,nan,nan,,nan,,,,
nan,nan,nan,nan,nan,nan,nan,nan,nan,nan,nan,nan,nan,nan,nan,nan,nan,0.0,0.0,0.0,0.0,0.0,0.0,0.0,0.0,1.0,0.0,0.0,0.0,0.0,0.0,0.0,0.0,1.0,nan,nan,nan,,nan,nan,nan,nan,nan,nan,nan,,,,nan,nan,nan,nan,nan,nan,nan,nan,nan,nan,nan,nan,,nan,nan,,,nan,nan,nan,nan,nan,nan,nan,nan,nan,nan,nan,nan,nan,nan,nan,nan,nan,nan,nan,nan,nan,nan,nan,nan,,nan,nan,nan,,nan,,,,
nan,nan,nan,nan,nan,nan,nan,nan,nan,nan,nan,nan,nan,nan,nan,nan,nan,0.0,0.0,0.0,0.0,0.0,0.0,0.0,0.0,0.0,0.0,0.0,0.0,0.0,0.0,0.0,0.0,0.0,nan,nan,nan,,nan,nan,nan,nan,nan,nan,nan,,,,nan,nan,nan,nan,nan,nan,nan,nan,nan,nan,nan,nan,,nan,nan,,,nan,nan,nan,nan,nan,nan,nan,nan,nan,nan,nan,nan,nan,nan,nan,nan,nan,nan,nan,nan,nan,nan,nan,nan,,nan,nan,nan,,nan,,,,
nan,nan,nan,nan,nan,nan,nan,nan,nan,nan,nan,nan,nan,nan,nan,nan,nan,0.0,0.0,0.0,0.0,0.0,0.0,0.0,0.0,2.0,0.0,0.0,0.0,0.0,0.0,0.0,0.0,2.0,nan,nan,nan,,nan,nan,nan,nan,nan,nan,nan,,,,nan,nan,nan,nan,nan,nan,nan,nan,nan,nan,nan,nan,,nan,nan,,,nan,nan,nan,nan,nan,nan,nan,nan,nan,nan,nan,nan,nan,nan,nan,nan,nan,nan,nan,nan,nan,nan,nan,nan,,nan,nan,nan,,nan,,,,
nan,nan,nan,nan,nan,nan,nan,nan,nan,nan,nan,nan,nan,nan,nan,nan,nan,0.0,0.0,0.0,0.0,0.0,0.0,0.0,0.0,1.0,0.0,0.0,0.0,0.0,0.0,0.0,0.0,1.0,nan,nan,nan,,nan,nan,nan,nan,nan,nan,nan,,,,nan,nan,nan,nan,nan,nan,nan,nan,nan,nan,nan,nan,,nan,nan,,,nan,nan,nan,nan,nan,nan,nan,nan,nan,nan,nan,nan,nan,nan,nan,nan,nan,nan,nan,nan,nan,nan,nan,nan,,nan,nan,nan,,nan,,,,
nan,nan,nan,nan,nan,nan,nan,nan,nan,nan,nan,nan,nan,nan,nan,nan,nan,0.0,0.0,0.0,0.0,0.0,0.0,0.0,0.0,1.0,0.0,0.0,0.0,0.0,0.0,0.0,0.0,1.0,nan,nan,nan,,nan,nan,nan,nan,nan,nan,nan,,,,nan,nan,nan,nan,nan,nan,nan,nan,nan,nan,nan,nan,,nan,nan,,,nan,nan,nan,nan,nan,nan,nan,nan,nan,nan,nan,nan,nan,nan,nan,nan,nan,nan,nan,nan,nan,nan,nan,nan,,nan,nan,nan,,nan,,,,
nan,nan,nan,nan,nan,nan,nan,nan,nan,nan,nan,nan,nan,nan,nan,nan,nan,0.0,0.0,0.0,0.0,0.0,0.0,0.0,0.0,0.0,0.0,0.0,0.0,0.0,0.0,0.0,0.0,0.0,nan,nan,nan,,nan,nan,nan,nan,nan,nan,nan,,,,nan,nan,nan,nan,nan,nan,nan,nan,nan,nan,nan,nan,,nan,nan,,,nan,nan,nan,nan,nan,nan,nan,nan,nan,nan,nan,nan,nan,nan,nan,nan,nan,nan,nan,nan,nan,nan,nan,nan,,nan,nan,nan,,nan,,,,
nan,nan,nan,nan,nan,nan,nan,nan,nan,nan,nan,nan,nan,nan,nan,nan,nan,0.0,0.0,0.0,0.0,0.0,0.0,0.0,0.0,2.0,0.0,0.0,0.0,0.0,0.0,0.0,0.0,2.0,nan,nan,nan,,nan,nan,nan,nan,nan,nan,nan,,,,nan,nan,nan,nan,nan,nan,nan,nan,nan,nan,nan,nan,,nan,nan,,,nan,nan,nan,nan,nan,nan,nan,nan,nan,nan,nan,nan,nan,nan,nan,nan,nan,nan,nan,nan,nan,nan,nan,nan,,nan,nan,nan,,nan,,,,
nan,nan,nan,nan,nan,nan,nan,nan,nan,nan,nan,nan,nan,nan,nan,nan,nan,0.0,0.0,0.0,0.0,0.0,0.0,0.0,0.0,1.0,0.0,0.0,0.0,0.0,0.0,0.0,0.0,1.0,nan,nan,nan,,nan,nan,nan,nan,nan,nan,nan,,,,nan,nan,nan,nan,nan,nan,nan,nan,nan,nan,nan,nan,,nan,nan,,,nan,nan,nan,nan,nan,nan,nan,nan,nan,nan,nan,nan,nan,nan,nan,nan,nan,nan,nan,nan,nan,nan,nan,nan,,nan,nan,nan,,nan,,,,
nan,nan,nan,nan,nan,nan,nan,nan,nan,nan,nan,nan,nan,nan,nan,nan,nan,0.0,0.0,0.0,0.0,0.0,0.0,0.0,0.0,6.0,0.0,0.0,0.0,0.0,0.0,0.0,0.0,6.0,nan,nan,nan,,nan,nan,nan,nan,nan,nan,nan,,,,nan,nan,nan,nan,nan,nan,nan,nan,nan,nan,nan,nan,,nan,nan,,,nan,nan,nan,nan,nan,nan,nan,nan,nan,nan,nan,nan,nan,nan,nan,nan,nan,nan,nan,nan,nan,nan,nan,nan,,nan,nan,nan,,nan,,,,
nan,nan,nan,nan,nan,nan,nan,nan,nan,nan,nan,nan,nan,nan,nan,nan,nan,0.0,0.0,0.0,0.0,0.0,0.0,0.0,0.0,2.0,0.0,0.0,0.0,0.0,0.0,0.0,0.0,2.0,nan,nan,nan,,nan,nan,nan,nan,nan,nan,nan,,,,nan,nan,nan,nan,nan,nan,nan,nan,nan,nan,nan,nan,,nan,nan,,,nan,nan,nan,nan,nan,nan,nan,nan,nan,nan,nan,nan,nan,nan,nan,nan,nan,nan,nan,nan,nan,nan,nan,nan,,nan,nan,nan,,nan,,,,
nan,nan,nan,nan,nan,nan,nan,nan,nan,nan,nan,nan,nan,nan,nan,nan,nan,0.0,0.0,0.0,0.0,0.0,0.0,0.0,0.0,0.0,0.0,0.0,0.0,0.0,0.0,0.0,0.0,0.0,nan,nan,nan,,nan,nan,nan,nan,nan,nan,nan,,,,nan,nan,nan,nan,nan,nan,nan,nan,nan,nan,nan,nan,,nan,nan,,,nan,nan,nan,nan,nan,nan,nan,nan,nan,nan,nan,nan,nan,nan,nan,nan,nan,nan,nan,nan,nan,nan,nan,nan,,nan,nan,nan,,nan,,,,
nan,nan,nan,nan,nan,nan,nan,nan,nan,nan,nan,nan,nan,nan,nan,nan,nan,0.0,0.0,0.0,0.0,0.0,0.0,0.0,0.0,3.0,0.0,0.0,0.0,0.0,0.0,0.0,0.0,3.0,nan,nan,nan,,nan,nan,nan,nan,nan,nan,nan,,,,nan,nan,nan,nan,nan,nan,nan,nan,nan,nan,nan,nan,,nan,nan,,,nan,nan,nan,nan,nan,nan,nan,nan,nan,nan,nan,nan,nan,nan,nan,nan,nan,nan,nan,nan,nan,nan,nan,nan,,nan,nan,nan,,nan,,,,
nan,nan,nan,nan,nan,nan,nan,nan,nan,nan,nan,nan,nan,nan,nan,nan,nan,0.0,0.0,0.0,0.0,0.0,0.0,0.0,0.0,2.0,0.0,0.0,0.0,0.0,0.0,0.0,0.0,2.0,nan,nan,nan,,nan,nan,nan,nan,nan,nan,nan,,,,nan,nan,nan,nan,nan,nan,nan,nan,nan,nan,nan,nan,,nan,nan,,,nan,nan,nan,nan,nan,nan,nan,nan,nan,nan,nan,nan,nan,nan,nan,nan,nan,nan,nan,nan,nan,nan,nan,nan,,nan,nan,nan,,nan,,,,
nan,nan,nan,nan,nan,nan,nan,nan,nan,nan,nan,nan,nan,nan,nan,nan,nan,0.0,0.0,0.0,0.0,0.0,0.0,0.0,0.0,1.0,0.0,0.0,0.0,0.0,0.0,0.0,0.0,1.0,nan,nan,nan,,nan,nan,nan,nan,nan,nan,nan,,,,nan,nan,nan,nan,nan,nan,nan,nan,nan,nan,nan,nan,,nan,nan,,,nan,nan,nan,nan,nan,nan,nan,nan,nan,nan,nan,nan,nan,nan,nan,nan,nan,nan,nan,nan,nan,nan,nan,nan,,nan,nan,nan,,nan,,,,
nan,nan,nan,nan,nan,nan,nan,nan,nan,nan,nan,nan,nan,nan,nan,nan,nan,0.0,0.0,0.0,0.0,0.0,0.0,0.0,0.0,2.0,0.0,0.0,0.0,0.0,0.0,0.0,0.0,2.0,nan,nan,nan,,nan,nan,nan,nan,nan,nan,nan,,,,nan,nan,nan,nan,nan,nan,nan,nan,nan,nan,nan,nan,,nan,nan,,,nan,nan,nan,nan,nan,nan,nan,nan,nan,nan,nan,nan,nan,nan,nan,nan,nan,nan,nan,nan,nan,nan,nan,nan,,nan,nan,nan,,nan,,,,
nan,nan,nan,nan,nan,nan,nan,nan,nan,nan,nan,nan,nan,nan,nan,nan,nan,0.0,0.0,0.0,0.0,0.0,0.0,0.0,0.0,1.0,0.0,0.0,0.0,0.0,0.0,0.0,0.0,1.0,nan,nan,nan,,nan,nan,nan,nan,nan,nan,nan,,,,nan,nan,nan,nan,nan,nan,nan,nan,nan,nan,nan,nan,,nan,nan,,,nan,nan,nan,nan,nan,nan,nan,nan,nan,nan,nan,nan,nan,nan,nan,nan,nan,nan,nan,nan,nan,nan,nan,nan,,nan,nan,nan,,nan,,,,
nan,nan,nan,nan,nan,nan,nan,nan,nan,nan,nan,nan,nan,nan,nan,nan,nan,0.0,0.0,0.0,0.0,0.0,0.0,0.0,0.0,1.0,0.0,0.0,0.0,0.0,0.0,0.0,0.0,1.0,nan,nan,nan,,nan,nan,nan,nan,nan,nan,nan,,,,nan,nan,nan,nan,nan,nan,nan,nan,nan,nan,nan,nan,,nan,nan,,,nan,nan,nan,nan,nan,nan,nan,nan,nan,nan,nan,nan,nan,nan,nan,nan,nan,nan,nan,nan,nan,nan,nan,nan,,nan,nan,nan,,nan,,,,
nan,nan,nan,nan,nan,nan,nan,nan,nan,nan,nan,nan,nan,nan,nan,nan,nan,0.0,0.0,0.0,0.0,0.0,0.0,0.0,0.0,2.0,0.0,0.0,0.0,0.0,0.0,0.0,0.0,2.0,nan,nan,nan,,nan,nan,nan,nan,nan,nan,nan,,,,nan,nan,nan,nan,nan,nan,nan,nan,nan,nan,nan,nan,,nan,nan,,,nan,nan,nan,nan,nan,nan,nan,nan,nan,nan,nan,nan,nan,nan,nan,nan,nan,nan,nan,nan,nan,nan,nan,nan,,nan,nan,nan,,nan,,,,
nan,nan,nan,nan,nan,nan,nan,nan,nan,nan,nan,nan,nan,nan,nan,nan,nan,0.0,0.0,0.0,0.0,0.0,0.0,0.0,0.0,0.0,0.0,0.0,0.0,0.0,0.0,0.0,0.0,0.0,nan,nan,nan,,nan,nan,nan,nan,nan,nan,nan,,,,nan,nan,nan,nan,nan,nan,nan,nan,nan,nan,nan,nan,,nan,nan,,,nan,nan,nan,nan,nan,nan,nan,nan,nan,nan,nan,nan,nan,nan,nan,nan,nan,nan,nan,nan,nan,nan,nan,nan,,nan,nan,nan,,nan,,,,
nan,nan,nan,nan,nan,nan,nan,nan,nan,nan,nan,nan,nan,nan,nan,nan,nan,0.0,0.0,0.0,0.0,0.0,0.0,0.0,0.0,0.0,0.0,0.0,0.0,0.0,0.0,0.0,0.0,0.0,nan,nan,nan,,nan,nan,nan,nan,nan,nan,nan,,,,nan,nan,nan,nan,nan,nan,nan,nan,nan,nan,nan,nan,,nan,nan,,,nan,nan,nan,nan,nan,nan,nan,nan,nan,nan,nan,nan,nan,nan,nan,nan,nan,nan,nan,nan,nan,nan,nan,nan,,nan,nan,nan,,nan,,,,
nan,nan,nan,nan,nan,nan,nan,nan,nan,nan,nan,nan,nan,nan,nan,nan,nan,0.0,0.0,0.0,0.0,0.0,0.0,0.0,0.0,1.0,0.0,0.0,0.0,0.0,0.0,0.0,0.0,1.0,nan,nan,nan,,nan,nan,nan,nan,nan,nan,nan,,,,nan,nan,nan,nan,nan,nan,nan,nan,nan,nan,nan,nan,,nan,nan,,,nan,nan,nan,nan,nan,nan,nan,nan,nan,nan,nan,nan,nan,nan,nan,nan,nan,nan,nan,nan,nan,nan,nan,nan,,nan,nan,nan,,nan,,,,
nan,nan,nan,nan,nan,nan,nan,nan,nan,nan,nan,nan,nan,nan,nan,nan,nan,0.0,0.0,0.0,0.0,0.0,0.0,0.0,0.0,4.0,0.0,0.0,0.0,0.0,0.0,0.0,0.0,4.0,nan,nan,nan,,nan,nan,nan,nan,nan,nan,nan,,,,nan,nan,nan,nan,nan,nan,nan,nan,nan,nan,nan,nan,,nan,nan,,,nan,nan,nan,nan,nan,nan,nan,nan,nan,nan,nan,nan,nan,nan,nan,nan,nan,nan,nan,nan,nan,nan,nan,nan,,nan,nan,nan,,nan,,,,
nan,nan,nan,nan,nan,nan,nan,nan,nan,nan,nan,nan,nan,nan,nan,nan,nan,0.0,0.0,0.0,0.0,0.0,0.0,0.0,0.0,0.0,0.0,0.0,0.0,0.0,0.0,0.0,0.0,0.0,nan,nan,nan,,nan,nan,nan,nan,nan,nan,nan,,,,nan,nan,nan,nan,nan,nan,nan,nan,nan,nan,nan,nan,,nan,nan,,,nan,nan,nan,nan,nan,nan,nan,nan,nan,nan,nan,nan,nan,nan,nan,nan,nan,nan,nan,nan,nan,nan,nan,nan,,nan,nan,nan,,nan,,,,
nan,nan,nan,nan,nan,nan,nan,nan,nan,nan,nan,nan,nan,nan,nan,nan,nan,0.0,0.0,0.0,0.0,0.0,0.0,0.0,0.0,0.0,0.0,0.0,0.0,0.0,0.0,0.0,0.0,0.0,nan,nan,nan,,nan,nan,nan,nan,nan,nan,nan,,,,nan,nan,nan,nan,nan,nan,nan,nan,nan,nan,nan,nan,,nan,nan,,,nan,nan,nan,nan,nan,nan,nan,nan,nan,nan,nan,nan,nan,nan,nan,nan,nan,nan,nan,nan,nan,nan,nan,nan,,nan,nan,nan,,nan,,,,
nan,nan,nan,nan,nan,nan,nan,nan,nan,nan,nan,nan,nan,nan,nan,nan,nan,0.0,0.0,0.0,0.0,0.0,0.0,0.0,0.0,3.0,0.0,0.0,0.0,0.0,0.0,0.0,0.0,3.0,nan,nan,nan,,nan,nan,nan,nan,nan,nan,nan,,,,nan,nan,nan,nan,nan,nan,nan,nan,nan,nan,nan,nan,,nan,nan,,,nan,nan,nan,nan,nan,nan,nan,nan,nan,nan,nan,nan,nan,nan,nan,nan,nan,nan,nan,nan,nan,nan,nan,nan,,nan,nan,nan,,nan,,,,
nan,nan,nan,nan,nan,nan,nan,nan,nan,nan,nan,nan,nan,nan,nan,nan,nan,0.0,0.0,0.0,0.0,0.0,0.0,0.0,0.0,1.0,0.0,0.0,0.0,0.0,0.0,0.0,0.0,1.0,nan,nan,nan,,nan,nan,nan,nan,nan,nan,nan,,,,nan,nan,nan,nan,nan,nan,nan,nan,nan,nan,nan,nan,,nan,nan,,,nan,nan,nan,nan,nan,nan,nan,nan,nan,nan,nan,nan,nan,nan,nan,nan,nan,nan,nan,nan,nan,nan,nan,nan,,nan,nan,nan,,nan,,,,
nan,nan,nan,nan,nan,nan,nan,nan,nan,nan,nan,nan,nan,nan,nan,nan,nan,0.0,0.0,0.0,0.0,0.0,0.0,0.0,0.0,1.0,0.0,0.0,0.0,0.0,0.0,0.0,0.0,1.0,nan,nan,nan,,nan,nan,nan,nan,nan,nan,nan,,,,nan,nan,nan,nan,nan,nan,nan,nan,nan,nan,nan,nan,,nan,nan,,,nan,nan,nan,nan,nan,nan,nan,nan,nan,nan,nan,nan,nan,nan,nan,nan,nan,nan,nan,nan,nan,nan,nan,nan,,nan,nan,nan,,nan,,,,
nan,nan,nan,nan,nan,nan,nan,nan,nan,nan,nan,nan,nan,nan,nan,nan,nan,0.0,0.0,0.0,0.0,0.0,0.0,0.0,0.0,2.0,0.0,0.0,0.0,0.0,0.0,0.0,0.0,2.0,nan,nan,nan,,nan,nan,nan,nan,nan,nan,nan,,,,nan,nan,nan,nan,nan,nan,nan,nan,nan,nan,nan,nan,,nan,nan,,,nan,nan,nan,nan,nan,nan,nan,nan,nan,nan,nan,nan,nan,nan,nan,nan,nan,nan,nan,nan,nan,nan,nan,nan,,nan,nan,nan,,nan,,,,
nan,nan,nan,nan,nan,nan,nan,nan,nan,nan,nan,nan,nan,nan,nan,nan,nan,0.0,0.0,0.0,0.0,0.0,0.0,0.0,0.0,0.0,0.0,0.0,0.0,0.0,0.0,0.0,0.0,0.0,nan,nan,nan,,nan,nan,nan,nan,nan,nan,nan,,,,nan,nan,nan,nan,nan,nan,nan,nan,nan,nan,nan,nan,,nan,nan,,,nan,nan,nan,nan,nan,nan,nan,nan,nan,nan,nan,nan,nan,nan,nan,nan,nan,nan,nan,nan,nan,nan,nan,nan,,nan,nan,nan,,nan,,,,
nan,nan,nan,nan,nan,nan,nan,nan,nan,nan,nan,nan,nan,nan,nan,nan,nan,0.0,0.0,0.0,0.0,0.0,0.0,0.0,0.0,0.0,0.0,0.0,0.0,0.0,0.0,0.0,0.0,0.0,nan,nan,nan,,nan,nan,nan,nan,nan,nan,nan,,,,nan,nan,nan,nan,nan,nan,nan,nan,nan,nan,nan,nan,,nan,nan,,,nan,nan,nan,nan,nan,nan,nan,nan,nan,nan,nan,nan,nan,nan,nan,nan,nan,nan,nan,nan,nan,nan,nan,nan,,nan,nan,nan,,nan,,,,
nan,nan,nan,nan,nan,nan,nan,nan,nan,nan,nan,nan,nan,nan,nan,nan,nan,0.0,0.0,0.0,0.0,0.0,0.0,0.0,0.0,1.0,0.0,0.0,0.0,0.0,0.0,0.0,0.0,1.0,nan,nan,nan,,nan,nan,nan,nan,nan,nan,nan,,,,nan,nan,nan,nan,nan,nan,nan,nan,nan,nan,nan,nan,,nan,nan,,,nan,nan,nan,nan,nan,nan,nan,nan,nan,nan,nan,nan,nan,nan,nan,nan,nan,nan,nan,nan,nan,nan,nan,nan,,nan,nan,nan,,nan,,,,
nan,nan,nan,nan,nan,nan,nan,nan,nan,nan,nan,nan,nan,nan,nan,nan,nan,0.0,0.0,0.0,0.0,0.0,0.0,0.0,0.0,3.0,0.0,0.0,0.0,0.0,0.0,0.0,0.0,3.0,nan,nan,nan,,nan,nan,nan,nan,nan,nan,nan,,,,nan,nan,nan,nan,nan,nan,nan,nan,nan,nan,nan,nan,,nan,nan,,,nan,nan,nan,nan,nan,nan,nan,nan,nan,nan,nan,nan,nan,nan,nan,nan,nan,nan,nan,nan,nan,nan,nan,nan,,nan,nan,nan,,nan,,,,
nan,nan,nan,nan,nan,nan,nan,nan,nan,nan,nan,nan,nan,nan,nan,nan,nan,0.0,0.0,0.0,0.0,0.0,0.0,0.0,0.0,0.0,0.0,0.0,0.0,0.0,0.0,0.0,0.0,0.0,nan,nan,nan,,nan,nan,nan,nan,nan,nan,nan,,,,nan,nan,nan,nan,nan,nan,nan,nan,nan,nan,nan,nan,,nan,nan,,,nan,nan,nan,nan,nan,nan,nan,nan,nan,nan,nan,nan,nan,nan,nan,nan,nan,nan,nan,nan,nan,nan,nan,nan,,nan,nan,nan,,nan,,,,
nan,nan,nan,nan,nan,nan,nan,nan,nan,nan,nan,nan,nan,nan,nan,nan,nan,0.0,0.0,0.0,0.0,0.0,0.0,0.0,0.0,1.0,0.0,0.0,0.0,0.0,0.0,0.0,0.0,1.0,nan,nan,nan,,nan,nan,nan,nan,nan,nan,nan,,,,nan,nan,nan,nan,nan,nan,nan,nan,nan,nan,nan,nan,,nan,nan,,,nan,nan,nan,nan,nan,nan,nan,nan,nan,nan,nan,nan,nan,nan,nan,nan,nan,nan,nan,nan,nan,nan,nan,nan,,nan,nan,nan,,nan,,,,
nan,nan,nan,nan,nan,nan,nan,nan,nan,nan,nan,nan,nan,nan,nan,nan,nan,0.0,0.0,0.0,0.0,0.0,0.0,0.0,0.0,0.0,0.0,0.0,0.0,0.0,0.0,0.0,0.0,0.0,nan,nan,nan,,nan,nan,nan,nan,nan,nan,nan,,,,nan,nan,nan,nan,nan,nan,nan,nan,nan,nan,nan,nan,,nan,nan,,,nan,nan,nan,nan,nan,nan,nan,nan,nan,nan,nan,nan,nan,nan,nan,nan,nan,nan,nan,nan,nan,nan,nan,nan,,nan,nan,nan,,nan,,,,
nan,nan,nan,nan,nan,nan,nan,nan,nan,nan,nan,nan,nan,nan,nan,nan,nan,0.0,0.0,0.0,0.0,0.0,0.0,0.0,0.0,2.0,0.0,0.0,0.0,0.0,0.0,0.0,0.0,2.0,nan,nan,nan,,nan,nan,nan,nan,nan,nan,nan,,,,nan,nan,nan,nan,nan,nan,nan,nan,nan,nan,nan,nan,,nan,nan,,,nan,nan,nan,nan,nan,nan,nan,nan,nan,nan,nan,nan,nan,nan,nan,nan,nan,nan,nan,nan,nan,nan,nan,nan,,nan,nan,nan,,nan,,,,
nan,nan,nan,nan,nan,nan,nan,nan,nan,nan,nan,nan,nan,nan,nan,nan,nan,0.0,0.0,0.0,0.0,0.0,0.0,0.0,0.0,1.0,0.0,0.0,0.0,0.0,0.0,0.0,0.0,1.0,nan,nan,nan,,nan,nan,nan,nan,nan,nan,nan,,,,nan,nan,nan,nan,nan,nan,nan,nan,nan,nan,nan,nan,,nan,nan,,,nan,nan,nan,nan,nan,nan,nan,nan,nan,nan,nan,nan,nan,nan,nan,nan,nan,nan,nan,nan,nan,nan,nan,nan,,nan,nan,nan,,nan,,,,
nan,nan,nan,nan,nan,nan,nan,nan,nan,nan,nan,nan,nan,nan,nan,nan,nan,0.0,0.0,0.0,0.0,0.0,0.0,0.0,0.0,1.0,0.0,0.0,0.0,0.0,0.0,0.0,0.0,1.0,nan,nan,nan,,nan,nan,nan,nan,nan,nan,nan,,,,nan,nan,nan,nan,nan,nan,nan,nan,nan,nan,nan,nan,,nan,nan,,,nan,nan,nan,nan,nan,nan,nan,nan,nan,nan,nan,nan,nan,nan,nan,nan,nan,nan,nan,nan,nan,nan,nan,nan,,nan,nan,nan,,nan,,,,
nan,nan,nan,nan,nan,nan,nan,nan,nan,nan,nan,nan,nan,nan,nan,nan,nan,0.0,0.0,0.0,0.0,0.0,0.0,0.0,0.0,2.0,0.0,0.0,0.0,0.0,0.0,0.0,0.0,2.0,nan,nan,nan,,nan,nan,nan,nan,nan,nan,nan,,,,nan,nan,nan,nan,nan,nan,nan,nan,nan,nan,nan,nan,,nan,nan,,,nan,nan,nan,nan,nan,nan,nan,nan,nan,nan,nan,nan,nan,nan,nan,nan,nan,nan,nan,nan,nan,nan,nan,nan,,nan,nan,nan,,nan,,,,
nan,nan,nan,nan,nan,nan,nan,nan,nan,nan,nan,nan,nan,nan,nan,nan,nan,0.0,0.0,0.0,0.0,0.0,0.0,0.0,0.0,2.0,0.0,0.0,0.0,0.0,0.0,0.0,0.0,2.0,nan,nan,nan,,nan,nan,nan,nan,nan,nan,nan,,,,nan,nan,nan,nan,nan,nan,nan,nan,nan,nan,nan,nan,,nan,nan,,,nan,nan,nan,nan,nan,nan,nan,nan,nan,nan,nan,nan,nan,nan,nan,nan,nan,nan,nan,nan,nan,nan,nan,nan,,nan,nan,nan,,nan,,,,
nan,nan,nan,nan,nan,nan,nan,nan,nan,nan,nan,nan,nan,nan,nan,nan,nan,0.0,0.0,0.0,0.0,0.0,0.0,0.0,0.0,0.0,0.0,0.0,0.0,0.0,0.0,0.0,0.0,0.0,nan,nan,nan,,nan,nan,nan,nan,nan,nan,nan,,,,nan,nan,nan,nan,nan,nan,nan,nan,nan,nan,nan,nan,,nan,nan,,,nan,nan,nan,nan,nan,nan,nan,nan,nan,nan,nan,nan,nan,nan,nan,nan,nan,nan,nan,nan,nan,nan,nan,nan,,nan,nan,nan,,nan,,,,
nan,nan,nan,nan,nan,nan,nan,nan,nan,nan,nan,nan,nan,nan,nan,nan,nan,0.0,0.0,0.0,0.0,0.0,0.0,0.0,0.0,1.0,0.0,0.0,0.0,0.0,0.0,0.0,0.0,1.0,nan,nan,nan,,nan,nan,nan,nan,nan,nan,nan,,,,nan,nan,nan,nan,nan,nan,nan,nan,nan,nan,nan,nan,,nan,nan,,,nan,nan,nan,nan,nan,nan,nan,nan,nan,nan,nan,nan,nan,nan,nan,nan,nan,nan,nan,nan,nan,nan,nan,nan,,nan,nan,nan,,nan,,,,
nan,nan,nan,nan,nan,nan,nan,nan,nan,nan,nan,nan,nan,nan,nan,nan,nan,0.0,0.0,0.0,0.0,0.0,0.0,0.0,0.0,2.0,0.0,0.0,0.0,0.0,0.0,0.0,0.0,2.0,nan,nan,nan,,nan,nan,nan,nan,nan,nan,nan,,,,nan,nan,nan,nan,nan,nan,nan,nan,nan,nan,nan,nan,,nan,nan,,,nan,nan,nan,nan,nan,nan,nan,nan,nan,nan,nan,nan,nan,nan,nan,nan,nan,nan,nan,nan,nan,nan,nan,nan,,nan,nan,nan,,nan,,,,
nan,nan,nan,nan,nan,nan,nan,nan,nan,nan,nan,nan,nan,nan,nan,nan,nan,0.0,0.0,0.0,0.0,0.0,0.0,0.0,0.0,1.0,0.0,0.0,0.0,0.0,0.0,0.0,0.0,1.0,nan,nan,nan,,nan,nan,nan,nan,nan,nan,nan,,,,nan,nan,nan,nan,nan,nan,nan,nan,nan,nan,nan,nan,,nan,nan,,,nan,nan,nan,nan,nan,nan,nan,nan,nan,nan,nan,nan,nan,nan,nan,nan,nan,nan,nan,nan,nan,nan,nan,nan,,nan,nan,nan,,nan,,,,
nan,nan,nan,nan,nan,nan,nan,nan,nan,nan,nan,nan,nan,nan,nan,nan,nan,0.0,0.0,0.0,0.0,0.0,0.0,0.0,0.0,2.0,0.0,0.0,0.0,0.0,0.0,0.0,0.0,2.0,nan,nan,nan,,nan,nan,nan,nan,nan,nan,nan,,,,nan,nan,nan,nan,nan,nan,nan,nan,nan,nan,nan,nan,,nan,nan,,,nan,nan,nan,nan,nan,nan,nan,nan,nan,nan,nan,nan,nan,nan,nan,nan,nan,nan,nan,nan,nan,nan,nan,nan,,nan,nan,nan,,nan,,,,
nan,nan,nan,nan,nan,nan,nan,nan,nan,nan,nan,nan,nan,nan,nan,nan,nan,0.0,0.0,0.0,0.0,0.0,0.0,0.0,0.0,0.0,0.0,0.0,0.0,0.0,0.0,0.0,0.0,0.0,nan,nan,nan,,nan,nan,nan,nan,nan,nan,nan,,,,nan,nan,nan,nan,nan,nan,nan,nan,nan,nan,nan,nan,,nan,nan,,,nan,nan,nan,nan,nan,nan,nan,nan,nan,nan,nan,nan,nan,nan,nan,nan,nan,nan,nan,nan,nan,nan,nan,nan,,nan,nan,nan,,nan,,,,
nan,nan,nan,nan,nan,nan,nan,nan,nan,nan,nan,nan,nan,nan,nan,nan,nan,0.0,0.0,0.0,0.0,0.0,0.0,0.0,0.0,0.0,0.0,0.0,0.0,0.0,0.0,0.0,0.0,0.0,nan,nan,nan,,nan,nan,nan,nan,nan,nan,nan,,,,nan,nan,nan,nan,nan,nan,nan,nan,nan,nan,nan,nan,,nan,nan,,,nan,nan,nan,nan,nan,nan,nan,nan,nan,nan,nan,nan,nan,nan,nan,nan,nan,nan,nan,nan,nan,nan,nan,nan,,nan,nan,nan,,nan,,,,
nan,nan,nan,nan,nan,nan,nan,nan,nan,nan,nan,nan,nan,nan,nan,nan,nan,0.0,0.0,0.0,0.0,0.0,0.0,0.0,0.0,2.0,0.0,0.0,0.0,0.0,0.0,0.0,0.0,2.0,nan,nan,nan,,nan,nan,nan,nan,nan,nan,nan,,,,nan,nan,nan,nan,nan,nan,nan,nan,nan,nan,nan,nan,,nan,nan,,,nan,nan,nan,nan,nan,nan,nan,nan,nan,nan,nan,nan,nan,nan,nan,nan,nan,nan,nan,nan,nan,nan,nan,nan,,nan,nan,nan,,nan,,,,
nan,nan,nan,nan,nan,nan,nan,nan,nan,nan,nan,nan,nan,nan,nan,nan,nan,0.0,0.0,0.0,0.0,0.0,0.0,0.0,0.0,2.0,0.0,0.0,0.0,0.0,0.0,0.0,0.0,2.0,nan,nan,nan,,nan,nan,nan,nan,nan,nan,nan,,,,nan,nan,nan,nan,nan,nan,nan,nan,nan,nan,nan,nan,,nan,nan,,,nan,nan,nan,nan,nan,nan,nan,nan,nan,nan,nan,nan,nan,nan,nan,nan,nan,nan,nan,nan,nan,nan,nan,nan,,nan,nan,nan,,nan,,,,
nan,nan,nan,nan,nan,nan,nan,nan,nan,nan,nan,nan,nan,nan,nan,nan,nan,0.0,0.0,0.0,0.0,0.0,0.0,0.0,0.0,1.0,0.0,0.0,0.0,0.0,0.0,0.0,0.0,1.0,nan,nan,nan,,nan,nan,nan,nan,nan,nan,nan,,,,nan,nan,nan,nan,nan,nan,nan,nan,nan,nan,nan,nan,,nan,nan,,,nan,nan,nan,nan,nan,nan,nan,nan,nan,nan,nan,nan,nan,nan,nan,nan,nan,nan,nan,nan,nan,nan,nan,nan,,nan,nan,nan,,nan,,,,
nan,nan,nan,nan,nan,nan,nan,nan,nan,nan,nan,nan,nan,nan,nan,nan,nan,0.0,0.0,0.0,0.0,0.0,0.0,0.0,0.0,2.0,0.0,0.0,0.0,0.0,0.0,0.0,0.0,2.0,nan,nan,nan,,nan,nan,nan,nan,nan,nan,nan,,,,nan,nan,nan,nan,nan,nan,nan,nan,nan,nan,nan,nan,,nan,nan,,,nan,nan,nan,nan,nan,nan,nan,nan,nan,nan,nan,nan,nan,nan,nan,nan,nan,nan,nan,nan,nan,nan,nan,nan,,nan,nan,nan,,nan,,,,
nan,nan,nan,nan,nan,nan,nan,nan,nan,nan,nan,nan,nan,nan,nan,nan,nan,0.0,0.0,0.0,0.0,0.0,0.0,0.0,0.0,0.0,0.0,0.0,0.0,0.0,0.0,0.0,0.0,0.0,nan,nan,nan,,nan,nan,nan,nan,nan,nan,nan,,,,nan,nan,nan,nan,nan,nan,nan,nan,nan,nan,nan,nan,,nan,nan,,,nan,nan,nan,nan,nan,nan,nan,nan,nan,nan,nan,nan,nan,nan,nan,nan,nan,nan,nan,nan,nan,nan,nan,nan,,nan,nan,nan,,nan,,,,
nan,nan,nan,nan,nan,nan,nan,nan,nan,nan,nan,nan,nan,nan,nan,nan,nan,0.0,0.0,0.0,0.0,0.0,0.0,0.0,0.0,1.0,0.0,0.0,0.0,0.0,0.0,0.0,0.0,1.0,nan,nan,nan,,nan,nan,nan,nan,nan,nan,nan,,,,nan,nan,nan,nan,nan,nan,nan,nan,nan,nan,nan,nan,,nan,nan,,,nan,nan,nan,nan,nan,nan,nan,nan,nan,nan,nan,nan,nan,nan,nan,nan,nan,nan,nan,nan,nan,nan,nan,nan,,nan,nan,nan,,nan,,,,
nan,nan,nan,nan,nan,nan,nan,nan,nan,nan,nan,nan,nan,nan,nan,nan,nan,0.0,0.0,0.0,0.0,0.0,0.0,0.0,0.0,0.0,0.0,0.0,0.0,0.0,0.0,0.0,0.0,0.0,nan,nan,nan,,nan,nan,nan,nan,nan,nan,nan,,,,nan,nan,nan,nan,nan,nan,nan,nan,nan,nan,nan,nan,,nan,nan,,,nan,nan,nan,nan,nan,nan,nan,nan,nan,nan,nan,nan,nan,nan,nan,nan,nan,nan,nan,nan,nan,nan,nan,nan,,nan,nan,nan,,nan,,,,
nan,nan,nan,nan,nan,nan,nan,nan,nan,nan,nan,nan,nan,nan,nan,nan,nan,0.0,0.0,0.0,0.0,0.0,0.0,0.0,0.0,0.0,0.0,0.0,0.0,0.0,0.0,0.0,0.0,0.0,nan,nan,nan,,nan,nan,nan,nan,nan,nan,nan,,,,nan,nan,nan,nan,nan,nan,nan,nan,nan,nan,nan,nan,,nan,nan,,,nan,nan,nan,nan,nan,nan,nan,nan,nan,nan,nan,nan,nan,nan,nan,nan,nan,nan,nan,nan,nan,nan,nan,nan,,nan,nan,nan,,nan,,,,
nan,nan,nan,nan,nan,nan,nan,nan,nan,nan,nan,nan,nan,nan,nan,nan,nan,0.0,0.0,0.0,0.0,0.0,0.0,0.0,0.0,0.0,0.0,0.0,0.0,0.0,0.0,0.0,0.0,0.0,nan,nan,nan,,nan,nan,nan,nan,nan,nan,nan,,,,nan,nan,nan,nan,nan,nan,nan,nan,nan,nan,nan,nan,,nan,nan,,,nan,nan,nan,nan,nan,nan,nan,nan,nan,nan,nan,nan,nan,nan,nan,nan,nan,nan,nan,nan,nan,nan,nan,nan,,nan,nan,nan,,nan,,,,
nan,nan,nan,nan,nan,nan,nan,nan,nan,nan,nan,nan,nan,nan,nan,nan,nan,0.0,0.0,0.0,0.0,0.0,0.0,0.0,0.0,0.0,0.0,0.0,0.0,0.0,0.0,0.0,0.0,0.0,nan,nan,nan,,nan,nan,nan,nan,nan,nan,nan,,,,nan,nan,nan,nan,nan,nan,nan,nan,nan,nan,nan,nan,,nan,nan,,,nan,nan,nan,nan,nan,nan,nan,nan,nan,nan,nan,nan,nan,nan,nan,nan,nan,nan,nan,nan,nan,nan,nan,nan,,nan,nan,nan,,nan,,,,
nan,nan,nan,nan,nan,nan,nan,nan,nan,nan,nan,nan,nan,nan,nan,nan,nan,0.0,0.0,0.0,0.0,0.0,0.0,0.0,0.0,1.0,0.0,0.0,0.0,0.0,0.0,0.0,0.0,1.0,nan,nan,nan,,nan,nan,nan,nan,nan,nan,nan,,,,nan,nan,nan,nan,nan,nan,nan,nan,nan,nan,nan,nan,,nan,nan,,,nan,nan,nan,nan,nan,nan,nan,nan,nan,nan,nan,nan,nan,nan,nan,nan,nan,nan,nan,nan,nan,nan,nan,nan,,nan,nan,nan,,nan,,,,
nan,nan,nan,nan,nan,nan,nan,nan,nan,nan,nan,nan,nan,nan,nan,nan,nan,0.0,0.0,0.0,0.0,0.0,0.0,0.0,0.0,0.0,0.0,0.0,0.0,0.0,0.0,0.0,0.0,0.0,nan,nan,nan,,nan,nan,nan,nan,nan,nan,nan,,,,nan,nan,nan,nan,nan,nan,nan,nan,nan,nan,nan,nan,,nan,nan,,,nan,nan,nan,nan,nan,nan,nan,nan,nan,nan,nan,nan,nan,nan,nan,nan,nan,nan,nan,nan,nan,nan,nan,nan,,nan,nan,nan,,nan,,,,
nan,nan,nan,nan,nan,nan,nan,nan,nan,nan,nan,nan,nan,nan,nan,nan,nan,0.0,0.0,0.0,0.0,0.0,0.0,0.0,0.0,3.0,0.0,0.0,0.0,0.0,0.0,0.0,0.0,3.0,nan,nan,nan,,nan,nan,nan,nan,nan,nan,nan,,,,nan,nan,nan,nan,nan,nan,nan,nan,nan,nan,nan,nan,,nan,nan,,,nan,nan,nan,nan,nan,nan,nan,nan,nan,nan,nan,nan,nan,nan,nan,nan,nan,nan,nan,nan,nan,nan,nan,nan,,nan,nan,nan,,nan,,,,
nan,nan,nan,nan,nan,nan,nan,nan,nan,nan,nan,nan,nan,nan,nan,nan,nan,0.0,0.0,0.0,0.0,0.0,0.0,0.0,0.0,1.0,0.0,0.0,0.0,0.0,0.0,0.0,0.0,1.0,nan,nan,nan,,nan,nan,nan,nan,nan,nan,nan,,,,nan,nan,nan,nan,nan,nan,nan,nan,nan,nan,nan,nan,,nan,nan,,,nan,nan,nan,nan,nan,nan,nan,nan,nan,nan,nan,nan,nan,nan,nan,nan,nan,nan,nan,nan,nan,nan,nan,nan,,nan,nan,nan,,nan,,,,
nan,nan,nan,nan,nan,nan,nan,nan,nan,nan,nan,nan,nan,nan,nan,nan,nan,0.0,0.0,0.0,0.0,0.0,0.0,0.0,0.0,1.0,0.0,0.0,0.0,0.0,0.0,0.0,0.0,1.0,nan,nan,nan,,nan,nan,nan,nan,nan,nan,nan,,,,nan,nan,nan,nan,nan,nan,nan,nan,nan,nan,nan,nan,,nan,nan,,,nan,nan,nan,nan,nan,nan,nan,nan,nan,nan,nan,nan,nan,nan,nan,nan,nan,nan,nan,nan,nan,nan,nan,nan,,nan,nan,nan,,nan,,,,
nan,nan,nan,nan,nan,nan,nan,nan,nan,nan,nan,nan,nan,nan,nan,nan,nan,0.0,0.0,0.0,0.0,0.0,0.0,0.0,0.0,2.0,0.0,0.0,0.0,0.0,0.0,0.0,0.0,2.0,nan,nan,nan,,nan,nan,nan,nan,nan,nan,nan,,,,nan,nan,nan,nan,nan,nan,nan,nan,nan,nan,nan,nan,,nan,nan,,,nan,nan,nan,nan,nan,nan,nan,nan,nan,nan,nan,nan,nan,nan,nan,nan,nan,nan,nan,nan,nan,nan,nan,nan,,nan,nan,nan,,nan,,,,
nan,nan,nan,nan,nan,nan,nan,nan,nan,nan,nan,nan,nan,nan,nan,nan,nan,0.0,0.0,0.0,0.0,0.0,0.0,0.0,0.0,3.0,0.0,0.0,0.0,0.0,0.0,0.0,0.0,3.0,nan,nan,nan,,nan,nan,nan,nan,nan,nan,nan,,,,nan,nan,nan,nan,nan,nan,nan,nan,nan,nan,nan,nan,,nan,nan,,,nan,nan,nan,nan,nan,nan,nan,nan,nan,nan,nan,nan,nan,nan,nan,nan,nan,nan,nan,nan,nan,nan,nan,nan,,nan,nan,nan,,nan,,,,
nan,nan,nan,nan,nan,nan,nan,nan,nan,nan,nan,nan,nan,nan,nan,nan,nan,0.0,0.0,0.0,0.0,0.0,0.0,0.0,0.0,2.0,0.0,0.0,0.0,0.0,0.0,0.0,0.0,2.0,nan,nan,nan,,nan,nan,nan,nan,nan,nan,nan,,,,nan,nan,nan,nan,nan,nan,nan,nan,nan,nan,nan,nan,,nan,nan,,,nan,nan,nan,nan,nan,nan,nan,nan,nan,nan,nan,nan,nan,nan,nan,nan,nan,nan,nan,nan,nan,nan,nan,nan,,nan,nan,nan,,nan,,,,
nan,nan,nan,nan,nan,nan,nan,nan,nan,nan,nan,nan,nan,nan,nan,nan,nan,0.0,0.0,0.0,0.0,0.0,0.0,0.0,0.0,0.0,0.0,0.0,0.0,0.0,0.0,0.0,0.0,0.0,nan,nan,nan,,nan,nan,nan,nan,nan,nan,nan,,,,nan,nan,nan,nan,nan,nan,nan,nan,nan,nan,nan,nan,,nan,nan,,,nan,nan,nan,nan,nan,nan,nan,nan,nan,nan,nan,nan,nan,nan,nan,nan,nan,nan,nan,nan,nan,nan,nan,nan,,nan,nan,nan,,nan,,,,
nan,nan,nan,nan,nan,nan,nan,nan,nan,nan,nan,nan,nan,nan,nan,nan,nan,0.0,0.0,0.0,0.0,0.0,0.0,0.0,0.0,1.0,0.0,0.0,0.0,0.0,0.0,0.0,0.0,1.0,nan,nan,nan,,nan,nan,nan,nan,nan,nan,nan,,,,nan,nan,nan,nan,nan,nan,nan,nan,nan,nan,nan,nan,,nan,nan,,,nan,nan,nan,nan,nan,nan,nan,nan,nan,nan,nan,nan,nan,nan,nan,nan,nan,nan,nan,nan,nan,nan,nan,nan,,nan,nan,nan,,nan,,,,
nan,nan,nan,nan,nan,nan,nan,nan,nan,nan,nan,nan,nan,nan,nan,nan,nan,0.0,0.0,0.0,0.0,0.0,0.0,0.0,0.0,1.0,0.0,0.0,0.0,0.0,0.0,0.0,0.0,1.0,nan,nan,nan,,nan,nan,nan,nan,nan,nan,nan,,,,nan,nan,nan,nan,nan,nan,nan,nan,nan,nan,nan,nan,,nan,nan,,,nan,nan,nan,nan,nan,nan,nan,nan,nan,nan,nan,nan,nan,nan,nan,nan,nan,nan,nan,nan,nan,nan,nan,nan,,nan,nan,nan,,nan,,,,
nan,nan,nan,nan,nan,nan,nan,nan,nan,nan,nan,nan,nan,nan,nan,nan,nan,0.0,0.0,0.0,0.0,0.0,0.0,0.0,0.0,0.0,0.0,0.0,0.0,0.0,0.0,0.0,0.0,0.0,nan,nan,nan,,nan,nan,nan,nan,nan,nan,nan,,,,nan,nan,nan,nan,nan,nan,nan,nan,nan,nan,nan,nan,,nan,nan,,,nan,nan,nan,nan,nan,nan,nan,nan,nan,nan,nan,nan,nan,nan,nan,nan,nan,nan,nan,nan,nan,nan,nan,nan,,nan,nan,nan,,nan,,,,
nan,nan,nan,nan,nan,nan,nan,nan,nan,nan,nan,nan,nan,nan,nan,nan,nan,0.0,0.0,0.0,0.0,0.0,0.0,0.0,0.0,1.0,0.0,0.0,0.0,0.0,0.0,0.0,0.0,1.0,nan,nan,nan,,nan,nan,nan,nan,nan,nan,nan,,,,nan,nan,nan,nan,nan,nan,nan,nan,nan,nan,nan,nan,,nan,nan,,,nan,nan,nan,nan,nan,nan,nan,nan,nan,nan,nan,nan,nan,nan,nan,nan,nan,nan,nan,nan,nan,nan,nan,nan,,nan,nan,nan,,nan,,,,
nan,nan,nan,nan,nan,nan,nan,nan,nan,nan,nan,nan,nan,nan,nan,nan,nan,0.0,0.0,0.0,0.0,0.0,0.0,0.0,0.0,1.0,0.0,0.0,0.0,0.0,0.0,0.0,0.0,1.0,nan,nan,nan,,nan,nan,nan,nan,nan,nan,nan,,,,nan,nan,nan,nan,nan,nan,nan,nan,nan,nan,nan,nan,,nan,nan,,,nan,nan,nan,nan,nan,nan,nan,nan,nan,nan,nan,nan,nan,nan,nan,nan,nan,nan,nan,nan,nan,nan,nan,nan,,nan,nan,nan,,nan,,,,
nan,nan,nan,nan,nan,nan,nan,nan,nan,nan,nan,nan,nan,nan,nan,nan,nan,0.0,0.0,0.0,0.0,0.0,0.0,0.0,0.0,0.0,0.0,0.0,0.0,0.0,0.0,0.0,0.0,0.0,nan,nan,nan,,nan,nan,nan,nan,nan,nan,nan,,,,nan,nan,nan,nan,nan,nan,nan,nan,nan,nan,nan,nan,,nan,nan,,,nan,nan,nan,nan,nan,nan,nan,nan,nan,nan,nan,nan,nan,nan,nan,nan,nan,nan,nan,nan,nan,nan,nan,nan,,nan,nan,nan,,nan,,,,
nan,nan,nan,nan,nan,nan,nan,nan,nan,nan,nan,nan,nan,nan,nan,nan,nan,0.0,0.0,0.0,0.0,0.0,0.0,0.0,0.0,1.0,0.0,0.0,0.0,0.0,0.0,0.0,0.0,1.0,nan,nan,nan,,nan,nan,nan,nan,nan,nan,nan,,,,nan,nan,nan,nan,nan,nan,nan,nan,nan,nan,nan,nan,,nan,nan,,,nan,nan,nan,nan,nan,nan,nan,nan,nan,nan,nan,nan,nan,nan,nan,nan,nan,nan,nan,nan,nan,nan,nan,nan,,nan,nan,nan,,nan,,,,
nan,nan,nan,nan,nan,nan,nan,nan,nan,nan,nan,nan,nan,nan,nan,nan,nan,0.0,0.0,0.0,0.0,0.0,0.0,0.0,0.0,1.0,0.0,0.0,0.0,0.0,0.0,0.0,0.0,1.0,nan,nan,nan,,nan,nan,nan,nan,nan,nan,nan,,,,nan,nan,nan,nan,nan,nan,nan,nan,nan,nan,nan,nan,,nan,nan,,,nan,nan,nan,nan,nan,nan,nan,nan,nan,nan,nan,nan,nan,nan,nan,nan,nan,nan,nan,nan,nan,nan,nan,nan,,nan,nan,nan,,nan,,,,
nan,nan,nan,nan,nan,nan,nan,nan,nan,nan,nan,nan,nan,nan,nan,nan,nan,0.0,0.0,0.0,0.0,0.0,0.0,0.0,0.0,0.0,0.0,0.0,0.0,0.0,0.0,0.0,0.0,0.0,nan,nan,nan,,nan,nan,nan,nan,nan,nan,nan,,,,nan,nan,nan,nan,nan,nan,nan,nan,nan,nan,nan,nan,,nan,nan,,,nan,nan,nan,nan,nan,nan,nan,nan,nan,nan,nan,nan,nan,nan,nan,nan,nan,nan,nan,nan,nan,nan,nan,nan,,nan,nan,nan,,nan,,,,
nan,nan,nan,nan,nan,nan,nan,nan,nan,nan,nan,nan,nan,nan,nan,nan,nan,0.0,0.0,0.0,0.0,0.0,0.0,0.0,0.0,3.0,0.0,0.0,0.0,0.0,0.0,0.0,0.0,3.0,nan,nan,nan,,nan,nan,nan,nan,nan,nan,nan,,,,nan,nan,nan,nan,nan,nan,nan,nan,nan,nan,nan,nan,,nan,nan,,,nan,nan,nan,nan,nan,nan,nan,nan,nan,nan,nan,nan,nan,nan,nan,nan,nan,nan,nan,nan,nan,nan,nan,nan,,nan,nan,nan,,nan,,,,
nan,nan,nan,nan,nan,nan,nan,nan,nan,nan,nan,nan,nan,nan,nan,nan,nan,0.0,0.0,0.0,0.0,0.0,0.0,0.0,0.0,4.0,0.0,0.0,0.0,0.0,0.0,0.0,0.0,4.0,nan,nan,nan,,nan,nan,nan,nan,nan,nan,nan,,,,nan,nan,nan,nan,nan,nan,nan,nan,nan,nan,nan,nan,,nan,nan,,,nan,nan,nan,nan,nan,nan,nan,nan,nan,nan,nan,nan,nan,nan,nan,nan,nan,nan,nan,nan,nan,nan,nan,nan,,nan,nan,nan,,nan,,,,
nan,nan,nan,nan,nan,nan,nan,nan,nan,nan,nan,nan,nan,nan,nan,nan,nan,0.0,0.0,0.0,0.0,0.0,0.0,0.0,0.0,2.0,0.0,0.0,0.0,0.0,0.0,0.0,0.0,2.0,nan,nan,nan,,nan,nan,nan,nan,nan,nan,nan,,,,nan,nan,nan,nan,nan,nan,nan,nan,nan,nan,nan,nan,,nan,nan,,,nan,nan,nan,nan,nan,nan,nan,nan,nan,nan,nan,nan,nan,nan,nan,nan,nan,nan,nan,nan,nan,nan,nan,nan,,nan,nan,nan,,nan,,,,
nan,nan,nan,nan,nan,nan,nan,nan,nan,nan,nan,nan,nan,nan,nan,nan,nan,0.0,0.0,0.0,0.0,0.0,0.0,0.0,0.0,1.0,0.0,0.0,0.0,0.0,0.0,0.0,0.0,1.0,nan,nan,nan,,nan,nan,nan,nan,nan,nan,nan,,,,nan,nan,nan,nan,nan,nan,nan,nan,nan,nan,nan,nan,,nan,nan,,,nan,nan,nan,nan,nan,nan,nan,nan,nan,nan,nan,nan,nan,nan,nan,nan,nan,nan,nan,nan,nan,nan,nan,nan,,nan,nan,nan,,nan,,,,
nan,nan,nan,nan,nan,nan,nan,nan,nan,nan,nan,nan,nan,nan,nan,nan,nan,0.0,0.0,0.0,0.0,0.0,0.0,0.0,0.0,0.0,0.0,0.0,0.0,0.0,0.0,0.0,0.0,0.0,nan,nan,nan,,nan,nan,nan,nan,nan,nan,nan,,,,nan,nan,nan,nan,nan,nan,nan,nan,nan,nan,nan,nan,,nan,nan,,,nan,nan,nan,nan,nan,nan,nan,nan,nan,nan,nan,nan,nan,nan,nan,nan,nan,nan,nan,nan,nan,nan,nan,nan,,nan,nan,nan,,nan,,,,
nan,nan,nan,nan,nan,nan,nan,nan,nan,nan,nan,nan,nan,nan,nan,nan,nan,0.0,0.0,0.0,0.0,0.0,0.0,0.0,0.0,1.0,0.0,0.0,0.0,0.0,0.0,0.0,0.0,1.0,nan,nan,nan,,nan,nan,nan,nan,nan,nan,nan,,,,nan,nan,nan,nan,nan,nan,nan,nan,nan,nan,nan,nan,,nan,nan,,,nan,nan,nan,nan,nan,nan,nan,nan,nan,nan,nan,nan,nan,nan,nan,nan,nan,nan,nan,nan,nan,nan,nan,nan,,nan,nan,nan,,nan,,,,
nan,nan,nan,nan,nan,nan,nan,nan,nan,nan,nan,nan,nan,nan,nan,nan,nan,0.0,0.0,0.0,0.0,0.0,0.0,0.0,0.0,1.0,0.0,0.0,0.0,0.0,0.0,0.0,0.0,1.0,nan,nan,nan,,nan,nan,nan,nan,nan,nan,nan,,,,nan,nan,nan,nan,nan,nan,nan,nan,nan,nan,nan,nan,,nan,nan,,,nan,nan,nan,nan,nan,nan,nan,nan,nan,nan,nan,nan,nan,nan,nan,nan,nan,nan,nan,nan,nan,nan,nan,nan,,nan,nan,nan,,nan,,,,
nan,nan,nan,nan,nan,nan,nan,nan,nan,nan,nan,nan,nan,nan,nan,nan,nan,0.0,0.0,0.0,0.0,0.0,0.0,0.0,0.0,1.0,0.0,0.0,0.0,0.0,0.0,0.0,0.0,1.0,nan,nan,nan,,nan,nan,nan,nan,nan,nan,nan,,,,nan,nan,nan,nan,nan,nan,nan,nan,nan,nan,nan,nan,,nan,nan,,,nan,nan,nan,nan,nan,nan,nan,nan,nan,nan,nan,nan,nan,nan,nan,nan,nan,nan,nan,nan,nan,nan,nan,nan,,nan,nan,nan,,nan,,,,
nan,nan,nan,nan,nan,nan,nan,nan,nan,nan,nan,nan,nan,nan,nan,nan,nan,0.0,0.0,0.0,0.0,0.0,0.0,0.0,0.0,3.0,0.0,0.0,0.0,0.0,0.0,0.0,0.0,3.0,nan,nan,nan,,nan,nan,nan,nan,nan,nan,nan,,,,nan,nan,nan,nan,nan,nan,nan,nan,nan,nan,nan,nan,,nan,nan,,,nan,nan,nan,nan,nan,nan,nan,nan,nan,nan,nan,nan,nan,nan,nan,nan,nan,nan,nan,nan,nan,nan,nan,nan,,nan,nan,nan,,nan,,,,
nan,nan,nan,nan,nan,nan,nan,nan,nan,nan,nan,nan,nan,nan,nan,nan,nan,0.0,0.0,0.0,0.0,0.0,0.0,0.0,0.0,0.0,0.0,0.0,0.0,0.0,0.0,0.0,0.0,0.0,nan,nan,nan,,nan,nan,nan,nan,nan,nan,nan,,,,nan,nan,nan,nan,nan,nan,nan,nan,nan,nan,nan,nan,,nan,nan,,,nan,nan,nan,nan,nan,nan,nan,nan,nan,nan,nan,nan,nan,nan,nan,nan,nan,nan,nan,nan,nan,nan,nan,nan,,nan,nan,nan,,nan,,,,
nan,nan,nan,nan,nan,nan,nan,nan,nan,nan,nan,nan,nan,nan,nan,nan,nan,0.0,0.0,0.0,0.0,0.0,0.0,0.0,0.0,0.0,0.0,0.0,0.0,0.0,0.0,0.0,0.0,0.0,nan,nan,nan,,nan,nan,nan,nan,nan,nan,nan,,,,nan,nan,nan,nan,nan,nan,nan,nan,nan,nan,nan,nan,,nan,nan,,,nan,nan,nan,nan,nan,nan,nan,nan,nan,nan,nan,nan,nan,nan,nan,nan,nan,nan,nan,nan,nan,nan,nan,nan,,nan,nan,nan,,nan,,,,
nan,nan,nan,nan,nan,nan,nan,nan,nan,nan,nan,nan,nan,nan,nan,nan,nan,0.0,0.0,0.0,0.0,0.0,0.0,0.0,0.0,0.0,0.0,0.0,0.0,0.0,0.0,0.0,0.0,0.0,nan,nan,nan,,nan,nan,nan,nan,nan,nan,nan,,,,nan,nan,nan,nan,nan,nan,nan,nan,nan,nan,nan,nan,,nan,nan,,,nan,nan,nan,nan,nan,nan,nan,nan,nan,nan,nan,nan,nan,nan,nan,nan,nan,nan,nan,nan,nan,nan,nan,nan,,nan,nan,nan,,nan,,,,
nan,nan,nan,nan,nan,nan,nan,nan,nan,nan,nan,nan,nan,nan,nan,nan,nan,0.0,0.0,0.0,0.0,0.0,0.0,0.0,0.0,3.0,0.0,0.0,0.0,0.0,0.0,0.0,0.0,3.0,nan,nan,nan,,nan,nan,nan,nan,nan,nan,nan,,,,nan,nan,nan,nan,nan,nan,nan,nan,nan,nan,nan,nan,,nan,nan,,,nan,nan,nan,nan,nan,nan,nan,nan,nan,nan,nan,nan,nan,nan,nan,nan,nan,nan,nan,nan,nan,nan,nan,nan,,nan,nan,nan,,nan,,,,
nan,nan,nan,nan,nan,nan,nan,nan,nan,nan,nan,nan,nan,nan,nan,nan,nan,0.0,0.0,0.0,0.0,0.0,0.0,0.0,0.0,3.0,0.0,0.0,0.0,0.0,0.0,0.0,0.0,3.0,nan,nan,nan,,nan,nan,nan,nan,nan,nan,nan,,,,nan,nan,nan,nan,nan,nan,nan,nan,nan,nan,nan,nan,,nan,nan,,,nan,nan,nan,nan,nan,nan,nan,nan,nan,nan,nan,nan,nan,nan,nan,nan,nan,nan,nan,nan,nan,nan,nan,nan,,nan,nan,nan,,nan,,,,
nan,nan,nan,nan,nan,nan,nan,nan,nan,nan,nan,nan,nan,nan,nan,nan,nan,0.0,0.0,0.0,0.0,0.0,0.0,0.0,0.0,1.0,0.0,0.0,0.0,0.0,0.0,0.0,0.0,1.0,nan,nan,nan,,nan,nan,nan,nan,nan,nan,nan,,,,nan,nan,nan,nan,nan,nan,nan,nan,nan,nan,nan,nan,,nan,nan,,,nan,nan,nan,nan,nan,nan,nan,nan,nan,nan,nan,nan,nan,nan,nan,nan,nan,nan,nan,nan,nan,nan,nan,nan,,nan,nan,nan,,nan,,,,
nan,nan,nan,nan,nan,nan,nan,nan,nan,nan,nan,nan,nan,nan,nan,nan,nan,0.0,0.0,0.0,0.0,0.0,0.0,0.0,0.0,1.0,0.0,0.0,0.0,0.0,0.0,0.0,0.0,1.0,nan,nan,nan,,nan,nan,nan,nan,nan,nan,nan,,,,nan,nan,nan,nan,nan,nan,nan,nan,nan,nan,nan,nan,,nan,nan,,,nan,nan,nan,nan,nan,nan,nan,nan,nan,nan,nan,nan,nan,nan,nan,nan,nan,nan,nan,nan,nan,nan,nan,nan,,nan,nan,nan,,nan,,,,
nan,nan,nan,nan,nan,nan,nan,nan,nan,nan,nan,nan,nan,nan,nan,nan,nan,0.0,0.0,0.0,0.0,0.0,0.0,0.0,0.0,1.0,0.0,0.0,0.0,0.0,0.0,0.0,0.0,1.0,nan,nan,nan,,nan,nan,nan,nan,nan,nan,nan,,,,nan,nan,nan,nan,nan,nan,nan,nan,nan,nan,nan,nan,,nan,nan,,,nan,nan,nan,nan,nan,nan,nan,nan,nan,nan,nan,nan,nan,nan,nan,nan,nan,nan,nan,nan,nan,nan,nan,nan,,nan,nan,nan,,nan,,,,
nan,nan,nan,nan,nan,nan,nan,nan,nan,nan,nan,nan,nan,nan,nan,nan,nan,0.0,0.0,0.0,0.0,0.0,0.0,0.0,0.0,1.0,0.0,0.0,0.0,0.0,0.0,0.0,0.0,1.0,nan,nan,nan,,nan,nan,nan,nan,nan,nan,nan,,,,nan,nan,nan,nan,nan,nan,nan,nan,nan,nan,nan,nan,,nan,nan,,,nan,nan,nan,nan,nan,nan,nan,nan,nan,nan,nan,nan,nan,nan,nan,nan,nan,nan,nan,nan,nan,nan,nan,nan,,nan,nan,nan,,nan,,,,
nan,nan,nan,nan,nan,nan,nan,nan,nan,nan,nan,nan,nan,nan,nan,nan,nan,0.0,0.0,0.0,0.0,0.0,0.0,0.0,0.0,0.0,0.0,0.0,0.0,0.0,0.0,0.0,0.0,0.0,nan,nan,nan,,nan,nan,nan,nan,nan,nan,nan,,,,nan,nan,nan,nan,nan,nan,nan,nan,nan,nan,nan,nan,,nan,nan,,,nan,nan,nan,nan,nan,nan,nan,nan,nan,nan,nan,nan,nan,nan,nan,nan,nan,nan,nan,nan,nan,nan,nan,nan,,nan,nan,nan,,nan,,,,
nan,nan,nan,nan,nan,nan,nan,nan,nan,nan,nan,nan,nan,nan,nan,nan,nan,0.0,0.0,0.0,0.0,0.0,0.0,0.0,0.0,0.0,0.0,0.0,0.0,0.0,0.0,0.0,0.0,0.0,nan,nan,nan,,nan,nan,nan,nan,nan,nan,nan,,,,nan,nan,nan,nan,nan,nan,nan,nan,nan,nan,nan,nan,,nan,nan,,,nan,nan,nan,nan,nan,nan,nan,nan,nan,nan,nan,nan,nan,nan,nan,nan,nan,nan,nan,nan,nan,nan,nan,nan,,nan,nan,nan,,nan,,,,
nan,nan,nan,nan,nan,nan,nan,nan,nan,nan,nan,nan,nan,nan,nan,nan,nan,0.0,0.0,0.0,0.0,0.0,0.0,0.0,0.0,0.0,0.0,0.0,0.0,0.0,0.0,0.0,0.0,0.0,nan,nan,nan,,nan,nan,nan,nan,nan,nan,nan,,,,nan,nan,nan,nan,nan,nan,nan,nan,nan,nan,nan,nan,,nan,nan,,,nan,nan,nan,nan,nan,nan,nan,nan,nan,nan,nan,nan,nan,nan,nan,nan,nan,nan,nan,nan,nan,nan,nan,nan,,nan,nan,nan,,nan,,,,
nan,nan,nan,nan,nan,nan,nan,nan,nan,nan,nan,nan,nan,nan,nan,nan,nan,0.0,0.0,0.0,0.0,0.0,0.0,0.0,0.0,1.0,0.0,0.0,0.0,0.0,0.0,0.0,0.0,1.0,nan,nan,nan,,nan,nan,nan,nan,nan,nan,nan,,,,nan,nan,nan,nan,nan,nan,nan,nan,nan,nan,nan,nan,,nan,nan,,,nan,nan,nan,nan,nan,nan,nan,nan,nan,nan,nan,nan,nan,nan,nan,nan,nan,nan,nan,nan,nan,nan,nan,nan,,nan,nan,nan,,nan,,,,
nan,nan,nan,nan,nan,nan,nan,nan,nan,nan,nan,nan,nan,nan,nan,nan,nan,0.0,0.0,0.0,0.0,0.0,0.0,0.0,0.0,2.0,0.0,0.0,0.0,0.0,0.0,0.0,0.0,2.0,nan,nan,nan,,nan,nan,nan,nan,nan,nan,nan,,,,nan,nan,nan,nan,nan,nan,nan,nan,nan,nan,nan,nan,,nan,nan,,,nan,nan,nan,nan,nan,nan,nan,nan,nan,nan,nan,nan,nan,nan,nan,nan,nan,nan,nan,nan,nan,nan,nan,nan,,nan,nan,nan,,nan,,,,
nan,nan,nan,nan,nan,nan,nan,nan,nan,nan,nan,nan,nan,nan,nan,nan,nan,0.0,0.0,0.0,0.0,0.0,0.0,0.0,0.0,1.0,0.0,0.0,0.0,0.0,0.0,0.0,0.0,1.0,nan,nan,nan,,nan,nan,nan,nan,nan,nan,nan,,,,nan,nan,nan,nan,nan,nan,nan,nan,nan,nan,nan,nan,,nan,nan,,,nan,nan,nan,nan,nan,nan,nan,nan,nan,nan,nan,nan,nan,nan,nan,nan,nan,nan,nan,nan,nan,nan,nan,nan,,nan,nan,nan,,nan,,,,
nan,nan,nan,nan,nan,nan,nan,nan,nan,nan,nan,nan,nan,nan,nan,nan,nan,0.0,0.0,0.0,0.0,0.0,0.0,0.0,0.0,0.0,0.0,0.0,0.0,0.0,0.0,0.0,0.0,0.0,nan,nan,nan,,nan,nan,nan,nan,nan,nan,nan,,,,nan,nan,nan,nan,nan,nan,nan,nan,nan,nan,nan,nan,,nan,nan,,,nan,nan,nan,nan,nan,nan,nan,nan,nan,nan,nan,nan,nan,nan,nan,nan,nan,nan,nan,nan,nan,nan,nan,nan,,nan,nan,nan,,nan,,,,
nan,nan,nan,nan,nan,nan,nan,nan,nan,nan,nan,nan,nan,nan,nan,nan,nan,0.0,0.0,0.0,0.0,0.0,0.0,0.0,0.0,0.0,0.0,0.0,0.0,0.0,0.0,0.0,0.0,0.0,nan,nan,nan,,nan,nan,nan,nan,nan,nan,nan,,,,nan,nan,nan,nan,nan,nan,nan,nan,nan,nan,nan,nan,,nan,nan,,,nan,nan,nan,nan,nan,nan,nan,nan,nan,nan,nan,nan,nan,nan,nan,nan,nan,nan,nan,nan,nan,nan,nan,nan,,nan,nan,nan,,nan,,,,
nan,nan,nan,nan,nan,nan,nan,nan,nan,nan,nan,nan,nan,nan,nan,nan,nan,0.0,0.0,0.0,0.0,0.0,0.0,0.0,0.0,2.0,0.0,0.0,0.0,0.0,0.0,0.0,0.0,2.0,nan,nan,nan,,nan,nan,nan,nan,nan,nan,nan,,,,nan,nan,nan,nan,nan,nan,nan,nan,nan,nan,nan,nan,,nan,nan,,,nan,nan,nan,nan,nan,nan,nan,nan,nan,nan,nan,nan,nan,nan,nan,nan,nan,nan,nan,nan,nan,nan,nan,nan,,nan,nan,nan,,nan,,,,
nan,nan,nan,nan,nan,nan,nan,nan,nan,nan,nan,nan,nan,nan,nan,nan,nan,0.0,0.0,0.0,0.0,0.0,0.0,0.0,0.0,1.0,0.0,0.0,0.0,0.0,0.0,0.0,0.0,1.0,nan,nan,nan,,nan,nan,nan,nan,nan,nan,nan,,,,nan,nan,nan,nan,nan,nan,nan,nan,nan,nan,nan,nan,,nan,nan,,,nan,nan,nan,nan,nan,nan,nan,nan,nan,nan,nan,nan,nan,nan,nan,nan,nan,nan,nan,nan,nan,nan,nan,nan,,nan,nan,nan,,nan,,,,
nan,nan,nan,nan,nan,nan,nan,nan,nan,nan,nan,nan,nan,nan,nan,nan,nan,0.0,0.0,0.0,0.0,0.0,0.0,0.0,0.0,0.0,0.0,0.0,0.0,0.0,0.0,0.0,0.0,0.0,nan,nan,nan,,nan,nan,nan,nan,nan,nan,nan,,,,nan,nan,nan,nan,nan,nan,nan,nan,nan,nan,nan,nan,,nan,nan,,,nan,nan,nan,nan,nan,nan,nan,nan,nan,nan,nan,nan,nan,nan,nan,nan,nan,nan,nan,nan,nan,nan,nan,nan,,nan,nan,nan,,nan,,,,
nan,nan,nan,nan,nan,nan,nan,nan,nan,nan,nan,nan,nan,nan,nan,nan,nan,0.0,0.0,0.0,0.0,0.0,0.0,0.0,0.0,1.0,0.0,0.0,0.0,0.0,0.0,0.0,0.0,1.0,nan,nan,nan,,nan,nan,nan,nan,nan,nan,nan,,,,nan,nan,nan,nan,nan,nan,nan,nan,nan,nan,nan,nan,,nan,nan,,,nan,nan,nan,nan,nan,nan,nan,nan,nan,nan,nan,nan,nan,nan,nan,nan,nan,nan,nan,nan,nan,nan,nan,nan,,nan,nan,nan,,nan,,,,
nan,nan,nan,nan,nan,nan,nan,nan,nan,nan,nan,nan,nan,nan,nan,nan,nan,0.0,0.0,0.0,0.0,0.0,0.0,0.0,0.0,2.0,0.0,0.0,0.0,0.0,0.0,0.0,0.0,2.0,nan,nan,nan,,nan,nan,nan,nan,nan,nan,nan,,,,nan,nan,nan,nan,nan,nan,nan,nan,nan,nan,nan,nan,,nan,nan,,,nan,nan,nan,nan,nan,nan,nan,nan,nan,nan,nan,nan,nan,nan,nan,nan,nan,nan,nan,nan,nan,nan,nan,nan,,nan,nan,nan,,nan,,,,
nan,nan,nan,nan,nan,nan,nan,nan,nan,nan,nan,nan,nan,nan,nan,nan,nan,0.0,0.0,0.0,0.0,0.0,0.0,0.0,0.0,0.0,0.0,0.0,0.0,0.0,0.0,0.0,0.0,0.0,nan,nan,nan,,nan,nan,nan,nan,nan,nan,nan,,,,nan,nan,nan,nan,nan,nan,nan,nan,nan,nan,nan,nan,,nan,nan,,,nan,nan,nan,nan,nan,nan,nan,nan,nan,nan,nan,nan,nan,nan,nan,nan,nan,nan,nan,nan,nan,nan,nan,nan,,nan,nan,nan,,nan,,,,
nan,nan,nan,nan,nan,nan,nan,nan,nan,nan,nan,nan,nan,nan,nan,nan,nan,0.0,0.0,0.0,0.0,0.0,0.0,0.0,0.0,0.0,0.0,0.0,0.0,0.0,0.0,0.0,0.0,0.0,nan,nan,nan,,nan,nan,nan,nan,nan,nan,nan,,,,nan,nan,nan,nan,nan,nan,nan,nan,nan,nan,nan,nan,,nan,nan,,,nan,nan,nan,nan,nan,nan,nan,nan,nan,nan,nan,nan,nan,nan,nan,nan,nan,nan,nan,nan,nan,nan,nan,nan,,nan,nan,nan,,nan,,,,
nan,nan,nan,nan,nan,nan,nan,nan,nan,nan,nan,nan,nan,nan,nan,nan,nan,0.0,0.0,0.0,0.0,0.0,0.0,0.0,0.0,1.0,0.0,0.0,0.0,0.0,0.0,0.0,0.0,1.0,nan,nan,nan,,nan,nan,nan,nan,nan,nan,nan,,,,nan,nan,nan,nan,nan,nan,nan,nan,nan,nan,nan,nan,,nan,nan,,,nan,nan,nan,nan,nan,nan,nan,nan,nan,nan,nan,nan,nan,nan,nan,nan,nan,nan,nan,nan,nan,nan,nan,nan,,nan,nan,nan,,nan,,,,
nan,nan,nan,nan,nan,nan,nan,nan,nan,nan,nan,nan,nan,nan,nan,nan,nan,0.0,0.0,0.0,0.0,0.0,0.0,0.0,0.0,3.0,0.0,0.0,0.0,0.0,0.0,0.0,0.0,3.0,nan,nan,nan,,nan,nan,nan,nan,nan,nan,nan,,,,nan,nan,nan,nan,nan,nan,nan,nan,nan,nan,nan,nan,,nan,nan,,,nan,nan,nan,nan,nan,nan,nan,nan,nan,nan,nan,nan,nan,nan,nan,nan,nan,nan,nan,nan,nan,nan,nan,nan,,nan,nan,nan,,nan,,,,
nan,nan,nan,nan,nan,nan,nan,nan,nan,nan,nan,nan,nan,nan,nan,nan,nan,0.0,0.0,0.0,0.0,0.0,0.0,0.0,0.0,0.0,0.0,0.0,0.0,0.0,0.0,0.0,0.0,0.0,nan,nan,nan,,nan,nan,nan,nan,nan,nan,nan,,,,nan,nan,nan,nan,nan,nan,nan,nan,nan,nan,nan,nan,,nan,nan,,,nan,nan,nan,nan,nan,nan,nan,nan,nan,nan,nan,nan,nan,nan,nan,nan,nan,nan,nan,nan,nan,nan,nan,nan,,nan,nan,nan,,nan,,,,
nan,nan,nan,nan,nan,nan,nan,nan,nan,nan,nan,nan,nan,nan,nan,nan,nan,0.0,0.0,0.0,0.0,0.0,0.0,0.0,0.0,0.0,0.0,0.0,0.0,0.0,0.0,0.0,0.0,0.0,nan,nan,nan,,nan,nan,nan,nan,nan,nan,nan,,,,nan,nan,nan,nan,nan,nan,nan,nan,nan,nan,nan,nan,,nan,nan,,,nan,nan,nan,nan,nan,nan,nan,nan,nan,nan,nan,nan,nan,nan,nan,nan,nan,nan,nan,nan,nan,nan,nan,nan,,nan,nan,nan,,nan,,,,
nan,nan,nan,nan,nan,nan,nan,nan,nan,nan,nan,nan,nan,nan,nan,nan,nan,0.0,0.0,0.0,0.0,0.0,0.0,0.0,0.0,2.0,0.0,0.0,0.0,0.0,0.0,0.0,0.0,2.0,nan,nan,nan,,nan,nan,nan,nan,nan,nan,nan,,,,nan,nan,nan,nan,nan,nan,nan,nan,nan,nan,nan,nan,,nan,nan,,,nan,nan,nan,nan,nan,nan,nan,nan,nan,nan,nan,nan,nan,nan,nan,nan,nan,nan,nan,nan,nan,nan,nan,nan,,nan,nan,nan,,nan,,,,
nan,nan,nan,nan,nan,nan,nan,nan,nan,nan,nan,nan,nan,nan,nan,nan,nan,0.0,0.0,0.0,0.0,0.0,0.0,0.0,0.0,0.0,0.0,0.0,0.0,0.0,0.0,0.0,0.0,0.0,nan,nan,nan,,nan,nan,nan,nan,nan,nan,nan,,,,nan,nan,nan,nan,nan,nan,nan,nan,nan,nan,nan,nan,,nan,nan,,,nan,nan,nan,nan,nan,nan,nan,nan,nan,nan,nan,nan,nan,nan,nan,nan,nan,nan,nan,nan,nan,nan,nan,nan,,nan,nan,nan,,nan,,,,
nan,nan,nan,nan,nan,nan,nan,nan,nan,nan,nan,nan,nan,nan,nan,nan,nan,0.0,0.0,0.0,0.0,0.0,0.0,0.0,0.0,1.0,0.0,0.0,0.0,0.0,0.0,0.0,0.0,1.0,nan,nan,nan,,nan,nan,nan,nan,nan,nan,nan,,,,nan,nan,nan,nan,nan,nan,nan,nan,nan,nan,nan,nan,,nan,nan,,,nan,nan,nan,nan,nan,nan,nan,nan,nan,nan,nan,nan,nan,nan,nan,nan,nan,nan,nan,nan,nan,nan,nan,nan,,nan,nan,nan,,nan,,,,
nan,nan,nan,nan,nan,nan,nan,nan,nan,nan,nan,nan,nan,nan,nan,nan,nan,0.0,0.0,0.0,0.0,0.0,0.0,0.0,0.0,1.0,0.0,0.0,0.0,0.0,0.0,0.0,0.0,1.0,nan,nan,nan,,nan,nan,nan,nan,nan,nan,nan,,,,nan,nan,nan,nan,nan,nan,nan,nan,nan,nan,nan,nan,,nan,nan,,,nan,nan,nan,nan,nan,nan,nan,nan,nan,nan,nan,nan,nan,nan,nan,nan,nan,nan,nan,nan,nan,nan,nan,nan,,nan,nan,nan,,nan,,,,
nan,nan,nan,nan,nan,nan,nan,nan,nan,nan,nan,nan,nan,nan,nan,nan,nan,0.0,0.0,0.0,0.0,0.0,0.0,0.0,0.0,1.0,0.0,0.0,0.0,0.0,0.0,0.0,0.0,1.0,nan,nan,nan,,nan,nan,nan,nan,nan,nan,nan,,,,nan,nan,nan,nan,nan,nan,nan,nan,nan,nan,nan,nan,,nan,nan,,,nan,nan,nan,nan,nan,nan,nan,nan,nan,nan,nan,nan,nan,nan,nan,nan,nan,nan,nan,nan,nan,nan,nan,nan,,nan,nan,nan,,nan,,,,
nan,nan,nan,nan,nan,nan,nan,nan,nan,nan,nan,nan,nan,nan,nan,nan,nan,0.0,0.0,0.0,0.0,0.0,0.0,0.0,0.0,0.0,0.0,0.0,0.0,0.0,0.0,0.0,0.0,0.0,nan,nan,nan,,nan,nan,nan,nan,nan,nan,nan,,,,nan,nan,nan,nan,nan,nan,nan,nan,nan,nan,nan,nan,,nan,nan,,,nan,nan,nan,nan,nan,nan,nan,nan,nan,nan,nan,nan,nan,nan,nan,nan,nan,nan,nan,nan,nan,nan,nan,nan,,nan,nan,nan,,nan,,,,
nan,nan,nan,nan,nan,nan,nan,nan,nan,nan,nan,nan,nan,nan,nan,nan,nan,0.0,0.0,0.0,0.0,0.0,0.0,0.0,0.0,2.0,0.0,0.0,0.0,0.0,0.0,0.0,0.0,2.0,nan,nan,nan,,nan,nan,nan,nan,nan,nan,nan,,,,nan,nan,nan,nan,nan,nan,nan,nan,nan,nan,nan,nan,,nan,nan,,,nan,nan,nan,nan,nan,nan,nan,nan,nan,nan,nan,nan,nan,nan,nan,nan,nan,nan,nan,nan,nan,nan,nan,nan,,nan,nan,nan,,nan,,,,
nan,nan,nan,nan,nan,nan,nan,nan,nan,nan,nan,nan,nan,nan,nan,nan,nan,0.0,0.0,0.0,0.0,0.0,0.0,0.0,0.0,1.0,0.0,0.0,0.0,0.0,0.0,0.0,0.0,1.0,nan,nan,nan,,nan,nan,nan,nan,nan,nan,nan,,,,nan,nan,nan,nan,nan,nan,nan,nan,nan,nan,nan,nan,,nan,nan,,,nan,nan,nan,nan,nan,nan,nan,nan,nan,nan,nan,nan,nan,nan,nan,nan,nan,nan,nan,nan,nan,nan,nan,nan,,nan,nan,nan,,nan,,,,
nan,nan,nan,nan,nan,nan,nan,nan,nan,nan,nan,nan,nan,nan,nan,nan,nan,0.0,0.0,0.0,0.0,0.0,0.0,0.0,0.0,1.0,0.0,0.0,0.0,0.0,0.0,0.0,0.0,1.0,nan,nan,nan,,nan,nan,nan,nan,nan,nan,nan,,,,nan,nan,nan,nan,nan,nan,nan,nan,nan,nan,nan,nan,,nan,nan,,,nan,nan,nan,nan,nan,nan,nan,nan,nan,nan,nan,nan,nan,nan,nan,nan,nan,nan,nan,nan,nan,nan,nan,nan,,nan,nan,nan,,nan,,,,
nan,nan,nan,nan,nan,nan,nan,nan,nan,nan,nan,nan,nan,nan,nan,nan,nan,0.0,0.0,0.0,0.0,0.0,0.0,0.0,0.0,0.0,0.0,0.0,0.0,0.0,0.0,0.0,0.0,0.0,nan,nan,nan,,nan,nan,nan,nan,nan,nan,nan,,,,nan,nan,nan,nan,nan,nan,nan,nan,nan,nan,nan,nan,,nan,nan,,,nan,nan,nan,nan,nan,nan,nan,nan,nan,nan,nan,nan,nan,nan,nan,nan,nan,nan,nan,nan,nan,nan,nan,nan,,nan,nan,nan,,nan,,,,
nan,nan,nan,nan,nan,nan,nan,nan,nan,nan,nan,nan,nan,nan,nan,nan,nan,0.0,0.0,0.0,0.0,0.0,0.0,0.0,0.0,0.0,0.0,0.0,0.0,0.0,0.0,0.0,0.0,0.0,nan,nan,nan,,nan,nan,nan,nan,nan,nan,nan,,,,nan,nan,nan,nan,nan,nan,nan,nan,nan,nan,nan,nan,,nan,nan,,,nan,nan,nan,nan,nan,nan,nan,nan,nan,nan,nan,nan,nan,nan,nan,nan,nan,nan,nan,nan,nan,nan,nan,nan,,nan,nan,nan,,nan,,,,
nan,nan,nan,nan,nan,nan,nan,nan,nan,nan,nan,nan,nan,nan,nan,nan,nan,0.0,0.0,0.0,0.0,0.0,0.0,0.0,0.0,0.0,0.0,0.0,0.0,0.0,0.0,0.0,0.0,0.0,nan,nan,nan,,nan,nan,nan,nan,nan,nan,nan,,,,nan,nan,nan,nan,nan,nan,nan,nan,nan,nan,nan,nan,,nan,nan,,,nan,nan,nan,nan,nan,nan,nan,nan,nan,nan,nan,nan,nan,nan,nan,nan,nan,nan,nan,nan,nan,nan,nan,nan,,nan,nan,nan,,nan,,,,
nan,nan,nan,nan,nan,nan,nan,nan,nan,nan,nan,nan,nan,nan,nan,nan,nan,0.0,0.0,0.0,0.0,0.0,0.0,0.0,0.0,3.0,0.0,0.0,0.0,0.0,0.0,0.0,0.0,3.0,nan,nan,nan,,nan,nan,nan,nan,nan,nan,nan,,,,nan,nan,nan,nan,nan,nan,nan,nan,nan,nan,nan,nan,,nan,nan,,,nan,nan,nan,nan,nan,nan,nan,nan,nan,nan,nan,nan,nan,nan,nan,nan,nan,nan,nan,nan,nan,nan,nan,nan,,nan,nan,nan,,nan,,,,
nan,nan,nan,nan,nan,nan,nan,nan,nan,nan,nan,nan,nan,nan,nan,nan,nan,0.0,0.0,0.0,0.0,0.0,0.0,0.0,0.0,0.0,0.0,0.0,0.0,0.0,0.0,0.0,0.0,0.0,nan,nan,nan,,nan,nan,nan,nan,nan,nan,nan,,,,nan,nan,nan,nan,nan,nan,nan,nan,nan,nan,nan,nan,,nan,nan,,,nan,nan,nan,nan,nan,nan,nan,nan,nan,nan,nan,nan,nan,nan,nan,nan,nan,nan,nan,nan,nan,nan,nan,nan,,nan,nan,nan,,nan,,,,
nan,nan,nan,nan,nan,nan,nan,nan,nan,nan,nan,nan,nan,nan,nan,nan,nan,0.0,0.0,0.0,0.0,0.0,0.0,0.0,0.0,2.0,0.0,0.0,0.0,0.0,0.0,0.0,0.0,2.0,nan,nan,nan,,nan,nan,nan,nan,nan,nan,nan,,,,nan,nan,nan,nan,nan,nan,nan,nan,nan,nan,nan,nan,,nan,nan,,,nan,nan,nan,nan,nan,nan,nan,nan,nan,nan,nan,nan,nan,nan,nan,nan,nan,nan,nan,nan,nan,nan,nan,nan,,nan,nan,nan,,nan,,,,
nan,nan,nan,nan,nan,nan,nan,nan,nan,nan,nan,nan,nan,nan,nan,nan,nan,0.0,0.0,0.0,0.0,0.0,0.0,0.0,0.0,1.0,0.0,0.0,0.0,0.0,0.0,0.0,0.0,1.0,nan,nan,nan,,nan,nan,nan,nan,nan,nan,nan,,,,nan,nan,nan,nan,nan,nan,nan,nan,nan,nan,nan,nan,,nan,nan,,,nan,nan,nan,nan,nan,nan,nan,nan,nan,nan,nan,nan,nan,nan,nan,nan,nan,nan,nan,nan,nan,nan,nan,nan,,nan,nan,nan,,nan,,,,
nan,nan,nan,nan,nan,nan,nan,nan,nan,nan,nan,nan,nan,nan,nan,nan,nan,0.0,0.0,0.0,0.0,0.0,0.0,0.0,0.0,1.0,0.0,0.0,0.0,0.0,0.0,0.0,0.0,1.0,nan,nan,nan,,nan,nan,nan,nan,nan,nan,nan,,,,nan,nan,nan,nan,nan,nan,nan,nan,nan,nan,nan,nan,,nan,nan,,,nan,nan,nan,nan,nan,nan,nan,nan,nan,nan,nan,nan,nan,nan,nan,nan,nan,nan,nan,nan,nan,nan,nan,nan,,nan,nan,nan,,nan,,,,
nan,nan,nan,nan,nan,nan,nan,nan,nan,nan,nan,nan,nan,nan,nan,nan,nan,0.0,0.0,0.0,0.0,0.0,0.0,0.0,0.0,1.0,0.0,0.0,0.0,0.0,0.0,0.0,0.0,1.0,nan,nan,nan,,nan,nan,nan,nan,nan,nan,nan,,,,nan,nan,nan,nan,nan,nan,nan,nan,nan,nan,nan,nan,,nan,nan,,,nan,nan,nan,nan,nan,nan,nan,nan,nan,nan,nan,nan,nan,nan,nan,nan,nan,nan,nan,nan,nan,nan,nan,nan,,nan,nan,nan,,nan,,,,
nan,nan,nan,nan,nan,nan,nan,nan,nan,nan,nan,nan,nan,nan,nan,nan,nan,0.0,0.0,0.0,0.0,0.0,0.0,0.0,0.0,1.0,0.0,0.0,0.0,0.0,0.0,0.0,0.0,1.0,nan,nan,nan,,nan,nan,nan,nan,nan,nan,nan,,,,nan,nan,nan,nan,nan,nan,nan,nan,nan,nan,nan,nan,,nan,nan,,,nan,nan,nan,nan,nan,nan,nan,nan,nan,nan,nan,nan,nan,nan,nan,nan,nan,nan,nan,nan,nan,nan,nan,nan,,nan,nan,nan,,nan,,,,
nan,nan,nan,nan,nan,nan,nan,nan,nan,nan,nan,nan,nan,nan,nan,nan,nan,0.0,0.0,0.0,0.0,0.0,0.0,0.0,0.0,1.0,0.0,0.0,0.0,0.0,0.0,0.0,0.0,1.0,nan,nan,nan,,nan,nan,nan,nan,nan,nan,nan,,,,nan,nan,nan,nan,nan,nan,nan,nan,nan,nan,nan,nan,,nan,nan,,,nan,nan,nan,nan,nan,nan,nan,nan,nan,nan,nan,nan,nan,nan,nan,nan,nan,nan,nan,nan,nan,nan,nan,nan,,nan,nan,nan,,nan,,,,
nan,nan,nan,nan,nan,nan,nan,nan,nan,nan,nan,nan,nan,nan,nan,nan,nan,0.0,0.0,0.0,0.0,0.0,0.0,0.0,0.0,1.0,0.0,0.0,0.0,0.0,0.0,0.0,0.0,1.0,nan,nan,nan,,nan,nan,nan,nan,nan,nan,nan,,,,nan,nan,nan,nan,nan,nan,nan,nan,nan,nan,nan,nan,,nan,nan,,,nan,nan,nan,nan,nan,nan,nan,nan,nan,nan,nan,nan,nan,nan,nan,nan,nan,nan,nan,nan,nan,nan,nan,nan,,nan,nan,nan,,nan,,,,
nan,nan,nan,nan,nan,nan,nan,nan,nan,nan,nan,nan,nan,nan,nan,nan,nan,0.0,0.0,0.0,0.0,0.0,0.0,0.0,0.0,1.0,0.0,0.0,0.0,0.0,0.0,0.0,0.0,1.0,nan,nan,nan,,nan,nan,nan,nan,nan,nan,nan,,,,nan,nan,nan,nan,nan,nan,nan,nan,nan,nan,nan,nan,,nan,nan,,,nan,nan,nan,nan,nan,nan,nan,nan,nan,nan,nan,nan,nan,nan,nan,nan,nan,nan,nan,nan,nan,nan,nan,nan,,nan,nan,nan,,nan,,,,
nan,nan,nan,nan,nan,nan,nan,nan,nan,nan,nan,nan,nan,nan,nan,nan,nan,0.0,0.0,0.0,0.0,0.0,0.0,0.0,0.0,2.0,0.0,0.0,0.0,0.0,0.0,0.0,0.0,2.0,nan,nan,nan,,nan,nan,nan,nan,nan,nan,nan,,,,nan,nan,nan,nan,nan,nan,nan,nan,nan,nan,nan,nan,,nan,nan,,,nan,nan,nan,nan,nan,nan,nan,nan,nan,nan,nan,nan,nan,nan,nan,nan,nan,nan,nan,nan,nan,nan,nan,nan,,nan,nan,nan,,nan,,,,
nan,nan,nan,nan,nan,nan,nan,nan,nan,nan,nan,nan,nan,nan,nan,nan,nan,0.0,0.0,0.0,0.0,0.0,0.0,0.0,0.0,0.0,0.0,0.0,0.0,0.0,0.0,0.0,0.0,0.0,nan,nan,nan,,nan,nan,nan,nan,nan,nan,nan,,,,nan,nan,nan,nan,nan,nan,nan,nan,nan,nan,nan,nan,,nan,nan,,,nan,nan,nan,nan,nan,nan,nan,nan,nan,nan,nan,nan,nan,nan,nan,nan,nan,nan,nan,nan,nan,nan,nan,nan,,nan,nan,nan,,nan,,,,
nan,nan,nan,nan,nan,nan,nan,nan,nan,nan,nan,nan,nan,nan,nan,nan,nan,0.0,0.0,0.0,0.0,0.0,0.0,0.0,0.0,0.0,0.0,0.0,0.0,0.0,0.0,0.0,0.0,0.0,nan,nan,nan,,nan,nan,nan,nan,nan,nan,nan,,,,nan,nan,nan,nan,nan,nan,nan,nan,nan,nan,nan,nan,,nan,nan,,,nan,nan,nan,nan,nan,nan,nan,nan,nan,nan,nan,nan,nan,nan,nan,nan,nan,nan,nan,nan,nan,nan,nan,nan,,nan,nan,nan,,nan,,,,
nan,nan,nan,nan,nan,nan,nan,nan,nan,nan,nan,nan,nan,nan,nan,nan,nan,0.0,0.0,0.0,0.0,0.0,0.0,0.0,0.0,0.0,0.0,0.0,0.0,0.0,0.0,0.0,0.0,0.0,nan,nan,nan,,nan,nan,nan,nan,nan,nan,nan,,,,nan,nan,nan,nan,nan,nan,nan,nan,nan,nan,nan,nan,,nan,nan,,,nan,nan,nan,nan,nan,nan,nan,nan,nan,nan,nan,nan,nan,nan,nan,nan,nan,nan,nan,nan,nan,nan,nan,nan,,nan,nan,nan,,nan,,,,
nan,nan,nan,nan,nan,nan,nan,nan,nan,nan,nan,nan,nan,nan,nan,nan,nan,0.0,0.0,0.0,0.0,0.0,0.0,0.0,0.0,2.0,0.0,0.0,0.0,0.0,0.0,0.0,0.0,2.0,nan,nan,nan,,nan,nan,nan,nan,nan,nan,nan,,,,nan,nan,nan,nan,nan,nan,nan,nan,nan,nan,nan,nan,,nan,nan,,,nan,nan,nan,nan,nan,nan,nan,nan,nan,nan,nan,nan,nan,nan,nan,nan,nan,nan,nan,nan,nan,nan,nan,nan,,nan,nan,nan,,nan,,,,
nan,nan,nan,nan,nan,nan,nan,nan,nan,nan,nan,nan,nan,nan,nan,nan,nan,0.0,0.0,0.0,0.0,0.0,0.0,0.0,0.0,0.0,0.0,0.0,0.0,0.0,0.0,0.0,0.0,0.0,nan,nan,nan,,nan,nan,nan,nan,nan,nan,nan,,,,nan,nan,nan,nan,nan,nan,nan,nan,nan,nan,nan,nan,,nan,nan,,,nan,nan,nan,nan,nan,nan,nan,nan,nan,nan,nan,nan,nan,nan,nan,nan,nan,nan,nan,nan,nan,nan,nan,nan,,nan,nan,nan,,nan,,,,
nan,nan,nan,nan,nan,nan,nan,nan,nan,nan,nan,nan,nan,nan,nan,nan,nan,0.0,0.0,0.0,0.0,0.0,0.0,0.0,0.0,2.0,0.0,0.0,0.0,0.0,0.0,0.0,0.0,2.0,nan,nan,nan,,nan,nan,nan,nan,nan,nan,nan,,,,nan,nan,nan,nan,nan,nan,nan,nan,nan,nan,nan,nan,,nan,nan,,,nan,nan,nan,nan,nan,nan,nan,nan,nan,nan,nan,nan,nan,nan,nan,nan,nan,nan,nan,nan,nan,nan,nan,nan,,nan,nan,nan,,nan,,,,
nan,nan,nan,nan,nan,nan,nan,nan,nan,nan,nan,nan,nan,nan,nan,nan,nan,0.0,0.0,0.0,0.0,0.0,0.0,0.0,0.0,1.0,0.0,0.0,0.0,0.0,0.0,0.0,0.0,1.0,nan,nan,nan,,nan,nan,nan,nan,nan,nan,nan,,,,nan,nan,nan,nan,nan,nan,nan,nan,nan,nan,nan,nan,,nan,nan,,,nan,nan,nan,nan,nan,nan,nan,nan,nan,nan,nan,nan,nan,nan,nan,nan,nan,nan,nan,nan,nan,nan,nan,nan,,nan,nan,nan,,nan,,,,
nan,nan,nan,nan,nan,nan,nan,nan,nan,nan,nan,nan,nan,nan,nan,nan,nan,0.0,0.0,0.0,0.0,0.0,0.0,0.0,0.0,1.0,0.0,0.0,0.0,0.0,0.0,0.0,0.0,1.0,nan,nan,nan,,nan,nan,nan,nan,nan,nan,nan,,,,nan,nan,nan,nan,nan,nan,nan,nan,nan,nan,nan,nan,,nan,nan,,,nan,nan,nan,nan,nan,nan,nan,nan,nan,nan,nan,nan,nan,nan,nan,nan,nan,nan,nan,nan,nan,nan,nan,nan,,nan,nan,nan,,nan,,,,
nan,nan,nan,nan,nan,nan,nan,nan,nan,nan,nan,nan,nan,nan,nan,nan,nan,0.0,0.0,0.0,0.0,0.0,0.0,0.0,0.0,1.0,0.0,0.0,0.0,0.0,0.0,0.0,0.0,1.0,nan,nan,nan,,nan,nan,nan,nan,nan,nan,nan,,,,nan,nan,nan,nan,nan,nan,nan,nan,nan,nan,nan,nan,,nan,nan,,,nan,nan,nan,nan,nan,nan,nan,nan,nan,nan,nan,nan,nan,nan,nan,nan,nan,nan,nan,nan,nan,nan,nan,nan,,nan,nan,nan,,nan,,,,
nan,nan,nan,nan,nan,nan,nan,nan,nan,nan,nan,nan,nan,nan,nan,nan,nan,0.0,0.0,0.0,0.0,0.0,0.0,0.0,0.0,0.0,0.0,0.0,0.0,0.0,0.0,0.0,0.0,0.0,nan,nan,nan,,nan,nan,nan,nan,nan,nan,nan,,,,nan,nan,nan,nan,nan,nan,nan,nan,nan,nan,nan,nan,,nan,nan,,,nan,nan,nan,nan,nan,nan,nan,nan,nan,nan,nan,nan,nan,nan,nan,nan,nan,nan,nan,nan,nan,nan,nan,nan,,nan,nan,nan,,nan,,,,
nan,nan,nan,nan,nan,nan,nan,nan,nan,nan,nan,nan,nan,nan,nan,nan,nan,0.0,0.0,0.0,0.0,0.0,0.0,0.0,0.0,2.0,0.0,0.0,0.0,0.0,0.0,0.0,0.0,2.0,nan,nan,nan,,nan,nan,nan,nan,nan,nan,nan,,,,nan,nan,nan,nan,nan,nan,nan,nan,nan,nan,nan,nan,,nan,nan,,,nan,nan,nan,nan,nan,nan,nan,nan,nan,nan,nan,nan,nan,nan,nan,nan,nan,nan,nan,nan,nan,nan,nan,nan,,nan,nan,nan,,nan,,,,
nan,nan,nan,nan,nan,nan,nan,nan,nan,nan,nan,nan,nan,nan,nan,nan,nan,0.0,0.0,0.0,0.0,0.0,0.0,0.0,0.0,0.0,0.0,0.0,0.0,0.0,0.0,0.0,0.0,0.0,nan,nan,nan,,nan,nan,nan,nan,nan,nan,nan,,,,nan,nan,nan,nan,nan,nan,nan,nan,nan,nan,nan,nan,,nan,nan,,,nan,nan,nan,nan,nan,nan,nan,nan,nan,nan,nan,nan,nan,nan,nan,nan,nan,nan,nan,nan,nan,nan,nan,nan,,nan,nan,nan,,nan,,,,
nan,nan,nan,nan,nan,nan,nan,nan,nan,nan,nan,nan,nan,nan,nan,nan,nan,0.0,0.0,0.0,0.0,0.0,0.0,0.0,0.0,1.0,0.0,0.0,0.0,0.0,0.0,0.0,0.0,1.0,nan,nan,nan,,nan,nan,nan,nan,nan,nan,nan,,,,nan,nan,nan,nan,nan,nan,nan,nan,nan,nan,nan,nan,,nan,nan,,,nan,nan,nan,nan,nan,nan,nan,nan,nan,nan,nan,nan,nan,nan,nan,nan,nan,nan,nan,nan,nan,nan,nan,nan,,nan,nan,nan,,nan,,,,
nan,nan,nan,nan,nan,nan,nan,nan,nan,nan,nan,nan,nan,nan,nan,nan,nan,0.0,0.0,0.0,0.0,0.0,0.0,0.0,0.0,0.0,0.0,0.0,0.0,0.0,0.0,0.0,0.0,0.0,nan,nan,nan,,nan,nan,nan,nan,nan,nan,nan,,,,nan,nan,nan,nan,nan,nan,nan,nan,nan,nan,nan,nan,,nan,nan,,,nan,nan,nan,nan,nan,nan,nan,nan,nan,nan,nan,nan,nan,nan,nan,nan,nan,nan,nan,nan,nan,nan,nan,nan,,nan,nan,nan,,nan,,,,
nan,nan,nan,nan,nan,nan,nan,nan,nan,nan,nan,nan,nan,nan,nan,nan,nan,0.0,0.0,0.0,0.0,0.0,0.0,0.0,0.0,0.0,0.0,0.0,0.0,0.0,0.0,0.0,0.0,0.0,nan,nan,nan,,nan,nan,nan,nan,nan,nan,nan,,,,nan,nan,nan,nan,nan,nan,nan,nan,nan,nan,nan,nan,,nan,nan,,,nan,nan,nan,nan,nan,nan,nan,nan,nan,nan,nan,nan,nan,nan,nan,nan,nan,nan,nan,nan,nan,nan,nan,nan,,nan,nan,nan,,nan,,,,
nan,nan,nan,nan,nan,nan,nan,nan,nan,nan,nan,nan,nan,nan,nan,nan,nan,0.0,0.0,0.0,0.0,0.0,0.0,0.0,0.0,0.0,0.0,0.0,0.0,0.0,0.0,0.0,0.0,0.0,nan,nan,nan,,nan,nan,nan,nan,nan,nan,nan,,,,nan,nan,nan,nan,nan,nan,nan,nan,nan,nan,nan,nan,,nan,nan,,,nan,nan,nan,nan,nan,nan,nan,nan,nan,nan,nan,nan,nan,nan,nan,nan,nan,nan,nan,nan,nan,nan,nan,nan,,nan,nan,nan,,nan,,,,
nan,nan,nan,nan,nan,nan,nan,nan,nan,nan,nan,nan,nan,nan,nan,nan,nan,0.0,0.0,0.0,0.0,0.0,0.0,0.0,0.0,1.0,0.0,0.0,0.0,0.0,0.0,0.0,0.0,1.0,nan,nan,nan,,nan,nan,nan,nan,nan,nan,nan,,,,nan,nan,nan,nan,nan,nan,nan,nan,nan,nan,nan,nan,,nan,nan,,,nan,nan,nan,nan,nan,nan,nan,nan,nan,nan,nan,nan,nan,nan,nan,nan,nan,nan,nan,nan,nan,nan,nan,nan,,nan,nan,nan,,nan,,,,
nan,nan,nan,nan,nan,nan,nan,nan,nan,nan,nan,nan,nan,nan,nan,nan,nan,0.0,0.0,0.0,0.0,0.0,0.0,0.0,0.0,0.0,0.0,0.0,0.0,0.0,0.0,0.0,0.0,0.0,nan,nan,nan,,nan,nan,nan,nan,nan,nan,nan,,,,nan,nan,nan,nan,nan,nan,nan,nan,nan,nan,nan,nan,,nan,nan,,,nan,nan,nan,nan,nan,nan,nan,nan,nan,nan,nan,nan,nan,nan,nan,nan,nan,nan,nan,nan,nan,nan,nan,nan,,nan,nan,nan,,nan,,,,
nan,nan,nan,nan,nan,nan,nan,nan,nan,nan,nan,nan,nan,nan,nan,nan,nan,0.0,0.0,0.0,0.0,0.0,0.0,0.0,0.0,0.0,0.0,0.0,0.0,0.0,0.0,0.0,0.0,0.0,nan,nan,nan,,nan,nan,nan,nan,nan,nan,nan,,,,nan,nan,nan,nan,nan,nan,nan,nan,nan,nan,nan,nan,,nan,nan,,,nan,nan,nan,nan,nan,nan,nan,nan,nan,nan,nan,nan,nan,nan,nan,nan,nan,nan,nan,nan,nan,nan,nan,nan,,nan,nan,nan,,nan,,,,
nan,nan,nan,nan,nan,nan,nan,nan,nan,nan,nan,nan,nan,nan,nan,nan,nan,0.0,0.0,0.0,0.0,0.0,0.0,0.0,0.0,0.0,0.0,0.0,0.0,0.0,0.0,0.0,0.0,0.0,nan,nan,nan,,nan,nan,nan,nan,nan,nan,nan,,,,nan,nan,nan,nan,nan,nan,nan,nan,nan,nan,nan,nan,,nan,nan,,,nan,nan,nan,nan,nan,nan,nan,nan,nan,nan,nan,nan,nan,nan,nan,nan,nan,nan,nan,nan,nan,nan,nan,nan,,nan,nan,nan,,nan,,,,
nan,nan,nan,nan,nan,nan,nan,nan,nan,nan,nan,nan,nan,nan,nan,nan,nan,0.0,0.0,0.0,0.0,0.0,0.0,0.0,0.0,0.0,0.0,0.0,0.0,0.0,0.0,0.0,0.0,0.0,nan,nan,nan,,nan,nan,nan,nan,nan,nan,nan,,,,nan,nan,nan,nan,nan,nan,nan,nan,nan,nan,nan,nan,,nan,nan,,,nan,nan,nan,nan,nan,nan,nan,nan,nan,nan,nan,nan,nan,nan,nan,nan,nan,nan,nan,nan,nan,nan,nan,nan,,nan,nan,nan,,nan,,,,
nan,nan,nan,nan,nan,nan,nan,nan,nan,nan,nan,nan,nan,nan,nan,nan,nan,0.0,0.0,0.0,0.0,0.0,0.0,0.0,0.0,1.0,0.0,0.0,0.0,0.0,0.0,0.0,0.0,1.0,nan,nan,nan,,nan,nan,nan,nan,nan,nan,nan,,,,nan,nan,nan,nan,nan,nan,nan,nan,nan,nan,nan,nan,,nan,nan,,,nan,nan,nan,nan,nan,nan,nan,nan,nan,nan,nan,nan,nan,nan,nan,nan,nan,nan,nan,nan,nan,nan,nan,nan,,nan,nan,nan,,nan,,,,
nan,nan,nan,nan,nan,nan,nan,nan,nan,nan,nan,nan,nan,nan,nan,nan,nan,0.0,0.0,0.0,0.0,0.0,0.0,0.0,0.0,0.0,0.0,0.0,0.0,0.0,0.0,0.0,0.0,0.0,nan,nan,nan,,nan,nan,nan,nan,nan,nan,nan,,,,nan,nan,nan,nan,nan,nan,nan,nan,nan,nan,nan,nan,,nan,nan,,,nan,nan,nan,nan,nan,nan,nan,nan,nan,nan,nan,nan,nan,nan,nan,nan,nan,nan,nan,nan,nan,nan,nan,nan,,nan,nan,nan,,nan,,,,
nan,nan,nan,nan,nan,nan,nan,nan,nan,nan,nan,nan,nan,nan,nan,nan,nan,0.0,0.0,0.0,0.0,0.0,0.0,0.0,0.0,1.0,0.0,0.0,0.0,0.0,0.0,0.0,0.0,1.0,nan,nan,nan,,nan,nan,nan,nan,nan,nan,nan,,,,nan,nan,nan,nan,nan,nan,nan,nan,nan,nan,nan,nan,,nan,nan,,,nan,nan,nan,nan,nan,nan,nan,nan,nan,nan,nan,nan,nan,nan,nan,nan,nan,nan,nan,nan,nan,nan,nan,nan,,nan,nan,nan,,nan,,,,
nan,nan,nan,nan,nan,nan,nan,nan,nan,nan,nan,nan,nan,nan,nan,nan,nan,0.0,0.0,0.0,0.0,0.0,0.0,0.0,0.0,0.0,0.0,0.0,0.0,0.0,0.0,0.0,0.0,0.0,nan,nan,nan,,nan,nan,nan,nan,nan,nan,nan,,,,nan,nan,nan,nan,nan,nan,nan,nan,nan,nan,nan,nan,,nan,nan,,,nan,nan,nan,nan,nan,nan,nan,nan,nan,nan,nan,nan,nan,nan,nan,nan,nan,nan,nan,nan,nan,nan,nan,nan,,nan,nan,nan,,nan,,,,
nan,nan,nan,nan,nan,nan,nan,nan,nan,nan,nan,nan,nan,nan,nan,nan,nan,0.0,0.0,0.0,0.0,0.0,0.0,0.0,0.0,1.0,0.0,0.0,0.0,0.0,0.0,0.0,0.0,1.0,nan,nan,nan,,nan,nan,nan,nan,nan,nan,nan,,,,nan,nan,nan,nan,nan,nan,nan,nan,nan,nan,nan,nan,,nan,nan,,,nan,nan,nan,nan,nan,nan,nan,nan,nan,nan,nan,nan,nan,nan,nan,nan,nan,nan,nan,nan,nan,nan,nan,nan,,nan,nan,nan,,nan,,,,
nan,nan,nan,nan,nan,nan,nan,nan,nan,nan,nan,nan,nan,nan,nan,nan,nan,0.0,0.0,0.0,0.0,0.0,0.0,0.0,0.0,0.0,0.0,0.0,0.0,0.0,0.0,0.0,0.0,0.0,nan,nan,nan,,nan,nan,nan,nan,nan,nan,nan,,,,nan,nan,nan,nan,nan,nan,nan,nan,nan,nan,nan,nan,,nan,nan,,,nan,nan,nan,nan,nan,nan,nan,nan,nan,nan,nan,nan,nan,nan,nan,nan,nan,nan,nan,nan,nan,nan,nan,nan,,nan,nan,nan,,nan,,,,
nan,nan,nan,nan,nan,nan,nan,nan,nan,nan,nan,nan,nan,nan,nan,nan,nan,0.0,0.0,0.0,0.0,0.0,0.0,0.0,0.0,0.0,0.0,0.0,0.0,0.0,0.0,0.0,0.0,0.0,nan,nan,nan,,nan,nan,nan,nan,nan,nan,nan,,,,nan,nan,nan,nan,nan,nan,nan,nan,nan,nan,nan,nan,,nan,nan,,,nan,nan,nan,nan,nan,nan,nan,nan,nan,nan,nan,nan,nan,nan,nan,nan,nan,nan,nan,nan,nan,nan,nan,nan,,nan,nan,nan,,nan,,,,
nan,nan,nan,nan,nan,nan,nan,nan,nan,nan,nan,nan,nan,nan,nan,nan,nan,0.0,0.0,0.0,0.0,0.0,0.0,0.0,0.0,0.0,0.0,0.0,0.0,0.0,0.0,0.0,0.0,0.0,nan,nan,nan,,nan,nan,nan,nan,nan,nan,nan,,,,nan,nan,nan,nan,nan,nan,nan,nan,nan,nan,nan,nan,,nan,nan,,,nan,nan,nan,nan,nan,nan,nan,nan,nan,nan,nan,nan,nan,nan,nan,nan,nan,nan,nan,nan,nan,nan,nan,nan,,nan,nan,nan,,nan,,,,
nan,nan,nan,nan,nan,nan,nan,nan,nan,nan,nan,nan,nan,nan,nan,nan,nan,0.0,0.0,0.0,0.0,0.0,0.0,0.0,0.0,1.0,0.0,0.0,0.0,0.0,0.0,0.0,0.0,1.0,nan,nan,nan,,nan,nan,nan,nan,nan,nan,nan,,,,nan,nan,nan,nan,nan,nan,nan,nan,nan,nan,nan,nan,,nan,nan,,,nan,nan,nan,nan,nan,nan,nan,nan,nan,nan,nan,nan,nan,nan,nan,nan,nan,nan,nan,nan,nan,nan,nan,nan,,nan,nan,nan,,nan,,,,
nan,nan,nan,nan,nan,nan,nan,nan,nan,nan,nan,nan,nan,nan,nan,nan,nan,0.0,0.0,0.0,0.0,0.0,0.0,0.0,0.0,0.0,0.0,0.0,0.0,0.0,0.0,0.0,0.0,0.0,nan,nan,nan,,nan,nan,nan,nan,nan,nan,nan,,,,nan,nan,nan,nan,nan,nan,nan,nan,nan,nan,nan,nan,,nan,nan,,,nan,nan,nan,nan,nan,nan,nan,nan,nan,nan,nan,nan,nan,nan,nan,nan,nan,nan,nan,nan,nan,nan,nan,nan,,nan,nan,nan,,nan,,,,
nan,nan,nan,nan,nan,nan,nan,nan,nan,nan,nan,nan,nan,nan,nan,nan,nan,0.0,0.0,0.0,0.0,0.0,0.0,0.0,0.0,1.0,0.0,0.0,0.0,0.0,0.0,0.0,0.0,1.0,nan,nan,nan,,nan,nan,nan,nan,nan,nan,nan,,,,nan,nan,nan,nan,nan,nan,nan,nan,nan,nan,nan,nan,,nan,nan,,,nan,nan,nan,nan,nan,nan,nan,nan,nan,nan,nan,nan,nan,nan,nan,nan,nan,nan,nan,nan,nan,nan,nan,nan,,nan,nan,nan,,nan,,,,
nan,nan,nan,nan,nan,nan,nan,nan,nan,nan,nan,nan,nan,nan,nan,nan,nan,0.0,0.0,0.0,0.0,0.0,0.0,0.0,0.0,0.0,0.0,0.0,0.0,0.0,0.0,0.0,0.0,0.0,nan,nan,nan,,nan,nan,nan,nan,nan,nan,nan,,,,nan,nan,nan,nan,nan,nan,nan,nan,nan,nan,nan,nan,,nan,nan,,,nan,nan,nan,nan,nan,nan,nan,nan,nan,nan,nan,nan,nan,nan,nan,nan,nan,nan,nan,nan,nan,nan,nan,nan,,nan,nan,nan,,nan,,,,
nan,nan,nan,nan,nan,nan,nan,nan,nan,nan,nan,nan,nan,nan,nan,nan,nan,0.0,0.0,0.0,0.0,0.0,0.0,0.0,0.0,0.0,0.0,0.0,0.0,0.0,0.0,0.0,0.0,0.0,nan,nan,nan,,nan,nan,nan,nan,nan,nan,nan,,,,nan,nan,nan,nan,nan,nan,nan,nan,nan,nan,nan,nan,,nan,nan,,,nan,nan,nan,nan,nan,nan,nan,nan,nan,nan,nan,nan,nan,nan,nan,nan,nan,nan,nan,nan,nan,nan,nan,nan,,nan,nan,nan,,nan,,,,
nan,nan,nan,nan,nan,nan,nan,nan,nan,nan,nan,nan,nan,nan,nan,nan,nan,0.0,0.0,0.0,0.0,0.0,0.0,0.0,0.0,1.0,0.0,0.0,0.0,0.0,0.0,0.0,0.0,1.0,nan,nan,nan,,nan,nan,nan,nan,nan,nan,nan,,,,nan,nan,nan,nan,nan,nan,nan,nan,nan,nan,nan,nan,,nan,nan,,,nan,nan,nan,nan,nan,nan,nan,nan,nan,nan,nan,nan,nan,nan,nan,nan,nan,nan,nan,nan,nan,nan,nan,nan,,nan,nan,nan,,nan,,,,
nan,nan,nan,nan,nan,nan,nan,nan,nan,nan,nan,nan,nan,nan,nan,nan,nan,0.0,0.0,0.0,0.0,0.0,0.0,0.0,0.0,2.0,0.0,0.0,0.0,0.0,0.0,0.0,0.0,2.0,nan,nan,nan,,nan,nan,nan,nan,nan,nan,nan,,,,nan,nan,nan,nan,nan,nan,nan,nan,nan,nan,nan,nan,,nan,nan,,,nan,nan,nan,nan,nan,nan,nan,nan,nan,nan,nan,nan,nan,nan,nan,nan,nan,nan,nan,nan,nan,nan,nan,nan,,nan,nan,nan,,nan,,,,
nan,nan,nan,nan,nan,nan,nan,nan,nan,nan,nan,nan,nan,nan,nan,nan,nan,0.0,0.0,0.0,0.0,0.0,0.0,0.0,0.0,0.0,0.0,0.0,0.0,0.0,0.0,0.0,0.0,0.0,nan,nan,nan,,nan,nan,nan,nan,nan,nan,nan,,,,nan,nan,nan,nan,nan,nan,nan,nan,nan,nan,nan,nan,,nan,nan,,,nan,nan,nan,nan,nan,nan,nan,nan,nan,nan,nan,nan,nan,nan,nan,nan,nan,nan,nan,nan,nan,nan,nan,nan,,nan,nan,nan,,nan,,,,
nan,nan,nan,nan,nan,nan,nan,nan,nan,nan,nan,nan,nan,nan,nan,nan,nan,0.0,0.0,0.0,0.0,0.0,0.0,0.0,0.0,1.0,0.0,0.0,0.0,0.0,0.0,0.0,0.0,1.0,nan,nan,nan,,nan,nan,nan,nan,nan,nan,nan,,,,nan,nan,nan,nan,nan,nan,nan,nan,nan,nan,nan,nan,,nan,nan,,,nan,nan,nan,nan,nan,nan,nan,nan,nan,nan,nan,nan,nan,nan,nan,nan,nan,nan,nan,nan,nan,nan,nan,nan,,nan,nan,nan,,nan,,,,
nan,nan,nan,nan,nan,nan,nan,nan,nan,nan,nan,nan,nan,nan,nan,nan,nan,0.0,0.0,0.0,0.0,0.0,0.0,0.0,0.0,1.0,0.0,0.0,0.0,0.0,0.0,0.0,0.0,1.0,nan,nan,nan,,nan,nan,nan,nan,nan,nan,nan,,,,nan,nan,nan,nan,nan,nan,nan,nan,nan,nan,nan,nan,,nan,nan,,,nan,nan,nan,nan,nan,nan,nan,nan,nan,nan,nan,nan,nan,nan,nan,nan,nan,nan,nan,nan,nan,nan,nan,nan,,nan,nan,nan,,nan,,,,
nan,nan,nan,nan,nan,nan,nan,nan,nan,nan,nan,nan,nan,nan,nan,nan,nan,0.0,0.0,0.0,0.0,0.0,0.0,0.0,0.0,0.0,0.0,0.0,0.0,0.0,0.0,0.0,0.0,0.0,nan,nan,nan,,nan,nan,nan,nan,nan,nan,nan,,,,nan,nan,nan,nan,nan,nan,nan,nan,nan,nan,nan,nan,,nan,nan,,,nan,nan,nan,nan,nan,nan,nan,nan,nan,nan,nan,nan,nan,nan,nan,nan,nan,nan,nan,nan,nan,nan,nan,nan,,nan,nan,nan,,nan,,,,
nan,nan,nan,nan,nan,nan,nan,nan,nan,nan,nan,nan,nan,nan,nan,nan,nan,0.0,0.0,0.0,0.0,0.0,0.0,0.0,0.0,2.0,0.0,0.0,0.0,0.0,0.0,0.0,0.0,2.0,nan,nan,nan,,nan,nan,nan,nan,nan,nan,nan,,,,nan,nan,nan,nan,nan,nan,nan,nan,nan,nan,nan,nan,,nan,nan,,,nan,nan,nan,nan,nan,nan,nan,nan,nan,nan,nan,nan,nan,nan,nan,nan,nan,nan,nan,nan,nan,nan,nan,nan,,nan,nan,nan,,nan,,,,
nan,nan,nan,nan,nan,nan,nan,nan,nan,nan,nan,nan,nan,nan,nan,nan,nan,0.0,0.0,0.0,0.0,0.0,0.0,0.0,0.0,0.0,0.0,0.0,0.0,0.0,0.0,0.0,0.0,0.0,nan,nan,nan,,nan,nan,nan,nan,nan,nan,nan,,,,nan,nan,nan,nan,nan,nan,nan,nan,nan,nan,nan,nan,,nan,nan,,,nan,nan,nan,nan,nan,nan,nan,nan,nan,nan,nan,nan,nan,nan,nan,nan,nan,nan,nan,nan,nan,nan,nan,nan,,nan,nan,nan,,nan,,,,
nan,nan,nan,nan,nan,nan,nan,nan,nan,nan,nan,nan,nan,nan,nan,nan,nan,0.0,0.0,0.0,0.0,0.0,0.0,0.0,0.0,0.0,0.0,0.0,0.0,0.0,0.0,0.0,0.0,0.0,nan,nan,nan,,nan,nan,nan,nan,nan,nan,nan,,,,nan,nan,nan,nan,nan,nan,nan,nan,nan,nan,nan,nan,,nan,nan,,,nan,nan,nan,nan,nan,nan,nan,nan,nan,nan,nan,nan,nan,nan,nan,nan,nan,nan,nan,nan,nan,nan,nan,nan,,nan,nan,nan,,nan,,,,
nan,nan,nan,nan,nan,nan,nan,nan,nan,nan,nan,nan,nan,nan,nan,nan,nan,0.0,0.0,0.0,0.0,0.0,0.0,0.0,0.0,0.0,0.0,0.0,0.0,0.0,0.0,0.0,0.0,0.0,nan,nan,nan,,nan,nan,nan,nan,nan,nan,nan,,,,nan,nan,nan,nan,nan,nan,nan,nan,nan,nan,nan,nan,,nan,nan,,,nan,nan,nan,nan,nan,nan,nan,nan,nan,nan,nan,nan,nan,nan,nan,nan,nan,nan,nan,nan,nan,nan,nan,nan,,nan,nan,nan,,nan,,,,
nan,nan,nan,nan,nan,nan,nan,nan,nan,nan,nan,nan,nan,nan,nan,nan,nan,0.0,0.0,0.0,0.0,0.0,0.0,0.0,0.0,0.0,0.0,0.0,0.0,0.0,0.0,0.0,0.0,0.0,nan,nan,nan,,nan,nan,nan,nan,nan,nan,nan,,,,nan,nan,nan,nan,nan,nan,nan,nan,nan,nan,nan,nan,,nan,nan,,,nan,nan,nan,nan,nan,nan,nan,nan,nan,nan,nan,nan,nan,nan,nan,nan,nan,nan,nan,nan,nan,nan,nan,nan,,nan,nan,nan,,nan,,,,
nan,nan,nan,nan,nan,nan,nan,nan,nan,nan,nan,nan,nan,nan,nan,nan,nan,0.0,0.0,0.0,0.0,0.0,0.0,0.0,0.0,1.0,0.0,0.0,0.0,0.0,0.0,0.0,0.0,1.0,nan,nan,nan,,nan,nan,nan,nan,nan,nan,nan,,,,nan,nan,nan,nan,nan,nan,nan,nan,nan,nan,nan,nan,,nan,nan,,,nan,nan,nan,nan,nan,nan,nan,nan,nan,nan,nan,nan,nan,nan,nan,nan,nan,nan,nan,nan,nan,nan,nan,nan,,nan,nan,nan,,nan,,,,
nan,nan,nan,nan,nan,nan,nan,nan,nan,nan,nan,nan,nan,nan,nan,nan,nan,0.0,0.0,0.0,0.0,0.0,0.0,0.0,0.0,0.0,0.0,0.0,0.0,0.0,0.0,0.0,0.0,0.0,nan,nan,nan,,nan,nan,nan,nan,nan,nan,nan,,,,nan,nan,nan,nan,nan,nan,nan,nan,nan,nan,nan,nan,,nan,nan,,,nan,nan,nan,nan,nan,nan,nan,nan,nan,nan,nan,nan,nan,nan,nan,nan,nan,nan,nan,nan,nan,nan,nan,nan,,nan,nan,nan,,nan,,,,
nan,nan,nan,nan,nan,nan,nan,nan,nan,nan,nan,nan,nan,nan,nan,nan,nan,0.0,0.0,0.0,0.0,0.0,0.0,0.0,0.0,0.0,0.0,0.0,0.0,0.0,0.0,0.0,0.0,0.0,nan,nan,nan,,nan,nan,nan,nan,nan,nan,nan,,,,nan,nan,nan,nan,nan,nan,nan,nan,nan,nan,nan,nan,,nan,nan,,,nan,nan,nan,nan,nan,nan,nan,nan,nan,nan,nan,nan,nan,nan,nan,nan,nan,nan,nan,nan,nan,nan,nan,nan,,nan,nan,nan,,nan,,,,
nan,nan,nan,nan,nan,nan,nan,nan,nan,nan,nan,nan,nan,nan,nan,nan,nan,0.0,0.0,0.0,0.0,0.0,0.0,0.0,0.0,0.0,0.0,0.0,0.0,0.0,0.0,0.0,0.0,0.0,nan,nan,nan,,nan,nan,nan,nan,nan,nan,nan,,,,nan,nan,nan,nan,nan,nan,nan,nan,nan,nan,nan,nan,,nan,nan,,,nan,nan,nan,nan,nan,nan,nan,nan,nan,nan,nan,nan,nan,nan,nan,nan,nan,nan,nan,nan,nan,nan,nan,nan,,nan,nan,nan,,nan,,,,
nan,nan,nan,nan,nan,nan,nan,nan,nan,nan,nan,nan,nan,nan,nan,nan,nan,0.0,0.0,0.0,0.0,0.0,0.0,0.0,0.0,1.0,0.0,0.0,0.0,0.0,0.0,0.0,0.0,1.0,nan,nan,nan,,nan,nan,nan,nan,nan,nan,nan,,,,nan,nan,nan,nan,nan,nan,nan,nan,nan,nan,nan,nan,,nan,nan,,,nan,nan,nan,nan,nan,nan,nan,nan,nan,nan,nan,nan,nan,nan,nan,nan,nan,nan,nan,nan,nan,nan,nan,nan,,nan,nan,nan,,nan,,,,
nan,nan,nan,nan,nan,nan,nan,nan,nan,nan,nan,nan,nan,nan,nan,nan,nan,0.0,0.0,0.0,0.0,0.0,0.0,0.0,0.0,0.0,0.0,0.0,0.0,0.0,0.0,0.0,0.0,0.0,nan,nan,nan,,nan,nan,nan,nan,nan,nan,nan,,,,nan,nan,nan,nan,nan,nan,nan,nan,nan,nan,nan,nan,,nan,nan,,,nan,nan,nan,nan,nan,nan,nan,nan,nan,nan,nan,nan,nan,nan,nan,nan,nan,nan,nan,nan,nan,nan,nan,nan,,nan,nan,nan,,nan,,,,
nan,nan,nan,nan,nan,nan,nan,nan,nan,nan,nan,nan,nan,nan,nan,nan,nan,0.0,0.0,0.0,0.0,0.0,0.0,0.0,0.0,0.0,0.0,0.0,0.0,0.0,0.0,0.0,0.0,0.0,nan,nan,nan,,nan,nan,nan,nan,nan,nan,nan,,,,nan,nan,nan,nan,nan,nan,nan,nan,nan,nan,nan,nan,,nan,nan,,,nan,nan,nan,nan,nan,nan,nan,nan,nan,nan,nan,nan,nan,nan,nan,nan,nan,nan,nan,nan,nan,nan,nan,nan,,nan,nan,nan,,nan,,,,
nan,nan,nan,nan,nan,nan,nan,nan,nan,nan,nan,nan,nan,nan,nan,nan,nan,0.0,0.0,0.0,0.0,0.0,0.0,0.0,0.0,0.0,0.0,0.0,0.0,0.0,0.0,0.0,0.0,0.0,nan,nan,nan,,nan,nan,nan,nan,nan,nan,nan,,,,nan,nan,nan,nan,nan,nan,nan,nan,nan,nan,nan,nan,,nan,nan,,,nan,nan,nan,nan,nan,nan,nan,nan,nan,nan,nan,nan,nan,nan,nan,nan,nan,nan,nan,nan,nan,nan,nan,nan,,nan,nan,nan,,nan,,,,
nan,nan,nan,nan,nan,nan,nan,nan,nan,nan,nan,nan,nan,nan,nan,nan,nan,0.0,0.0,0.0,0.0,0.0,0.0,0.0,0.0,0.0,0.0,0.0,0.0,0.0,0.0,0.0,0.0,0.0,nan,nan,nan,,nan,nan,nan,nan,nan,nan,nan,,,,nan,nan,nan,nan,nan,nan,nan,nan,nan,nan,nan,nan,,nan,nan,,,nan,nan,nan,nan,nan,nan,nan,nan,nan,nan,nan,nan,nan,nan,nan,nan,nan,nan,nan,nan,nan,nan,nan,nan,,nan,nan,nan,,nan,,,,
nan,nan,nan,nan,nan,nan,nan,nan,nan,nan,nan,nan,nan,nan,nan,nan,nan,0.0,0.0,0.0,0.0,0.0,0.0,0.0,0.0,1.0,0.0,0.0,0.0,0.0,0.0,0.0,0.0,1.0,nan,nan,nan,,nan,nan,nan,nan,nan,nan,nan,,,,nan,nan,nan,nan,nan,nan,nan,nan,nan,nan,nan,nan,,nan,nan,,,nan,nan,nan,nan,nan,nan,nan,nan,nan,nan,nan,nan,nan,nan,nan,nan,nan,nan,nan,nan,nan,nan,nan,nan,,nan,nan,nan,,nan,,,,
nan,nan,nan,nan,nan,nan,nan,nan,nan,nan,nan,nan,nan,nan,nan,nan,nan,0.0,0.0,0.0,0.0,0.0,0.0,0.0,0.0,1.0,0.0,0.0,0.0,0.0,0.0,0.0,0.0,1.0,nan,nan,nan,,nan,nan,nan,nan,nan,nan,nan,,,,nan,nan,nan,nan,nan,nan,nan,nan,nan,nan,nan,nan,,nan,nan,,,nan,nan,nan,nan,nan,nan,nan,nan,nan,nan,nan,nan,nan,nan,nan,nan,nan,nan,nan,nan,nan,nan,nan,nan,,nan,nan,nan,,nan,,,,
nan,nan,nan,nan,nan,nan,nan,nan,nan,nan,nan,nan,nan,nan,nan,nan,nan,0.0,0.0,0.0,0.0,0.0,0.0,0.0,0.0,0.0,0.0,0.0,0.0,0.0,0.0,0.0,0.0,0.0,nan,nan,nan,,nan,nan,nan,nan,nan,nan,nan,,,,nan,nan,nan,nan,nan,nan,nan,nan,nan,nan,nan,nan,,nan,nan,,,nan,nan,nan,nan,nan,nan,nan,nan,nan,nan,nan,nan,nan,nan,nan,nan,nan,nan,nan,nan,nan,nan,nan,nan,,nan,nan,nan,,nan,,,,
nan,nan,nan,nan,nan,nan,nan,nan,nan,nan,nan,nan,nan,nan,nan,nan,nan,0.0,0.0,0.0,0.0,0.0,0.0,0.0,0.0,0.0,0.0,0.0,0.0,0.0,0.0,0.0,0.0,0.0,nan,nan,nan,,nan,nan,nan,nan,nan,nan,nan,,,,nan,nan,nan,nan,nan,nan,nan,nan,nan,nan,nan,nan,,nan,nan,,,nan,nan,nan,nan,nan,nan,nan,nan,nan,nan,nan,nan,nan,nan,nan,nan,nan,nan,nan,nan,nan,nan,nan,nan,,nan,nan,nan,,nan,,,,
nan,nan,nan,nan,nan,nan,nan,nan,nan,nan,nan,nan,nan,nan,nan,nan,nan,0.0,0.0,0.0,0.0,0.0,0.0,0.0,0.0,1.0,0.0,0.0,0.0,0.0,0.0,0.0,0.0,1.0,nan,nan,nan,,nan,nan,nan,nan,nan,nan,nan,,,,nan,nan,nan,nan,nan,nan,nan,nan,nan,nan,nan,nan,,nan,nan,,,nan,nan,nan,nan,nan,nan,nan,nan,nan,nan,nan,nan,nan,nan,nan,nan,nan,nan,nan,nan,nan,nan,nan,nan,,nan,nan,nan,,nan,,,,
nan,nan,nan,nan,nan,nan,nan,nan,nan,nan,nan,nan,nan,nan,nan,nan,nan,0.0,0.0,0.0,0.0,0.0,0.0,0.0,0.0,0.0,0.0,0.0,0.0,0.0,0.0,0.0,0.0,0.0,nan,nan,nan,,nan,nan,nan,nan,nan,nan,nan,,,,nan,nan,nan,nan,nan,nan,nan,nan,nan,nan,nan,nan,,nan,nan,,,nan,nan,nan,nan,nan,nan,nan,nan,nan,nan,nan,nan,nan,nan,nan,nan,nan,nan,nan,nan,nan,nan,nan,nan,,nan,nan,nan,,nan,,,,
nan,nan,nan,nan,nan,nan,nan,nan,nan,nan,nan,nan,nan,nan,nan,nan,nan,0.0,0.0,0.0,0.0,0.0,0.0,0.0,0.0,0.0,0.0,0.0,0.0,0.0,0.0,0.0,0.0,0.0,nan,nan,nan,,nan,nan,nan,nan,nan,nan,nan,,,,nan,nan,nan,nan,nan,nan,nan,nan,nan,nan,nan,nan,,nan,nan,,,nan,nan,nan,nan,nan,nan,nan,nan,nan,nan,nan,nan,nan,nan,nan,nan,nan,nan,nan,nan,nan,nan,nan,nan,,nan,nan,nan,,nan,,,,
nan,nan,nan,nan,nan,nan,nan,nan,nan,nan,nan,nan,nan,nan,nan,nan,nan,0.0,0.0,0.0,0.0,0.0,0.0,0.0,0.0,0.0,0.0,0.0,0.0,0.0,0.0,0.0,0.0,0.0,nan,nan,nan,,nan,nan,nan,nan,nan,nan,nan,,,,nan,nan,nan,nan,nan,nan,nan,nan,nan,nan,nan,nan,,nan,nan,,,nan,nan,nan,nan,nan,nan,nan,nan,nan,nan,nan,nan,nan,nan,nan,nan,nan,nan,nan,nan,nan,nan,nan,nan,,nan,nan,nan,,nan,,,,
nan,nan,nan,nan,nan,nan,nan,nan,nan,nan,nan,nan,nan,nan,nan,nan,nan,0.0,0.0,0.0,0.0,0.0,0.0,0.0,0.0,0.0,0.0,0.0,0.0,0.0,0.0,0.0,0.0,0.0,nan,nan,nan,,nan,nan,nan,nan,nan,nan,nan,,,,nan,nan,nan,nan,nan,nan,nan,nan,nan,nan,nan,nan,,nan,nan,,,nan,nan,nan,nan,nan,nan,nan,nan,nan,nan,nan,nan,nan,nan,nan,nan,nan,nan,nan,nan,nan,nan,nan,nan,,nan,nan,nan,,nan,,,,
nan,nan,nan,nan,nan,nan,nan,nan,nan,nan,nan,nan,nan,nan,nan,nan,nan,0.0,0.0,0.0,0.0,0.0,0.0,0.0,0.0,0.0,0.0,0.0,0.0,0.0,0.0,0.0,0.0,0.0,nan,nan,nan,,nan,nan,nan,nan,nan,nan,nan,,,,nan,nan,nan,nan,nan,nan,nan,nan,nan,nan,nan,nan,,nan,nan,,,nan,nan,nan,nan,nan,nan,nan,nan,nan,nan,nan,nan,nan,nan,nan,nan,nan,nan,nan,nan,nan,nan,nan,nan,,nan,nan,nan,,nan,,,,
nan,nan,nan,nan,nan,nan,nan,nan,nan,nan,nan,nan,nan,nan,nan,nan,nan,0.0,0.0,0.0,0.0,0.0,0.0,0.0,0.0,2.0,0.0,0.0,0.0,0.0,0.0,0.0,0.0,2.0,nan,nan,nan,,nan,nan,nan,nan,nan,nan,nan,,,,nan,nan,nan,nan,nan,nan,nan,nan,nan,nan,nan,nan,,nan,nan,,,nan,nan,nan,nan,nan,nan,nan,nan,nan,nan,nan,nan,nan,nan,nan,nan,nan,nan,nan,nan,nan,nan,nan,nan,,nan,nan,nan,,nan,,,,
nan,nan,nan,nan,nan,nan,nan,nan,nan,nan,nan,nan,nan,nan,nan,nan,nan,0.0,0.0,0.0,0.0,0.0,0.0,0.0,0.0,0.0,0.0,0.0,0.0,0.0,0.0,0.0,0.0,0.0,nan,nan,nan,,nan,nan,nan,nan,nan,nan,nan,,,,nan,nan,nan,nan,nan,nan,nan,nan,nan,nan,nan,nan,,nan,nan,,,nan,nan,nan,nan,nan,nan,nan,nan,nan,nan,nan,nan,nan,nan,nan,nan,nan,nan,nan,nan,nan,nan,nan,nan,,nan,nan,nan,,nan,,,,
nan,nan,nan,nan,nan,nan,nan,nan,nan,nan,nan,nan,nan,nan,nan,nan,nan,0.0,0.0,0.0,0.0,0.0,0.0,0.0,0.0,1.0,0.0,0.0,0.0,0.0,0.0,0.0,0.0,1.0,nan,nan,nan,,nan,nan,nan,nan,nan,nan,nan,,,,nan,nan,nan,nan,nan,nan,nan,nan,nan,nan,nan,nan,,nan,nan,,,nan,nan,nan,nan,nan,nan,nan,nan,nan,nan,nan,nan,nan,nan,nan,nan,nan,nan,nan,nan,nan,nan,nan,nan,,nan,nan,nan,,nan,,,,
nan,nan,nan,nan,nan,nan,nan,nan,nan,nan,nan,nan,nan,nan,nan,nan,nan,0.0,0.0,0.0,0.0,0.0,0.0,0.0,0.0,0.0,0.0,0.0,0.0,0.0,0.0,0.0,0.0,0.0,nan,nan,nan,,nan,nan,nan,nan,nan,nan,nan,,,,nan,nan,nan,nan,nan,nan,nan,nan,nan,nan,nan,nan,,nan,nan,,,nan,nan,nan,nan,nan,nan,nan,nan,nan,nan,nan,nan,nan,nan,nan,nan,nan,nan,nan,nan,nan,nan,nan,nan,,nan,nan,nan,,nan,,,,
nan,nan,nan,nan,nan,nan,nan,nan,nan,nan,nan,nan,nan,nan,nan,nan,nan,0.0,0.0,0.0,0.0,0.0,0.0,0.0,0.0,2.0,0.0,0.0,0.0,0.0,0.0,0.0,0.0,2.0,nan,nan,nan,,nan,nan,nan,nan,nan,nan,nan,,,,nan,nan,nan,nan,nan,nan,nan,nan,nan,nan,nan,nan,,nan,nan,,,nan,nan,nan,nan,nan,nan,nan,nan,nan,nan,nan,nan,nan,nan,nan,nan,nan,nan,nan,nan,nan,nan,nan,nan,,nan,nan,nan,,nan,,,,
nan,nan,nan,nan,nan,nan,nan,nan,nan,nan,nan,nan,nan,nan,nan,nan,nan,0.0,0.0,0.0,0.0,0.0,0.0,0.0,0.0,1.0,0.0,0.0,0.0,0.0,0.0,0.0,0.0,1.0,nan,nan,nan,,nan,nan,nan,nan,nan,nan,nan,,,,nan,nan,nan,nan,nan,nan,nan,nan,nan,nan,nan,nan,,nan,nan,,,nan,nan,nan,nan,nan,nan,nan,nan,nan,nan,nan,nan,nan,nan,nan,nan,nan,nan,nan,nan,nan,nan,nan,nan,,nan,nan,nan,,nan,,,,
nan,nan,nan,nan,nan,nan,nan,nan,nan,nan,nan,nan,nan,nan,nan,nan,nan,0.0,0.0,0.0,0.0,0.0,0.0,0.0,0.0,0.0,0.0,0.0,0.0,0.0,0.0,0.0,0.0,0.0,nan,nan,nan,,nan,nan,nan,nan,nan,nan,nan,,,,nan,nan,nan,nan,nan,nan,nan,nan,nan,nan,nan,nan,,nan,nan,,,nan,nan,nan,nan,nan,nan,nan,nan,nan,nan,nan,nan,nan,nan,nan,nan,nan,nan,nan,nan,nan,nan,nan,nan,,nan,nan,nan,,nan,,,,
nan,nan,nan,nan,nan,nan,nan,nan,nan,nan,nan,nan,nan,nan,nan,nan,nan,0.0,0.0,0.0,0.0,0.0,0.0,0.0,0.0,1.0,0.0,0.0,0.0,0.0,0.0,0.0,0.0,1.0,nan,nan,nan,,nan,nan,nan,nan,nan,nan,nan,,,,nan,nan,nan,nan,nan,nan,nan,nan,nan,nan,nan,nan,,nan,nan,,,nan,nan,nan,nan,nan,nan,nan,nan,nan,nan,nan,nan,nan,nan,nan,nan,nan,nan,nan,nan,nan,nan,nan,nan,,nan,nan,nan,,nan,,,,
nan,nan,nan,nan,nan,nan,nan,nan,nan,nan,nan,nan,nan,nan,nan,nan,nan,0.0,0.0,0.0,0.0,0.0,0.0,0.0,0.0,1.0,0.0,0.0,0.0,0.0,0.0,0.0,0.0,1.0,nan,nan,nan,,nan,nan,nan,nan,nan,nan,nan,,,,nan,nan,nan,nan,nan,nan,nan,nan,nan,nan,nan,nan,,nan,nan,,,nan,nan,nan,nan,nan,nan,nan,nan,nan,nan,nan,nan,nan,nan,nan,nan,nan,nan,nan,nan,nan,nan,nan,nan,,nan,nan,nan,,nan,,,,
nan,nan,nan,nan,nan,nan,nan,nan,nan,nan,nan,nan,nan,nan,nan,nan,nan,0.0,0.0,0.0,0.0,0.0,0.0,0.0,0.0,0.0,0.0,0.0,0.0,0.0,0.0,0.0,0.0,0.0,nan,nan,nan,,nan,nan,nan,nan,nan,nan,nan,,,,nan,nan,nan,nan,nan,nan,nan,nan,nan,nan,nan,nan,,nan,nan,,,nan,nan,nan,nan,nan,nan,nan,nan,nan,nan,nan,nan,nan,nan,nan,nan,nan,nan,nan,nan,nan,nan,nan,nan,,nan,nan,nan,,nan,,,,
nan,nan,nan,nan,nan,nan,nan,nan,nan,nan,nan,nan,nan,nan,nan,nan,nan,0.0,0.0,0.0,0.0,0.0,0.0,0.0,0.0,1.0,0.0,0.0,0.0,0.0,0.0,0.0,0.0,1.0,nan,nan,nan,,nan,nan,nan,nan,nan,nan,nan,,,,nan,nan,nan,nan,nan,nan,nan,nan,nan,nan,nan,nan,,nan,nan,,,nan,nan,nan,nan,nan,nan,nan,nan,nan,nan,nan,nan,nan,nan,nan,nan,nan,nan,nan,nan,nan,nan,nan,nan,,nan,nan,nan,,nan,,,,
nan,nan,nan,nan,nan,nan,nan,nan,nan,nan,nan,nan,nan,nan,nan,nan,nan,0.0,0.0,0.0,0.0,0.0,0.0,0.0,0.0,2.0,0.0,0.0,0.0,0.0,0.0,0.0,0.0,2.0,nan,nan,nan,,nan,nan,nan,nan,nan,nan,nan,,,,nan,nan,nan,nan,nan,nan,nan,nan,nan,nan,nan,nan,,nan,nan,,,nan,nan,nan,nan,nan,nan,nan,nan,nan,nan,nan,nan,nan,nan,nan,nan,nan,nan,nan,nan,nan,nan,nan,nan,,nan,nan,nan,,nan,,,,
nan,nan,nan,nan,nan,nan,nan,nan,nan,nan,nan,nan,nan,nan,nan,nan,nan,0.0,0.0,0.0,0.0,0.0,0.0,0.0,0.0,0.0,0.0,0.0,0.0,0.0,0.0,0.0,0.0,0.0,nan,nan,nan,,nan,nan,nan,nan,nan,nan,nan,,,,nan,nan,nan,nan,nan,nan,nan,nan,nan,nan,nan,nan,,nan,nan,,,nan,nan,nan,nan,nan,nan,nan,nan,nan,nan,nan,nan,nan,nan,nan,nan,nan,nan,nan,nan,nan,nan,nan,nan,,nan,nan,nan,,nan,,,,
nan,nan,nan,nan,nan,nan,nan,nan,nan,nan,nan,nan,nan,nan,nan,nan,nan,0.0,0.0,0.0,0.0,0.0,0.0,0.0,0.0,0.0,0.0,0.0,0.0,0.0,0.0,0.0,0.0,0.0,nan,nan,nan,,nan,nan,nan,nan,nan,nan,nan,,,,nan,nan,nan,nan,nan,nan,nan,nan,nan,nan,nan,nan,,nan,nan,,,nan,nan,nan,nan,nan,nan,nan,nan,nan,nan,nan,nan,nan,nan,nan,nan,nan,nan,nan,nan,nan,nan,nan,nan,,nan,nan,nan,,nan,,,,
nan,nan,nan,nan,nan,nan,nan,nan,nan,nan,nan,nan,nan,nan,nan,nan,nan,0.0,0.0,0.0,0.0,0.0,0.0,0.0,0.0,0.0,0.0,0.0,0.0,0.0,0.0,0.0,0.0,0.0,nan,nan,nan,,nan,nan,nan,nan,nan,nan,nan,,,,nan,nan,nan,nan,nan,nan,nan,nan,nan,nan,nan,nan,,nan,nan,,,nan,nan,nan,nan,nan,nan,nan,nan,nan,nan,nan,nan,nan,nan,nan,nan,nan,nan,nan,nan,nan,nan,nan,nan,,nan,nan,nan,,nan,,,,
nan,nan,nan,nan,nan,nan,nan,nan,nan,nan,nan,nan,nan,nan,nan,nan,nan,0.0,0.0,0.0,0.0,0.0,0.0,0.0,0.0,2.0,0.0,0.0,0.0,0.0,0.0,0.0,0.0,2.0,nan,nan,nan,,nan,nan,nan,nan,nan,nan,nan,,,,nan,nan,nan,nan,nan,nan,nan,nan,nan,nan,nan,nan,,nan,nan,,,nan,nan,nan,nan,nan,nan,nan,nan,nan,nan,nan,nan,nan,nan,nan,nan,nan,nan,nan,nan,nan,nan,nan,nan,,nan,nan,nan,,nan,,,,
nan,nan,nan,nan,nan,nan,nan,nan,nan,nan,nan,nan,nan,nan,nan,nan,nan,0.0,0.0,0.0,0.0,0.0,0.0,0.0,0.0,0.0,0.0,0.0,0.0,0.0,0.0,0.0,0.0,0.0,nan,nan,nan,,nan,nan,nan,nan,nan,nan,nan,,,,nan,nan,nan,nan,nan,nan,nan,nan,nan,nan,nan,nan,,nan,nan,,,nan,nan,nan,nan,nan,nan,nan,nan,nan,nan,nan,nan,nan,nan,nan,nan,nan,nan,nan,nan,nan,nan,nan,nan,,nan,nan,nan,,nan,,,,
nan,nan,nan,nan,nan,nan,nan,nan,nan,nan,nan,nan,nan,nan,nan,nan,nan,0.0,0.0,0.0,0.0,0.0,0.0,0.0,0.0,0.0,0.0,0.0,0.0,0.0,0.0,0.0,0.0,0.0,nan,nan,nan,,nan,nan,nan,nan,nan,nan,nan,,,,nan,nan,nan,nan,nan,nan,nan,nan,nan,nan,nan,nan,,nan,nan,,,nan,nan,nan,nan,nan,nan,nan,nan,nan,nan,nan,nan,nan,nan,nan,nan,nan,nan,nan,nan,nan,nan,nan,nan,,nan,nan,nan,,nan,,,,
nan,nan,nan,nan,nan,nan,nan,nan,nan,nan,nan,nan,nan,nan,nan,nan,nan,0.0,0.0,0.0,0.0,0.0,0.0,0.0,0.0,0.0,0.0,0.0,0.0,0.0,0.0,0.0,0.0,0.0,nan,nan,nan,,nan,nan,nan,nan,nan,nan,nan,,,,nan,nan,nan,nan,nan,nan,nan,nan,nan,nan,nan,nan,,nan,nan,,,nan,nan,nan,nan,nan,nan,nan,nan,nan,nan,nan,nan,nan,nan,nan,nan,nan,nan,nan,nan,nan,nan,nan,nan,,nan,nan,nan,,nan,,,,
nan,nan,nan,nan,nan,nan,nan,nan,nan,nan,nan,nan,nan,nan,nan,nan,nan,0.0,0.0,0.0,0.0,0.0,0.0,0.0,0.0,0.0,0.0,0.0,0.0,0.0,0.0,0.0,0.0,0.0,nan,nan,nan,,nan,nan,nan,nan,nan,nan,nan,,,,nan,nan,nan,nan,nan,nan,nan,nan,nan,nan,nan,nan,,nan,nan,,,nan,nan,nan,nan,nan,nan,nan,nan,nan,nan,nan,nan,nan,nan,nan,nan,nan,nan,nan,nan,nan,nan,nan,nan,,nan,nan,nan,,nan,,,,
nan,nan,nan,nan,nan,nan,nan,nan,nan,nan,nan,nan,nan,nan,nan,nan,nan,0.0,0.0,0.0,0.0,0.0,0.0,0.0,0.0,1.0,0.0,0.0,0.0,0.0,0.0,0.0,0.0,1.0,nan,nan,nan,,nan,nan,nan,nan,nan,nan,nan,,,,nan,nan,nan,nan,nan,nan,nan,nan,nan,nan,nan,nan,,nan,nan,,,nan,nan,nan,nan,nan,nan,nan,nan,nan,nan,nan,nan,nan,nan,nan,nan,nan,nan,nan,nan,nan,nan,nan,nan,,nan,nan,nan,,nan,,,,
nan,nan,nan,nan,nan,nan,nan,nan,nan,nan,nan,nan,nan,nan,nan,nan,nan,0.0,0.0,0.0,0.0,0.0,0.0,0.0,0.0,1.0,0.0,0.0,0.0,0.0,0.0,0.0,0.0,1.0,nan,nan,nan,,nan,nan,nan,nan,nan,nan,nan,,,,nan,nan,nan,nan,nan,nan,nan,nan,nan,nan,nan,nan,,nan,nan,,,nan,nan,nan,nan,nan,nan,nan,nan,nan,nan,nan,nan,nan,nan,nan,nan,nan,nan,nan,nan,nan,nan,nan,nan,,nan,nan,nan,,nan,,,,
nan,nan,nan,nan,nan,nan,nan,nan,nan,nan,nan,nan,nan,nan,nan,nan,nan,0.0,0.0,0.0,0.0,0.0,0.0,0.0,0.0,0.0,0.0,0.0,0.0,0.0,0.0,0.0,0.0,0.0,nan,nan,nan,,nan,nan,nan,nan,nan,nan,nan,,,,nan,nan,nan,nan,nan,nan,nan,nan,nan,nan,nan,nan,,nan,nan,,,nan,nan,nan,nan,nan,nan,nan,nan,nan,nan,nan,nan,nan,nan,nan,nan,nan,nan,nan,nan,nan,nan,nan,nan,,nan,nan,nan,,nan,,,,
nan,nan,nan,nan,nan,nan,nan,nan,nan,nan,nan,nan,nan,nan,nan,nan,nan,0.0,0.0,0.0,0.0,0.0,0.0,0.0,0.0,0.0,0.0,0.0,0.0,0.0,0.0,0.0,0.0,0.0,nan,nan,nan,,nan,nan,nan,nan,nan,nan,nan,,,,nan,nan,nan,nan,nan,nan,nan,nan,nan,nan,nan,nan,,nan,nan,,,nan,nan,nan,nan,nan,nan,nan,nan,nan,nan,nan,nan,nan,nan,nan,nan,nan,nan,nan,nan,nan,nan,nan,nan,,nan,nan,nan,,nan,,,,
nan,nan,nan,nan,nan,nan,nan,nan,nan,nan,nan,nan,nan,nan,nan,nan,nan,0.0,0.0,0.0,0.0,0.0,0.0,0.0,0.0,0.0,0.0,0.0,0.0,0.0,0.0,0.0,0.0,0.0,nan,nan,nan,,nan,nan,nan,nan,nan,nan,nan,,,,nan,nan,nan,nan,nan,nan,nan,nan,nan,nan,nan,nan,,nan,nan,,,nan,nan,nan,nan,nan,nan,nan,nan,nan,nan,nan,nan,nan,nan,nan,nan,nan,nan,nan,nan,nan,nan,nan,nan,,nan,nan,nan,,nan,,,,
nan,nan,nan,nan,nan,nan,nan,nan,nan,nan,nan,nan,nan,nan,nan,nan,nan,0.0,0.0,0.0,0.0,0.0,0.0,0.0,0.0,0.0,0.0,0.0,0.0,0.0,0.0,0.0,0.0,0.0,nan,nan,nan,,nan,nan,nan,nan,nan,nan,nan,,,,nan,nan,nan,nan,nan,nan,nan,nan,nan,nan,nan,nan,,nan,nan,,,nan,nan,nan,nan,nan,nan,nan,nan,nan,nan,nan,nan,nan,nan,nan,nan,nan,nan,nan,nan,nan,nan,nan,nan,,nan,nan,nan,,nan,,,,
nan,nan,nan,nan,nan,nan,nan,nan,nan,nan,nan,nan,nan,nan,nan,nan,nan,0.0,0.0,0.0,0.0,0.0,0.0,0.0,0.0,0.0,0.0,0.0,0.0,0.0,0.0,0.0,0.0,0.0,nan,nan,nan,,nan,nan,nan,nan,nan,nan,nan,,,,nan,nan,nan,nan,nan,nan,nan,nan,nan,nan,nan,nan,,nan,nan,,,nan,nan,nan,nan,nan,nan,nan,nan,nan,nan,nan,nan,nan,nan,nan,nan,nan,nan,nan,nan,nan,nan,nan,nan,,nan,nan,nan,,nan,,,,
nan,nan,nan,nan,nan,nan,nan,nan,nan,nan,nan,nan,nan,nan,nan,nan,nan,0.0,0.0,0.0,0.0,0.0,0.0,0.0,0.0,0.0,0.0,0.0,0.0,0.0,0.0,0.0,0.0,0.0,nan,nan,nan,,nan,nan,nan,nan,nan,nan,nan,,,,nan,nan,nan,nan,nan,nan,nan,nan,nan,nan,nan,nan,,nan,nan,,,nan,nan,nan,nan,nan,nan,nan,nan,nan,nan,nan,nan,nan,nan,nan,nan,nan,nan,nan,nan,nan,nan,nan,nan,,nan,nan,nan,,nan,,,,
nan,nan,nan,nan,nan,nan,nan,nan,nan,nan,nan,nan,nan,nan,nan,nan,nan,0.0,0.0,0.0,0.0,0.0,0.0,0.0,0.0,0.0,0.0,0.0,0.0,0.0,0.0,0.0,0.0,0.0,nan,nan,nan,,nan,nan,nan,nan,nan,nan,nan,,,,nan,nan,nan,nan,nan,nan,nan,nan,nan,nan,nan,nan,,nan,nan,,,nan,nan,nan,nan,nan,nan,nan,nan,nan,nan,nan,nan,nan,nan,nan,nan,nan,nan,nan,nan,nan,nan,nan,nan,,nan,nan,nan,,nan,,,,
nan,nan,nan,nan,nan,nan,nan,nan,nan,nan,nan,nan,nan,nan,nan,nan,nan,0.0,0.0,0.0,0.0,0.0,0.0,0.0,0.0,0.0,0.0,0.0,0.0,0.0,0.0,0.0,0.0,0.0,nan,nan,nan,,nan,nan,nan,nan,nan,nan,nan,,,,nan,nan,nan,nan,nan,nan,nan,nan,nan,nan,nan,nan,,nan,nan,,,nan,nan,nan,nan,nan,nan,nan,nan,nan,nan,nan,nan,nan,nan,nan,nan,nan,nan,nan,nan,nan,nan,nan,nan,,nan,nan,nan,,nan,,,,
nan,nan,nan,nan,nan,nan,nan,nan,nan,nan,nan,nan,nan,nan,nan,nan,nan,0.0,0.0,0.0,0.0,0.0,0.0,0.0,0.0,0.0,0.0,0.0,0.0,0.0,0.0,0.0,0.0,0.0,nan,nan,nan,,nan,nan,nan,nan,nan,nan,nan,,,,nan,nan,nan,nan,nan,nan,nan,nan,nan,nan,nan,nan,,nan,nan,,,nan,nan,nan,nan,nan,nan,nan,nan,nan,nan,nan,nan,nan,nan,nan,nan,nan,nan,nan,nan,nan,nan,nan,nan,,nan,nan,nan,,nan,,,,
nan,nan,nan,nan,nan,nan,nan,nan,nan,nan,nan,nan,nan,nan,nan,nan,nan,0.0,0.0,0.0,0.0,0.0,0.0,0.0,0.0,1.0,0.0,0.0,0.0,0.0,0.0,0.0,0.0,1.0,nan,nan,nan,,nan,nan,nan,nan,nan,nan,nan,,,,nan,nan,nan,nan,nan,nan,nan,nan,nan,nan,nan,nan,,nan,nan,,,nan,nan,nan,nan,nan,nan,nan,nan,nan,nan,nan,nan,nan,nan,nan,nan,nan,nan,nan,nan,nan,nan,nan,nan,,nan,nan,nan,,nan,,,,
nan,nan,nan,nan,nan,nan,nan,nan,nan,nan,nan,nan,nan,nan,nan,nan,nan,0.0,0.0,0.0,0.0,0.0,0.0,0.0,0.0,0.0,0.0,0.0,0.0,0.0,0.0,0.0,0.0,0.0,nan,nan,nan,,nan,nan,nan,nan,nan,nan,nan,,,,nan,nan,nan,nan,nan,nan,nan,nan,nan,nan,nan,nan,,nan,nan,,,nan,nan,nan,nan,nan,nan,nan,nan,nan,nan,nan,nan,nan,nan,nan,nan,nan,nan,nan,nan,nan,nan,nan,nan,,nan,nan,nan,,nan,,,,
nan,nan,nan,nan,nan,nan,nan,nan,nan,nan,nan,nan,nan,nan,nan,nan,nan,0.0,0.0,0.0,0.0,0.0,0.0,0.0,0.0,0.0,0.0,0.0,0.0,0.0,0.0,0.0,0.0,0.0,nan,nan,nan,,nan,nan,nan,nan,nan,nan,nan,,,,nan,nan,nan,nan,nan,nan,nan,nan,nan,nan,nan,nan,,nan,nan,,,nan,nan,nan,nan,nan,nan,nan,nan,nan,nan,nan,nan,nan,nan,nan,nan,nan,nan,nan,nan,nan,nan,nan,nan,,nan,nan,nan,,nan,,,,
nan,nan,nan,nan,nan,nan,nan,nan,nan,nan,nan,nan,nan,nan,nan,nan,nan,0.0,0.0,0.0,0.0,0.0,0.0,0.0,0.0,1.0,0.0,0.0,0.0,0.0,0.0,0.0,0.0,1.0,nan,nan,nan,,nan,nan,nan,nan,nan,nan,nan,,,,nan,nan,nan,nan,nan,nan,nan,nan,nan,nan,nan,nan,,nan,nan,,,nan,nan,nan,nan,nan,nan,nan,nan,nan,nan,nan,nan,nan,nan,nan,nan,nan,nan,nan,nan,nan,nan,nan,nan,,nan,nan,nan,,nan,,,,
nan,nan,nan,nan,nan,nan,nan,nan,nan,nan,nan,nan,nan,nan,nan,nan,nan,0.0,0.0,0.0,0.0,0.0,0.0,0.0,0.0,0.0,0.0,0.0,0.0,0.0,0.0,0.0,0.0,0.0,nan,nan,nan,,nan,nan,nan,nan,nan,nan,nan,,,,nan,nan,nan,nan,nan,nan,nan,nan,nan,nan,nan,nan,,nan,nan,,,nan,nan,nan,nan,nan,nan,nan,nan,nan,nan,nan,nan,nan,nan,nan,nan,nan,nan,nan,nan,nan,nan,nan,nan,,nan,nan,nan,,nan,,,,
nan,nan,nan,nan,nan,nan,nan,nan,nan,nan,nan,nan,nan,nan,nan,nan,nan,0.0,0.0,0.0,0.0,0.0,0.0,0.0,0.0,0.0,0.0,0.0,0.0,0.0,0.0,0.0,0.0,0.0,nan,nan,nan,,nan,nan,nan,nan,nan,nan,nan,,,,nan,nan,nan,nan,nan,nan,nan,nan,nan,nan,nan,nan,,nan,nan,,,nan,nan,nan,nan,nan,nan,nan,nan,nan,nan,nan,nan,nan,nan,nan,nan,nan,nan,nan,nan,nan,nan,nan,nan,,nan,nan,nan,,nan,,,,
nan,nan,nan,nan,nan,nan,nan,nan,nan,nan,nan,nan,nan,nan,nan,nan,nan,0.0,0.0,0.0,0.0,0.0,0.0,0.0,0.0,0.0,0.0,0.0,0.0,0.0,0.0,0.0,0.0,0.0,nan,nan,nan,,nan,nan,nan,nan,nan,nan,nan,,,,nan,nan,nan,nan,nan,nan,nan,nan,nan,nan,nan,nan,,nan,nan,,,nan,nan,nan,nan,nan,nan,nan,nan,nan,nan,nan,nan,nan,nan,nan,nan,nan,nan,nan,nan,nan,nan,nan,nan,,nan,nan,nan,,nan,,,,
nan,nan,nan,nan,nan,nan,nan,nan,nan,nan,nan,nan,nan,nan,nan,nan,nan,0.0,0.0,0.0,0.0,0.0,0.0,0.0,0.0,1.0,0.0,0.0,0.0,0.0,0.0,0.0,0.0,1.0,nan,nan,nan,,nan,nan,nan,nan,nan,nan,nan,,,,nan,nan,nan,nan,nan,nan,nan,nan,nan,nan,nan,nan,,nan,nan,,,nan,nan,nan,nan,nan,nan,nan,nan,nan,nan,nan,nan,nan,nan,nan,nan,nan,nan,nan,nan,nan,nan,nan,nan,,nan,nan,nan,,nan,,,,
nan,nan,nan,nan,nan,nan,nan,nan,nan,nan,nan,nan,nan,nan,nan,nan,nan,0.0,0.0,0.0,0.0,0.0,0.0,0.0,0.0,0.0,0.0,0.0,0.0,0.0,0.0,0.0,0.0,0.0,nan,nan,nan,,nan,nan,nan,nan,nan,nan,nan,,,,nan,nan,nan,nan,nan,nan,nan,nan,nan,nan,nan,nan,,nan,nan,,,nan,nan,nan,nan,nan,nan,nan,nan,nan,nan,nan,nan,nan,nan,nan,nan,nan,nan,nan,nan,nan,nan,nan,nan,,nan,nan,nan,,nan,,,,
nan,nan,nan,nan,nan,nan,nan,nan,nan,nan,nan,nan,nan,nan,nan,nan,nan,0.0,0.0,0.0,0.0,0.0,0.0,0.0,0.0,0.0,0.0,0.0,0.0,0.0,0.0,0.0,0.0,0.0,nan,nan,nan,,nan,nan,nan,nan,nan,nan,nan,,,,nan,nan,nan,nan,nan,nan,nan,nan,nan,nan,nan,nan,,nan,nan,,,nan,nan,nan,nan,nan,nan,nan,nan,nan,nan,nan,nan,nan,nan,nan,nan,nan,nan,nan,nan,nan,nan,nan,nan,,nan,nan,nan,,nan,,,,
nan,nan,nan,nan,nan,nan,nan,nan,nan,nan,nan,nan,nan,nan,nan,nan,nan,0.0,0.0,0.0,0.0,0.0,0.0,0.0,0.0,1.0,0.0,0.0,0.0,0.0,0.0,0.0,0.0,1.0,nan,nan,nan,,nan,nan,nan,nan,nan,nan,nan,,,,nan,nan,nan,nan,nan,nan,nan,nan,nan,nan,nan,nan,,nan,nan,,,nan,nan,nan,nan,nan,nan,nan,nan,nan,nan,nan,nan,nan,nan,nan,nan,nan,nan,nan,nan,nan,nan,nan,nan,,nan,nan,nan,,nan,,,,
nan,nan,nan,nan,nan,nan,nan,nan,nan,nan,nan,nan,nan,nan,nan,nan,nan,0.0,0.0,0.0,0.0,0.0,0.0,0.0,0.0,1.0,0.0,0.0,0.0,0.0,0.0,0.0,0.0,1.0,nan,nan,nan,,nan,nan,nan,nan,nan,nan,nan,,,,nan,nan,nan,nan,nan,nan,nan,nan,nan,nan,nan,nan,,nan,nan,,,nan,nan,nan,nan,nan,nan,nan,nan,nan,nan,nan,nan,nan,nan,nan,nan,nan,nan,nan,nan,nan,nan,nan,nan,,nan,nan,nan,,nan,,,,
nan,nan,nan,nan,nan,nan,nan,nan,nan,nan,nan,nan,nan,nan,nan,nan,nan,0.0,0.0,0.0,0.0,0.0,0.0,0.0,0.0,0.0,0.0,0.0,0.0,0.0,0.0,0.0,0.0,0.0,nan,nan,nan,,nan,nan,nan,nan,nan,nan,nan,,,,nan,nan,nan,nan,nan,nan,nan,nan,nan,nan,nan,nan,,nan,nan,,,nan,nan,nan,nan,nan,nan,nan,nan,nan,nan,nan,nan,nan,nan,nan,nan,nan,nan,nan,nan,nan,nan,nan,nan,,nan,nan,nan,,nan,,,,
nan,nan,nan,nan,nan,nan,nan,nan,nan,nan,nan,nan,nan,nan,nan,nan,nan,0.0,0.0,0.0,0.0,0.0,0.0,0.0,0.0,0.0,0.0,0.0,0.0,0.0,0.0,0.0,0.0,0.0,nan,nan,nan,,nan,nan,nan,nan,nan,nan,nan,,,,nan,nan,nan,nan,nan,nan,nan,nan,nan,nan,nan,nan,,nan,nan,,,nan,nan,nan,nan,nan,nan,nan,nan,nan,nan,nan,nan,nan,nan,nan,nan,nan,nan,nan,nan,nan,nan,nan,nan,,nan,nan,nan,,nan,,,,
nan,nan,nan,nan,nan,nan,nan,nan,nan,nan,nan,nan,nan,nan,nan,nan,nan,0.0,0.0,0.0,0.0,0.0,0.0,0.0,0.0,0.0,0.0,0.0,0.0,0.0,0.0,0.0,0.0,0.0,nan,nan,nan,,nan,nan,nan,nan,nan,nan,nan,,,,nan,nan,nan,nan,nan,nan,nan,nan,nan,nan,nan,nan,,nan,nan,,,nan,nan,nan,nan,nan,nan,nan,nan,nan,nan,nan,nan,nan,nan,nan,nan,nan,nan,nan,nan,nan,nan,nan,nan,,nan,nan,nan,,nan,,,,
nan,nan,nan,nan,nan,nan,nan,nan,nan,nan,nan,nan,nan,nan,nan,nan,nan,0.0,0.0,0.0,0.0,0.0,0.0,0.0,0.0,0.0,0.0,0.0,0.0,0.0,0.0,0.0,0.0,0.0,nan,nan,nan,,nan,nan,nan,nan,nan,nan,nan,,,,nan,nan,nan,nan,nan,nan,nan,nan,nan,nan,nan,nan,,nan,nan,,,nan,nan,nan,nan,nan,nan,nan,nan,nan,nan,nan,nan,nan,nan,nan,nan,nan,nan,nan,nan,nan,nan,nan,nan,,nan,nan,nan,,nan,,,,
nan,nan,nan,nan,nan,nan,nan,nan,nan,nan,nan,nan,nan,nan,nan,nan,nan,0.0,0.0,0.0,0.0,0.0,0.0,0.0,0.0,0.0,0.0,0.0,0.0,0.0,0.0,0.0,0.0,0.0,nan,nan,nan,,nan,nan,nan,nan,nan,nan,nan,,,,nan,nan,nan,nan,nan,nan,nan,nan,nan,nan,nan,nan,,nan,nan,,,nan,nan,nan,nan,nan,nan,nan,nan,nan,nan,nan,nan,nan,nan,nan,nan,nan,nan,nan,nan,nan,nan,nan,nan,,nan,nan,nan,,nan,,,,
nan,nan,nan,nan,nan,nan,nan,nan,nan,nan,nan,nan,nan,nan,nan,nan,nan,0.0,0.0,0.0,0.0,0.0,0.0,0.0,0.0,0.0,0.0,0.0,0.0,0.0,0.0,0.0,0.0,0.0,nan,nan,nan,,nan,nan,nan,nan,nan,nan,nan,,,,nan,nan,nan,nan,nan,nan,nan,nan,nan,nan,nan,nan,,nan,nan,,,nan,nan,nan,nan,nan,nan,nan,nan,nan,nan,nan,nan,nan,nan,nan,nan,nan,nan,nan,nan,nan,nan,nan,nan,,nan,nan,nan,,nan,,,,
nan,nan,nan,nan,nan,nan,nan,nan,nan,nan,nan,nan,nan,nan,nan,nan,nan,0.0,0.0,0.0,0.0,0.0,0.0,0.0,0.0,0.0,0.0,0.0,0.0,0.0,0.0,0.0,0.0,0.0,nan,nan,nan,,nan,nan,nan,nan,nan,nan,nan,,,,nan,nan,nan,nan,nan,nan,nan,nan,nan,nan,nan,nan,,nan,nan,,,nan,nan,nan,nan,nan,nan,nan,nan,nan,nan,nan,nan,nan,nan,nan,nan,nan,nan,nan,nan,nan,nan,nan,nan,,nan,nan,nan,,nan,,,,
nan,nan,nan,nan,nan,nan,nan,nan,nan,nan,nan,nan,nan,nan,nan,nan,nan,0.0,0.0,0.0,0.0,0.0,0.0,0.0,0.0,0.0,0.0,0.0,0.0,0.0,0.0,0.0,0.0,0.0,nan,nan,nan,,nan,nan,nan,nan,nan,nan,nan,,,,nan,nan,nan,nan,nan,nan,nan,nan,nan,nan,nan,nan,,nan,nan,,,nan,nan,nan,nan,nan,nan,nan,nan,nan,nan,nan,nan,nan,nan,nan,nan,nan,nan,nan,nan,nan,nan,nan,nan,,nan,nan,nan,,nan,,,,
nan,nan,nan,nan,nan,nan,nan,nan,nan,nan,nan,nan,nan,nan,nan,nan,nan,0.0,0.0,0.0,0.0,0.0,0.0,0.0,0.0,0.0,0.0,0.0,0.0,0.0,0.0,0.0,0.0,0.0,nan,nan,nan,,nan,nan,nan,nan,nan,nan,nan,,,,nan,nan,nan,nan,nan,nan,nan,nan,nan,nan,nan,nan,,nan,nan,,,nan,nan,nan,nan,nan,nan,nan,nan,nan,nan,nan,nan,nan,nan,nan,nan,nan,nan,nan,nan,nan,nan,nan,nan,,nan,nan,nan,,nan,,,,
nan,nan,nan,nan,nan,nan,nan,nan,nan,nan,nan,nan,nan,nan,nan,nan,nan,0.0,0.0,0.0,0.0,0.0,0.0,0.0,0.0,1.0,0.0,0.0,0.0,0.0,0.0,0.0,0.0,1.0,nan,nan,nan,,nan,nan,nan,nan,nan,nan,nan,,,,nan,nan,nan,nan,nan,nan,nan,nan,nan,nan,nan,nan,,nan,nan,,,nan,nan,nan,nan,nan,nan,nan,nan,nan,nan,nan,nan,nan,nan,nan,nan,nan,nan,nan,nan,nan,nan,nan,nan,,nan,nan,nan,,nan,,,,
nan,nan,nan,nan,nan,nan,nan,nan,nan,nan,nan,nan,nan,nan,nan,nan,nan,0.0,0.0,0.0,0.0,0.0,0.0,0.0,0.0,1.0,0.0,0.0,0.0,0.0,0.0,0.0,0.0,1.0,nan,nan,nan,,nan,nan,nan,nan,nan,nan,nan,,,,nan,nan,nan,nan,nan,nan,nan,nan,nan,nan,nan,nan,,nan,nan,,,nan,nan,nan,nan,nan,nan,nan,nan,nan,nan,nan,nan,nan,nan,nan,nan,nan,nan,nan,nan,nan,nan,nan,nan,,nan,nan,nan,,nan,,,,
nan,nan,nan,nan,nan,nan,nan,nan,nan,nan,nan,nan,nan,nan,nan,nan,nan,0.0,0.0,0.0,0.0,0.0,0.0,0.0,0.0,0.0,0.0,0.0,0.0,0.0,0.0,0.0,0.0,0.0,nan,nan,nan,,nan,nan,nan,nan,nan,nan,nan,,,,nan,nan,nan,nan,nan,nan,nan,nan,nan,nan,nan,nan,,nan,nan,,,nan,nan,nan,nan,nan,nan,nan,nan,nan,nan,nan,nan,nan,nan,nan,nan,nan,nan,nan,nan,nan,nan,nan,nan,,nan,nan,nan,,nan,,,,
nan,nan,nan,nan,nan,nan,nan,nan,nan,nan,nan,nan,nan,nan,nan,nan,nan,0.0,0.0,0.0,0.0,0.0,0.0,0.0,0.0,0.0,0.0,0.0,0.0,0.0,0.0,0.0,0.0,0.0,nan,nan,nan,,nan,nan,nan,nan,nan,nan,nan,,,,nan,nan,nan,nan,nan,nan,nan,nan,nan,nan,nan,nan,,nan,nan,,,nan,nan,nan,nan,nan,nan,nan,nan,nan,nan,nan,nan,nan,nan,nan,nan,nan,nan,nan,nan,nan,nan,nan,nan,,nan,nan,nan,,nan,,,,
nan,nan,nan,nan,nan,nan,nan,nan,nan,nan,nan,nan,nan,nan,nan,nan,nan,0.0,0.0,0.0,0.0,0.0,0.0,0.0,0.0,0.0,0.0,0.0,0.0,0.0,0.0,0.0,0.0,0.0,nan,nan,nan,,nan,nan,nan,nan,nan,nan,nan,,,,nan,nan,nan,nan,nan,nan,nan,nan,nan,nan,nan,nan,,nan,nan,,,nan,nan,nan,nan,nan,nan,nan,nan,nan,nan,nan,nan,nan,nan,nan,nan,nan,nan,nan,nan,nan,nan,nan,nan,,nan,nan,nan,,nan,,,,
nan,nan,nan,nan,nan,nan,nan,nan,nan,nan,nan,nan,nan,nan,nan,nan,nan,0.0,0.0,0.0,0.0,0.0,0.0,0.0,0.0,0.0,0.0,0.0,0.0,0.0,0.0,0.0,0.0,0.0,nan,nan,nan,,nan,nan,nan,nan,nan,nan,nan,,,,nan,nan,nan,nan,nan,nan,nan,nan,nan,nan,nan,nan,,nan,nan,,,nan,nan,nan,nan,nan,nan,nan,nan,nan,nan,nan,nan,nan,nan,nan,nan,nan,nan,nan,nan,nan,nan,nan,nan,,nan,nan,nan,,nan,,,,
nan,nan,nan,nan,nan,nan,nan,nan,nan,nan,nan,nan,nan,nan,nan,nan,nan,0.0,0.0,0.0,0.0,0.0,0.0,0.0,0.0,0.0,0.0,0.0,0.0,0.0,0.0,0.0,0.0,0.0,nan,nan,nan,,nan,nan,nan,nan,nan,nan,nan,,,,nan,nan,nan,nan,nan,nan,nan,nan,nan,nan,nan,nan,,nan,nan,,,nan,nan,nan,nan,nan,nan,nan,nan,nan,nan,nan,nan,nan,nan,nan,nan,nan,nan,nan,nan,nan,nan,nan,nan,,nan,nan,nan,,nan,,,,
nan,nan,nan,nan,nan,nan,nan,nan,nan,nan,nan,nan,nan,nan,nan,nan,nan,0.0,0.0,0.0,0.0,0.0,0.0,0.0,0.0,1.0,0.0,0.0,0.0,0.0,0.0,0.0,0.0,1.0,nan,nan,nan,,nan,nan,nan,nan,nan,nan,nan,,,,nan,nan,nan,nan,nan,nan,nan,nan,nan,nan,nan,nan,,nan,nan,,,nan,nan,nan,nan,nan,nan,nan,nan,nan,nan,nan,nan,nan,nan,nan,nan,nan,nan,nan,nan,nan,nan,nan,nan,,nan,nan,nan,,nan,,,,
nan,nan,nan,nan,nan,nan,nan,nan,nan,nan,nan,nan,nan,nan,nan,nan,nan,0.0,0.0,0.0,0.0,0.0,0.0,0.0,0.0,0.0,0.0,0.0,0.0,0.0,0.0,0.0,0.0,0.0,nan,nan,nan,,nan,nan,nan,nan,nan,nan,nan,,,,nan,nan,nan,nan,nan,nan,nan,nan,nan,nan,nan,nan,,nan,nan,,,nan,nan,nan,nan,nan,nan,nan,nan,nan,nan,nan,nan,nan,nan,nan,nan,nan,nan,nan,nan,nan,nan,nan,nan,,nan,nan,nan,,nan,,,,
nan,nan,nan,nan,nan,nan,nan,nan,nan,nan,nan,nan,nan,nan,nan,nan,nan,0.0,0.0,0.0,0.0,0.0,0.0,0.0,0.0,0.0,0.0,0.0,0.0,0.0,0.0,0.0,0.0,0.0,nan,nan,nan,,nan,nan,nan,nan,nan,nan,nan,,,,nan,nan,nan,nan,nan,nan,nan,nan,nan,nan,nan,nan,,nan,nan,,,nan,nan,nan,nan,nan,nan,nan,nan,nan,nan,nan,nan,nan,nan,nan,nan,nan,nan,nan,nan,nan,nan,nan,nan,,nan,nan,nan,,nan,,,,
nan,nan,nan,nan,nan,nan,nan,nan,nan,nan,nan,nan,nan,nan,nan,nan,nan,0.0,0.0,0.0,0.0,0.0,0.0,0.0,0.0,0.0,0.0,0.0,0.0,0.0,0.0,0.0,0.0,0.0,nan,nan,nan,,nan,nan,nan,nan,nan,nan,nan,,,,nan,nan,nan,nan,nan,nan,nan,nan,nan,nan,nan,nan,,nan,nan,,,nan,nan,nan,nan,nan,nan,nan,nan,nan,nan,nan,nan,nan,nan,nan,nan,nan,nan,nan,nan,nan,nan,nan,nan,,nan,nan,nan,,nan,,,,
nan,nan,nan,nan,nan,nan,nan,nan,nan,nan,nan,nan,nan,nan,nan,nan,nan,0.0,0.0,0.0,0.0,0.0,0.0,0.0,0.0,0.0,0.0,0.0,0.0,0.0,0.0,0.0,0.0,0.0,nan,nan,nan,,nan,nan,nan,nan,nan,nan,nan,,,,nan,nan,nan,nan,nan,nan,nan,nan,nan,nan,nan,nan,,nan,nan,,,nan,nan,nan,nan,nan,nan,nan,nan,nan,nan,nan,nan,nan,nan,nan,nan,nan,nan,nan,nan,nan,nan,nan,nan,,nan,nan,nan,,nan,,,,
nan,nan,nan,nan,nan,nan,nan,nan,nan,nan,nan,nan,nan,nan,nan,nan,nan,0.0,0.0,0.0,0.0,0.0,0.0,0.0,0.0,0.0,0.0,0.0,0.0,0.0,0.0,0.0,0.0,0.0,nan,nan,nan,,nan,nan,nan,nan,nan,nan,nan,,,,nan,nan,nan,nan,nan,nan,nan,nan,nan,nan,nan,nan,,nan,nan,,,nan,nan,nan,nan,nan,nan,nan,nan,nan,nan,nan,nan,nan,nan,nan,nan,nan,nan,nan,nan,nan,nan,nan,nan,,nan,nan,nan,,nan,,,,
nan,nan,nan,nan,nan,nan,nan,nan,nan,nan,nan,nan,nan,nan,nan,nan,nan,0.0,0.0,0.0,0.0,0.0,0.0,0.0,0.0,0.0,0.0,0.0,0.0,0.0,0.0,0.0,0.0,0.0,nan,nan,nan,,nan,nan,nan,nan,nan,nan,nan,,,,nan,nan,nan,nan,nan,nan,nan,nan,nan,nan,nan,nan,,nan,nan,,,nan,nan,nan,nan,nan,nan,nan,nan,nan,nan,nan,nan,nan,nan,nan,nan,nan,nan,nan,nan,nan,nan,nan,nan,,nan,nan,nan,,nan,,,,
nan,nan,nan,nan,nan,nan,nan,nan,nan,nan,nan,nan,nan,nan,nan,nan,nan,0.0,0.0,0.0,0.0,0.0,0.0,0.0,0.0,0.0,0.0,0.0,0.0,0.0,0.0,0.0,0.0,0.0,nan,nan,nan,,nan,nan,nan,nan,nan,nan,nan,,,,nan,nan,nan,nan,nan,nan,nan,nan,nan,nan,nan,nan,,nan,nan,,,nan,nan,nan,nan,nan,nan,nan,nan,nan,nan,nan,nan,nan,nan,nan,nan,nan,nan,nan,nan,nan,nan,nan,nan,,nan,nan,nan,,nan,,,,
nan,nan,nan,nan,nan,nan,nan,nan,nan,nan,nan,nan,nan,nan,nan,nan,nan,0.0,0.0,0.0,0.0,0.0,0.0,0.0,0.0,0.0,0.0,0.0,0.0,0.0,0.0,0.0,0.0,0.0,nan,nan,nan,,nan,nan,nan,nan,nan,nan,nan,,,,nan,nan,nan,nan,nan,nan,nan,nan,nan,nan,nan,nan,,nan,nan,,,nan,nan,nan,nan,nan,nan,nan,nan,nan,nan,nan,nan,nan,nan,nan,nan,nan,nan,nan,nan,nan,nan,nan,nan,,nan,nan,nan,,nan,,,,
nan,nan,nan,nan,nan,nan,nan,nan,nan,nan,nan,nan,nan,nan,nan,nan,nan,0.0,0.0,0.0,0.0,0.0,0.0,0.0,0.0,0.0,0.0,0.0,0.0,0.0,0.0,0.0,0.0,0.0,nan,nan,nan,,nan,nan,nan,nan,nan,nan,nan,,,,nan,nan,nan,nan,nan,nan,nan,nan,nan,nan,nan,nan,,nan,nan,,,nan,nan,nan,nan,nan,nan,nan,nan,nan,nan,nan,nan,nan,nan,nan,nan,nan,nan,nan,nan,nan,nan,nan,nan,,nan,nan,nan,,nan,,,,
nan,nan,nan,nan,nan,nan,nan,nan,nan,nan,nan,nan,nan,nan,nan,nan,nan,0.0,0.0,0.0,0.0,0.0,0.0,0.0,0.0,0.0,0.0,0.0,0.0,0.0,0.0,0.0,0.0,0.0,nan,nan,nan,,nan,nan,nan,nan,nan,nan,nan,,,,nan,nan,nan,nan,nan,nan,nan,nan,nan,nan,nan,nan,,nan,nan,,,nan,nan,nan,nan,nan,nan,nan,nan,nan,nan,nan,nan,nan,nan,nan,nan,nan,nan,nan,nan,nan,nan,nan,nan,,nan,nan,nan,,nan,,,,
nan,nan,nan,nan,nan,nan,nan,nan,nan,nan,nan,nan,nan,nan,nan,nan,nan,0.0,0.0,0.0,0.0,0.0,0.0,0.0,0.0,1.0,0.0,0.0,0.0,0.0,0.0,0.0,0.0,1.0,nan,nan,nan,,nan,nan,nan,nan,nan,nan,nan,,,,nan,nan,nan,nan,nan,nan,nan,nan,nan,nan,nan,nan,,nan,nan,,,nan,nan,nan,nan,nan,nan,nan,nan,nan,nan,nan,nan,nan,nan,nan,nan,nan,nan,nan,nan,nan,nan,nan,nan,,nan,nan,nan,,nan,,,,
nan,nan,nan,nan,nan,nan,nan,nan,nan,nan,nan,nan,nan,nan,nan,nan,nan,0.0,0.0,0.0,0.0,0.0,0.0,0.0,0.0,0.0,0.0,0.0,0.0,0.0,0.0,0.0,0.0,0.0,nan,nan,nan,,nan,nan,nan,nan,nan,nan,nan,,,,nan,nan,nan,nan,nan,nan,nan,nan,nan,nan,nan,nan,,nan,nan,,,nan,nan,nan,nan,nan,nan,nan,nan,nan,nan,nan,nan,nan,nan,nan,nan,nan,nan,nan,nan,nan,nan,nan,nan,,nan,nan,nan,,nan,,,,
nan,nan,nan,nan,nan,nan,nan,nan,nan,nan,nan,nan,nan,nan,nan,nan,nan,0.0,0.0,0.0,0.0,0.0,0.0,0.0,0.0,0.0,0.0,0.0,0.0,0.0,0.0,0.0,0.0,0.0,nan,nan,nan,,nan,nan,nan,nan,nan,nan,nan,,,,nan,nan,nan,nan,nan,nan,nan,nan,nan,nan,nan,nan,,nan,nan,,,nan,nan,nan,nan,nan,nan,nan,nan,nan,nan,nan,nan,nan,nan,nan,nan,nan,nan,nan,nan,nan,nan,nan,nan,,nan,nan,nan,,nan,,,,
nan,nan,nan,nan,nan,nan,nan,nan,nan,nan,nan,nan,nan,nan,nan,nan,nan,0.0,0.0,0.0,0.0,0.0,0.0,0.0,0.0,1.0,0.0,0.0,0.0,0.0,0.0,0.0,0.0,1.0,nan,nan,nan,,nan,nan,nan,nan,nan,nan,nan,,,,nan,nan,nan,nan,nan,nan,nan,nan,nan,nan,nan,nan,,nan,nan,,,nan,nan,nan,nan,nan,nan,nan,nan,nan,nan,nan,nan,nan,nan,nan,nan,nan,nan,nan,nan,nan,nan,nan,nan,,nan,nan,nan,,nan,,,,
nan,nan,nan,nan,nan,nan,nan,nan,nan,nan,nan,nan,nan,nan,nan,nan,nan,0.0,0.0,0.0,0.0,0.0,0.0,0.0,0.0,0.0,0.0,0.0,0.0,0.0,0.0,0.0,0.0,0.0,nan,nan,nan,,nan,nan,nan,nan,nan,nan,nan,,,,nan,nan,nan,nan,nan,nan,nan,nan,nan,nan,nan,nan,,nan,nan,,,nan,nan,nan,nan,nan,nan,nan,nan,nan,nan,nan,nan,nan,nan,nan,nan,nan,nan,nan,nan,nan,nan,nan,nan,,nan,nan,nan,,nan,,,,
nan,nan,nan,nan,nan,nan,nan,nan,nan,nan,nan,nan,nan,nan,nan,nan,nan,0.0,0.0,0.0,0.0,0.0,0.0,0.0,0.0,1.0,0.0,0.0,0.0,0.0,0.0,0.0,0.0,1.0,nan,nan,nan,,nan,nan,nan,nan,nan,nan,nan,,,,nan,nan,nan,nan,nan,nan,nan,nan,nan,nan,nan,nan,,nan,nan,,,nan,nan,nan,nan,nan,nan,nan,nan,nan,nan,nan,nan,nan,nan,nan,nan,nan,nan,nan,nan,nan,nan,nan,nan,,nan,nan,nan,,nan,,,,
nan,nan,nan,nan,nan,nan,nan,nan,nan,nan,nan,nan,nan,nan,nan,nan,nan,0.0,0.0,0.0,0.0,0.0,0.0,0.0,0.0,0.0,0.0,0.0,0.0,0.0,0.0,0.0,0.0,0.0,nan,nan,nan,,nan,nan,nan,nan,nan,nan,nan,,,,nan,nan,nan,nan,nan,nan,nan,nan,nan,nan,nan,nan,,nan,nan,,,nan,nan,nan,nan,nan,nan,nan,nan,nan,nan,nan,nan,nan,nan,nan,nan,nan,nan,nan,nan,nan,nan,nan,nan,,nan,nan,nan,,nan,,,,
nan,nan,nan,nan,nan,nan,nan,nan,nan,nan,nan,nan,nan,nan,nan,nan,nan,0.0,0.0,0.0,0.0,0.0,0.0,0.0,0.0,0.0,0.0,0.0,0.0,0.0,0.0,0.0,0.0,0.0,nan,nan,nan,,nan,nan,nan,nan,nan,nan,nan,,,,nan,nan,nan,nan,nan,nan,nan,nan,nan,nan,nan,nan,,nan,nan,,,nan,nan,nan,nan,nan,nan,nan,nan,nan,nan,nan,nan,nan,nan,nan,nan,nan,nan,nan,nan,nan,nan,nan,nan,,nan,nan,nan,,nan,,,,
nan,nan,nan,nan,nan,nan,nan,nan,nan,nan,nan,nan,nan,nan,nan,nan,nan,0.0,0.0,0.0,0.0,0.0,0.0,0.0,0.0,1.0,0.0,0.0,0.0,0.0,0.0,0.0,0.0,1.0,nan,nan,nan,,nan,nan,nan,nan,nan,nan,nan,,,,nan,nan,nan,nan,nan,nan,nan,nan,nan,nan,nan,nan,,nan,nan,,,nan,nan,nan,nan,nan,nan,nan,nan,nan,nan,nan,nan,nan,nan,nan,nan,nan,nan,nan,nan,nan,nan,nan,nan,,nan,nan,nan,,nan,,,,
nan,nan,nan,nan,nan,nan,nan,nan,nan,nan,nan,nan,nan,nan,nan,nan,nan,0.0,0.0,0.0,0.0,0.0,0.0,0.0,0.0,0.0,0.0,0.0,0.0,0.0,0.0,0.0,0.0,0.0,nan,nan,nan,,nan,nan,nan,nan,nan,nan,nan,,,,nan,nan,nan,nan,nan,nan,nan,nan,nan,nan,nan,nan,,nan,nan,,,nan,nan,nan,nan,nan,nan,nan,nan,nan,nan,nan,nan,nan,nan,nan,nan,nan,nan,nan,nan,nan,nan,nan,nan,,nan,nan,nan,,nan,,,,
nan,nan,nan,nan,nan,nan,nan,nan,nan,nan,nan,nan,nan,nan,nan,nan,nan,0.0,0.0,0.0,0.0,0.0,0.0,0.0,0.0,0.0,0.0,0.0,0.0,0.0,0.0,0.0,0.0,0.0,nan,nan,nan,,nan,nan,nan,nan,nan,nan,nan,,,,nan,nan,nan,nan,nan,nan,nan,nan,nan,nan,nan,nan,,nan,nan,,,nan,nan,nan,nan,nan,nan,nan,nan,nan,nan,nan,nan,nan,nan,nan,nan,nan,nan,nan,nan,nan,nan,nan,nan,,nan,nan,nan,,nan,,,,
nan,nan,nan,nan,nan,nan,nan,nan,nan,nan,nan,nan,nan,nan,nan,nan,nan,0.0,0.0,0.0,0.0,0.0,0.0,0.0,0.0,2.0,0.0,0.0,0.0,0.0,0.0,0.0,0.0,2.0,nan,nan,nan,,nan,nan,nan,nan,nan,nan,nan,,,,nan,nan,nan,nan,nan,nan,nan,nan,nan,nan,nan,nan,,nan,nan,,,nan,nan,nan,nan,nan,nan,nan,nan,nan,nan,nan,nan,nan,nan,nan,nan,nan,nan,nan,nan,nan,nan,nan,nan,,nan,nan,nan,,nan,,,,
nan,nan,nan,nan,nan,nan,nan,nan,nan,nan,nan,nan,nan,nan,nan,nan,nan,0.0,0.0,0.0,0.0,0.0,0.0,0.0,0.0,0.0,0.0,0.0,0.0,0.0,0.0,0.0,0.0,0.0,nan,nan,nan,,nan,nan,nan,nan,nan,nan,nan,,,,nan,nan,nan,nan,nan,nan,nan,nan,nan,nan,nan,nan,,nan,nan,,,nan,nan,nan,nan,nan,nan,nan,nan,nan,nan,nan,nan,nan,nan,nan,nan,nan,nan,nan,nan,nan,nan,nan,nan,,nan,nan,nan,,nan,,,,
nan,nan,nan,nan,nan,nan,nan,nan,nan,nan,nan,nan,nan,nan,nan,nan,nan,0.0,0.0,0.0,0.0,0.0,0.0,0.0,0.0,1.0,0.0,0.0,0.0,0.0,0.0,0.0,0.0,1.0,nan,nan,nan,,nan,nan,nan,nan,nan,nan,nan,,,,nan,nan,nan,nan,nan,nan,nan,nan,nan,nan,nan,nan,,nan,nan,,,nan,nan,nan,nan,nan,nan,nan,nan,nan,nan,nan,nan,nan,nan,nan,nan,nan,nan,nan,nan,nan,nan,nan,nan,,nan,nan,nan,,nan,,,,
nan,nan,nan,nan,nan,nan,nan,nan,nan,nan,nan,nan,nan,nan,nan,nan,nan,0.0,0.0,0.0,0.0,0.0,0.0,0.0,0.0,0.0,0.0,0.0,0.0,0.0,0.0,0.0,0.0,0.0,nan,nan,nan,,nan,nan,nan,nan,nan,nan,nan,,,,nan,nan,nan,nan,nan,nan,nan,nan,nan,nan,nan,nan,,nan,nan,,,nan,nan,nan,nan,nan,nan,nan,nan,nan,nan,nan,nan,nan,nan,nan,nan,nan,nan,nan,nan,nan,nan,nan,nan,,nan,nan,nan,,nan,,,,
nan,nan,nan,nan,nan,nan,nan,nan,nan,nan,nan,nan,nan,nan,nan,nan,nan,0.0,0.0,0.0,0.0,0.0,0.0,0.0,0.0,0.0,0.0,0.0,0.0,0.0,0.0,0.0,0.0,0.0,nan,nan,nan,,nan,nan,nan,nan,nan,nan,nan,,,,nan,nan,nan,nan,nan,nan,nan,nan,nan,nan,nan,nan,,nan,nan,,,nan,nan,nan,nan,nan,nan,nan,nan,nan,nan,nan,nan,nan,nan,nan,nan,nan,nan,nan,nan,nan,nan,nan,nan,,nan,nan,nan,,nan,,,,
nan,nan,nan,nan,nan,nan,nan,nan,nan,nan,nan,nan,nan,nan,nan,nan,nan,0.0,0.0,0.0,0.0,0.0,0.0,0.0,0.0,0.0,0.0,0.0,0.0,0.0,0.0,0.0,0.0,0.0,nan,nan,nan,,nan,nan,nan,nan,nan,nan,nan,,,,nan,nan,nan,nan,nan,nan,nan,nan,nan,nan,nan,nan,,nan,nan,,,nan,nan,nan,nan,nan,nan,nan,nan,nan,nan,nan,nan,nan,nan,nan,nan,nan,nan,nan,nan,nan,nan,nan,nan,,nan,nan,nan,,nan,,,,
nan,nan,nan,nan,nan,nan,nan,nan,nan,nan,nan,nan,nan,nan,nan,nan,nan,0.0,0.0,0.0,0.0,0.0,0.0,0.0,0.0,1.0,0.0,0.0,0.0,0.0,0.0,0.0,0.0,1.0,nan,nan,nan,,nan,nan,nan,nan,nan,nan,nan,,,,nan,nan,nan,nan,nan,nan,nan,nan,nan,nan,nan,nan,,nan,nan,,,nan,nan,nan,nan,nan,nan,nan,nan,nan,nan,nan,nan,nan,nan,nan,nan,nan,nan,nan,nan,nan,nan,nan,nan,,nan,nan,nan,,nan,,,,
nan,nan,nan,nan,nan,nan,nan,nan,nan,nan,nan,nan,nan,nan,nan,nan,nan,0.0,0.0,0.0,0.0,0.0,0.0,0.0,0.0,0.0,0.0,0.0,0.0,0.0,0.0,0.0,0.0,0.0,nan,nan,nan,,nan,nan,nan,nan,nan,nan,nan,,,,nan,nan,nan,nan,nan,nan,nan,nan,nan,nan,nan,nan,,nan,nan,,,nan,nan,nan,nan,nan,nan,nan,nan,nan,nan,nan,nan,nan,nan,nan,nan,nan,nan,nan,nan,nan,nan,nan,nan,,nan,nan,nan,,nan,,,,
nan,nan,nan,nan,nan,nan,nan,nan,nan,nan,nan,nan,nan,nan,nan,nan,nan,0.0,0.0,0.0,0.0,0.0,0.0,0.0,0.0,0.0,0.0,0.0,0.0,0.0,0.0,0.0,0.0,0.0,nan,nan,nan,,nan,nan,nan,nan,nan,nan,nan,,,,nan,nan,nan,nan,nan,nan,nan,nan,nan,nan,nan,nan,,nan,nan,,,nan,nan,nan,nan,nan,nan,nan,nan,nan,nan,nan,nan,nan,nan,nan,nan,nan,nan,nan,nan,nan,nan,nan,nan,,nan,nan,nan,,nan,,,,
nan,nan,nan,nan,nan,nan,nan,nan,nan,nan,nan,nan,nan,nan,nan,nan,nan,0.0,0.0,0.0,0.0,0.0,0.0,0.0,0.0,0.0,0.0,0.0,0.0,0.0,0.0,0.0,0.0,0.0,nan,nan,nan,,nan,nan,nan,nan,nan,nan,nan,,,,nan,nan,nan,nan,nan,nan,nan,nan,nan,nan,nan,nan,,nan,nan,,,nan,nan,nan,nan,nan,nan,nan,nan,nan,nan,nan,nan,nan,nan,nan,nan,nan,nan,nan,nan,nan,nan,nan,nan,,nan,nan,nan,,nan,,,,
nan,nan,nan,nan,nan,nan,nan,nan,nan,nan,nan,nan,nan,nan,nan,nan,nan,0.0,0.0,0.0,0.0,0.0,0.0,0.0,0.0,0.0,0.0,0.0,0.0,0.0,0.0,0.0,0.0,0.0,nan,nan,nan,,nan,nan,nan,nan,nan,nan,nan,,,,nan,nan,nan,nan,nan,nan,nan,nan,nan,nan,nan,nan,,nan,nan,,,nan,nan,nan,nan,nan,nan,nan,nan,nan,nan,nan,nan,nan,nan,nan,nan,nan,nan,nan,nan,nan,nan,nan,nan,,nan,nan,nan,,nan,,,,
nan,nan,nan,nan,nan,nan,nan,nan,nan,nan,nan,nan,nan,nan,nan,nan,nan,0.0,0.0,0.0,0.0,0.0,0.0,0.0,0.0,0.0,0.0,0.0,0.0,0.0,0.0,0.0,0.0,0.0,nan,nan,nan,,nan,nan,nan,nan,nan,nan,nan,,,,nan,nan,nan,nan,nan,nan,nan,nan,nan,nan,nan,nan,,nan,nan,,,nan,nan,nan,nan,nan,nan,nan,nan,nan,nan,nan,nan,nan,nan,nan,nan,nan,nan,nan,nan,nan,nan,nan,nan,,nan,nan,nan,,nan,,,,
nan,nan,nan,nan,nan,nan,nan,nan,nan,nan,nan,nan,nan,nan,nan,nan,nan,0.0,0.0,0.0,0.0,0.0,0.0,0.0,0.0,0.0,0.0,0.0,0.0,0.0,0.0,0.0,0.0,0.0,nan,nan,nan,,nan,nan,nan,nan,nan,nan,nan,,,,nan,nan,nan,nan,nan,nan,nan,nan,nan,nan,nan,nan,,nan,nan,,,nan,nan,nan,nan,nan,nan,nan,nan,nan,nan,nan,nan,nan,nan,nan,nan,nan,nan,nan,nan,nan,nan,nan,nan,,nan,nan,nan,,nan,,,,
nan,nan,nan,nan,nan,nan,nan,nan,nan,nan,nan,nan,nan,nan,nan,nan,nan,0.0,0.0,0.0,0.0,0.0,0.0,0.0,0.0,0.0,0.0,0.0,0.0,0.0,0.0,0.0,0.0,0.0,nan,nan,nan,,nan,nan,nan,nan,nan,nan,nan,,,,nan,nan,nan,nan,nan,nan,nan,nan,nan,nan,nan,nan,,nan,nan,,,nan,nan,nan,nan,nan,nan,nan,nan,nan,nan,nan,nan,nan,nan,nan,nan,nan,nan,nan,nan,nan,nan,nan,nan,,nan,nan,nan,,nan,,,,
nan,nan,nan,nan,nan,nan,nan,nan,nan,nan,nan,nan,nan,nan,nan,nan,nan,0.0,0.0,0.0,0.0,0.0,0.0,0.0,0.0,0.0,0.0,0.0,0.0,0.0,0.0,0.0,0.0,0.0,nan,nan,nan,,nan,nan,nan,nan,nan,nan,nan,,,,nan,nan,nan,nan,nan,nan,nan,nan,nan,nan,nan,nan,,nan,nan,,,nan,nan,nan,nan,nan,nan,nan,nan,nan,nan,nan,nan,nan,nan,nan,nan,nan,nan,nan,nan,nan,nan,nan,nan,,nan,nan,nan,,nan,,,,
nan,nan,nan,nan,nan,nan,nan,nan,nan,nan,nan,nan,nan,nan,nan,nan,nan,0.0,0.0,0.0,0.0,0.0,0.0,0.0,0.0,1.0,0.0,0.0,0.0,0.0,0.0,0.0,0.0,1.0,nan,nan,nan,,nan,nan,nan,nan,nan,nan,nan,,,,nan,nan,nan,nan,nan,nan,nan,nan,nan,nan,nan,nan,,nan,nan,,,nan,nan,nan,nan,nan,nan,nan,nan,nan,nan,nan,nan,nan,nan,nan,nan,nan,nan,nan,nan,nan,nan,nan,nan,,nan,nan,nan,,nan,,,,
nan,nan,nan,nan,nan,nan,nan,nan,nan,nan,nan,nan,nan,nan,nan,nan,nan,0.0,0.0,0.0,0.0,0.0,0.0,0.0,0.0,1.0,0.0,0.0,0.0,0.0,0.0,0.0,0.0,1.0,nan,nan,nan,,nan,nan,nan,nan,nan,nan,nan,,,,nan,nan,nan,nan,nan,nan,nan,nan,nan,nan,nan,nan,,nan,nan,,,nan,nan,nan,nan,nan,nan,nan,nan,nan,nan,nan,nan,nan,nan,nan,nan,nan,nan,nan,nan,nan,nan,nan,nan,,nan,nan,nan,,nan,,,,
nan,nan,nan,nan,nan,nan,nan,nan,nan,nan,nan,nan,nan,nan,nan,nan,nan,0.0,0.0,0.0,0.0,0.0,0.0,0.0,0.0,2.0,0.0,0.0,0.0,0.0,0.0,0.0,0.0,2.0,nan,nan,nan,,nan,nan,nan,nan,nan,nan,nan,,,,nan,nan,nan,nan,nan,nan,nan,nan,nan,nan,nan,nan,,nan,nan,,,nan,nan,nan,nan,nan,nan,nan,nan,nan,nan,nan,nan,nan,nan,nan,nan,nan,nan,nan,nan,nan,nan,nan,nan,,nan,nan,nan,,nan,,,,
nan,nan,nan,nan,nan,nan,nan,nan,nan,nan,nan,nan,nan,nan,nan,nan,nan,0.0,0.0,0.0,0.0,0.0,0.0,0.0,0.0,1.0,0.0,0.0,0.0,0.0,0.0,0.0,0.0,1.0,nan,nan,nan,,nan,nan,nan,nan,nan,nan,nan,,,,nan,nan,nan,nan,nan,nan,nan,nan,nan,nan,nan,nan,,nan,nan,,,nan,nan,nan,nan,nan,nan,nan,nan,nan,nan,nan,nan,nan,nan,nan,nan,nan,nan,nan,nan,nan,nan,nan,nan,,nan,nan,nan,,nan,,,,
nan,nan,nan,nan,nan,nan,nan,nan,nan,nan,nan,nan,nan,nan,nan,nan,nan,0.0,0.0,0.0,0.0,0.0,0.0,0.0,0.0,0.0,0.0,0.0,0.0,0.0,0.0,0.0,0.0,0.0,nan,nan,nan,,nan,nan,nan,nan,nan,nan,nan,,,,nan,nan,nan,nan,nan,nan,nan,nan,nan,nan,nan,nan,,nan,nan,,,nan,nan,nan,nan,nan,nan,nan,nan,nan,nan,nan,nan,nan,nan,nan,nan,nan,nan,nan,nan,nan,nan,nan,nan,,nan,nan,nan,,nan,,,,
nan,nan,nan,nan,nan,nan,nan,nan,nan,nan,nan,nan,nan,nan,nan,nan,nan,0.0,0.0,0.0,0.0,0.0,0.0,0.0,0.0,0.0,0.0,0.0,0.0,0.0,0.0,0.0,0.0,0.0,nan,nan,nan,,nan,nan,nan,nan,nan,nan,nan,,,,nan,nan,nan,nan,nan,nan,nan,nan,nan,nan,nan,nan,,nan,nan,,,nan,nan,nan,nan,nan,nan,nan,nan,nan,nan,nan,nan,nan,nan,nan,nan,nan,nan,nan,nan,nan,nan,nan,nan,,nan,nan,nan,,nan,,,,
nan,nan,nan,nan,nan,nan,nan,nan,nan,nan,nan,nan,nan,nan,nan,nan,nan,0.0,0.0,0.0,0.0,0.0,0.0,0.0,0.0,0.0,0.0,0.0,0.0,0.0,0.0,0.0,0.0,0.0,nan,nan,nan,,nan,nan,nan,nan,nan,nan,nan,,,,nan,nan,nan,nan,nan,nan,nan,nan,nan,nan,nan,nan,,nan,nan,,,nan,nan,nan,nan,nan,nan,nan,nan,nan,nan,nan,nan,nan,nan,nan,nan,nan,nan,nan,nan,nan,nan,nan,nan,,nan,nan,nan,,nan,,,,
nan,nan,nan,nan,nan,nan,nan,nan,nan,nan,nan,nan,nan,nan,nan,nan,nan,0.0,0.0,0.0,0.0,0.0,0.0,0.0,0.0,0.0,0.0,0.0,0.0,0.0,0.0,0.0,0.0,0.0,nan,nan,nan,,nan,nan,nan,nan,nan,nan,nan,,,,nan,nan,nan,nan,nan,nan,nan,nan,nan,nan,nan,nan,,nan,nan,,,nan,nan,nan,nan,nan,nan,nan,nan,nan,nan,nan,nan,nan,nan,nan,nan,nan,nan,nan,nan,nan,nan,nan,nan,,nan,nan,nan,,nan,,,,
nan,nan,nan,nan,nan,nan,nan,nan,nan,nan,nan,nan,nan,nan,nan,nan,nan,0.0,0.0,0.0,0.0,0.0,0.0,0.0,0.0,1.0,0.0,0.0,0.0,0.0,0.0,0.0,0.0,1.0,nan,nan,nan,,nan,nan,nan,nan,nan,nan,nan,,,,nan,nan,nan,nan,nan,nan,nan,nan,nan,nan,nan,nan,,nan,nan,,,nan,nan,nan,nan,nan,nan,nan,nan,nan,nan,nan,nan,nan,nan,nan,nan,nan,nan,nan,nan,nan,nan,nan,nan,,nan,nan,nan,,nan,,,,
nan,nan,nan,nan,nan,nan,nan,nan,nan,nan,nan,nan,nan,nan,nan,nan,nan,0.0,0.0,0.0,0.0,0.0,0.0,0.0,0.0,1.0,0.0,0.0,0.0,0.0,0.0,0.0,0.0,1.0,nan,nan,nan,,nan,nan,nan,nan,nan,nan,nan,,,,nan,nan,nan,nan,nan,nan,nan,nan,nan,nan,nan,nan,,nan,nan,,,nan,nan,nan,nan,nan,nan,nan,nan,nan,nan,nan,nan,nan,nan,nan,nan,nan,nan,nan,nan,nan,nan,nan,nan,,nan,nan,nan,,nan,,,,
nan,nan,nan,nan,nan,nan,nan,nan,nan,nan,nan,nan,nan,nan,nan,nan,nan,0.0,0.0,0.0,0.0,0.0,0.0,0.0,0.0,0.0,0.0,0.0,0.0,0.0,0.0,0.0,0.0,0.0,nan,nan,nan,,nan,nan,nan,nan,nan,nan,nan,,,,nan,nan,nan,nan,nan,nan,nan,nan,nan,nan,nan,nan,,nan,nan,,,nan,nan,nan,nan,nan,nan,nan,nan,nan,nan,nan,nan,nan,nan,nan,nan,nan,nan,nan,nan,nan,nan,nan,nan,,nan,nan,nan,,nan,,,,
nan,nan,nan,nan,nan,nan,nan,nan,nan,nan,nan,nan,nan,nan,nan,nan,nan,0.0,0.0,0.0,0.0,0.0,0.0,0.0,0.0,0.0,0.0,0.0,0.0,0.0,0.0,0.0,0.0,0.0,nan,nan,nan,,nan,nan,nan,nan,nan,nan,nan,,,,nan,nan,nan,nan,nan,nan,nan,nan,nan,nan,nan,nan,,nan,nan,,,nan,nan,nan,nan,nan,nan,nan,nan,nan,nan,nan,nan,nan,nan,nan,nan,nan,nan,nan,nan,nan,nan,nan,nan,,nan,nan,nan,,nan,,,,
nan,nan,nan,nan,nan,nan,nan,nan,nan,nan,nan,nan,nan,nan,nan,nan,nan,0.0,0.0,0.0,0.0,0.0,0.0,0.0,0.0,2.0,0.0,0.0,0.0,0.0,0.0,0.0,0.0,2.0,nan,nan,nan,,nan,nan,nan,nan,nan,nan,nan,,,,nan,nan,nan,nan,nan,nan,nan,nan,nan,nan,nan,nan,,nan,nan,,,nan,nan,nan,nan,nan,nan,nan,nan,nan,nan,nan,nan,nan,nan,nan,nan,nan,nan,nan,nan,nan,nan,nan,nan,,nan,nan,nan,,nan,,,,
nan,nan,nan,nan,nan,nan,nan,nan,nan,nan,nan,nan,nan,nan,nan,nan,nan,0.0,0.0,0.0,0.0,0.0,0.0,0.0,0.0,1.0,0.0,0.0,0.0,0.0,0.0,0.0,0.0,1.0,nan,nan,nan,,nan,nan,nan,nan,nan,nan,nan,,,,nan,nan,nan,nan,nan,nan,nan,nan,nan,nan,nan,nan,,nan,nan,,,nan,nan,nan,nan,nan,nan,nan,nan,nan,nan,nan,nan,nan,nan,nan,nan,nan,nan,nan,nan,nan,nan,nan,nan,,nan,nan,nan,,nan,,,,
nan,nan,nan,nan,nan,nan,nan,nan,nan,nan,nan,nan,nan,nan,nan,nan,nan,0.0,0.0,0.0,0.0,0.0,0.0,0.0,0.0,1.0,0.0,0.0,0.0,0.0,0.0,0.0,0.0,1.0,nan,nan,nan,,nan,nan,nan,nan,nan,nan,nan,,,,nan,nan,nan,nan,nan,nan,nan,nan,nan,nan,nan,nan,,nan,nan,,,nan,nan,nan,nan,nan,nan,nan,nan,nan,nan,nan,nan,nan,nan,nan,nan,nan,nan,nan,nan,nan,nan,nan,nan,,nan,nan,nan,,nan,,,,
nan,nan,nan,nan,nan,nan,nan,nan,nan,nan,nan,nan,nan,nan,nan,nan,nan,0.0,0.0,0.0,0.0,0.0,0.0,0.0,0.0,0.0,0.0,0.0,0.0,0.0,0.0,0.0,0.0,0.0,nan,nan,nan,,nan,nan,nan,nan,nan,nan,nan,,,,nan,nan,nan,nan,nan,nan,nan,nan,nan,nan,nan,nan,,nan,nan,,,nan,nan,nan,nan,nan,nan,nan,nan,nan,nan,nan,nan,nan,nan,nan,nan,nan,nan,nan,nan,nan,nan,nan,nan,,nan,nan,nan,,nan,,,,
nan,nan,nan,nan,nan,nan,nan,nan,nan,nan,nan,nan,nan,nan,nan,nan,nan,0.0,0.0,0.0,0.0,0.0,0.0,0.0,0.0,0.0,0.0,0.0,0.0,0.0,0.0,0.0,0.0,0.0,nan,nan,nan,,nan,nan,nan,nan,nan,nan,nan,,,,nan,nan,nan,nan,nan,nan,nan,nan,nan,nan,nan,nan,,nan,nan,,,nan,nan,nan,nan,nan,nan,nan,nan,nan,nan,nan,nan,nan,nan,nan,nan,nan,nan,nan,nan,nan,nan,nan,nan,,nan,nan,nan,,nan,,,,
nan,nan,nan,nan,nan,nan,nan,nan,nan,nan,nan,nan,nan,nan,nan,nan,nan,0.0,0.0,0.0,0.0,0.0,0.0,0.0,0.0,0.0,0.0,0.0,0.0,0.0,0.0,0.0,0.0,0.0,nan,nan,nan,,nan,nan,nan,nan,nan,nan,nan,,,,nan,nan,nan,nan,nan,nan,nan,nan,nan,nan,nan,nan,,nan,nan,,,nan,nan,nan,nan,nan,nan,nan,nan,nan,nan,nan,nan,nan,nan,nan,nan,nan,nan,nan,nan,nan,nan,nan,nan,,nan,nan,nan,,nan,,,,
nan,nan,nan,nan,nan,nan,nan,nan,nan,nan,nan,nan,nan,nan,nan,nan,nan,0.0,0.0,0.0,0.0,0.0,0.0,0.0,0.0,1.0,0.0,0.0,0.0,0.0,0.0,0.0,0.0,1.0,nan,nan,nan,,nan,nan,nan,nan,nan,nan,nan,,,,nan,nan,nan,nan,nan,nan,nan,nan,nan,nan,nan,nan,,nan,nan,,,nan,nan,nan,nan,nan,nan,nan,nan,nan,nan,nan,nan,nan,nan,nan,nan,nan,nan,nan,nan,nan,nan,nan,nan,,nan,nan,nan,,nan,,,,
nan,nan,nan,nan,nan,nan,nan,nan,nan,nan,nan,nan,nan,nan,nan,nan,nan,0.0,0.0,0.0,0.0,0.0,0.0,0.0,0.0,0.0,0.0,0.0,0.0,0.0,0.0,0.0,0.0,0.0,nan,nan,nan,,nan,nan,nan,nan,nan,nan,nan,,,,nan,nan,nan,nan,nan,nan,nan,nan,nan,nan,nan,nan,,nan,nan,,,nan,nan,nan,nan,nan,nan,nan,nan,nan,nan,nan,nan,nan,nan,nan,nan,nan,nan,nan,nan,nan,nan,nan,nan,,nan,nan,nan,,nan,,,,
nan,nan,nan,nan,nan,nan,nan,nan,nan,nan,nan,nan,nan,nan,nan,nan,nan,0.0,0.0,0.0,0.0,0.0,0.0,0.0,0.0,0.0,0.0,0.0,0.0,0.0,0.0,0.0,0.0,0.0,nan,nan,nan,,nan,nan,nan,nan,nan,nan,nan,,,,nan,nan,nan,nan,nan,nan,nan,nan,nan,nan,nan,nan,,nan,nan,,,nan,nan,nan,nan,nan,nan,nan,nan,nan,nan,nan,nan,nan,nan,nan,nan,nan,nan,nan,nan,nan,nan,nan,nan,,nan,nan,nan,,nan,,,,
nan,nan,nan,nan,nan,nan,nan,nan,nan,nan,nan,nan,nan,nan,nan,nan,nan,0.0,0.0,0.0,0.0,0.0,0.0,0.0,0.0,0.0,0.0,0.0,0.0,0.0,0.0,0.0,0.0,0.0,nan,nan,nan,,nan,nan,nan,nan,nan,nan,nan,,,,nan,nan,nan,nan,nan,nan,nan,nan,nan,nan,nan,nan,,nan,nan,,,nan,nan,nan,nan,nan,nan,nan,nan,nan,nan,nan,nan,nan,nan,nan,nan,nan,nan,nan,nan,nan,nan,nan,nan,,nan,nan,nan,,nan,,,,
nan,nan,nan,nan,nan,nan,nan,nan,nan,nan,nan,nan,nan,nan,nan,nan,nan,0.0,0.0,0.0,0.0,0.0,0.0,0.0,0.0,0.0,0.0,0.0,0.0,0.0,0.0,0.0,0.0,0.0,nan,nan,nan,,nan,nan,nan,nan,nan,nan,nan,,,,nan,nan,nan,nan,nan,nan,nan,nan,nan,nan,nan,nan,,nan,nan,,,nan,nan,nan,nan,nan,nan,nan,nan,nan,nan,nan,nan,nan,nan,nan,nan,nan,nan,nan,nan,nan,nan,nan,nan,,nan,nan,nan,,nan,,,,
nan,nan,nan,nan,nan,nan,nan,nan,nan,nan,nan,nan,nan,nan,nan,nan,nan,0.0,0.0,0.0,0.0,0.0,0.0,0.0,0.0,0.0,0.0,0.0,0.0,0.0,0.0,0.0,0.0,0.0,nan,nan,nan,,nan,nan,nan,nan,nan,nan,nan,,,,nan,nan,nan,nan,nan,nan,nan,nan,nan,nan,nan,nan,,nan,nan,,,nan,nan,nan,nan,nan,nan,nan,nan,nan,nan,nan,nan,nan,nan,nan,nan,nan,nan,nan,nan,nan,nan,nan,nan,,nan,nan,nan,,nan,,,,
nan,nan,nan,nan,nan,nan,nan,nan,nan,nan,nan,nan,nan,nan,nan,nan,nan,0.0,0.0,0.0,0.0,0.0,0.0,0.0,0.0,0.0,0.0,0.0,0.0,0.0,0.0,0.0,0.0,0.0,nan,nan,nan,,nan,nan,nan,nan,nan,nan,nan,,,,nan,nan,nan,nan,nan,nan,nan,nan,nan,nan,nan,nan,,nan,nan,,,nan,nan,nan,nan,nan,nan,nan,nan,nan,nan,nan,nan,nan,nan,nan,nan,nan,nan,nan,nan,nan,nan,nan,nan,,nan,nan,nan,,nan,,,,
nan,nan,nan,nan,nan,nan,nan,nan,nan,nan,nan,nan,nan,nan,nan,nan,nan,0.0,0.0,0.0,0.0,0.0,0.0,0.0,0.0,0.0,0.0,0.0,0.0,0.0,0.0,0.0,0.0,0.0,nan,nan,nan,,nan,nan,nan,nan,nan,nan,nan,,,,nan,nan,nan,nan,nan,nan,nan,nan,nan,nan,nan,nan,,nan,nan,,,nan,nan,nan,nan,nan,nan,nan,nan,nan,nan,nan,nan,nan,nan,nan,nan,nan,nan,nan,nan,nan,nan,nan,nan,,nan,nan,nan,,nan,,,,
nan,nan,nan,nan,nan,nan,nan,nan,nan,nan,nan,nan,nan,nan,nan,nan,nan,0.0,0.0,0.0,0.0,0.0,0.0,0.0,0.0,0.0,0.0,0.0,0.0,0.0,0.0,0.0,0.0,0.0,nan,nan,nan,,nan,nan,nan,nan,nan,nan,nan,,,,nan,nan,nan,nan,nan,nan,nan,nan,nan,nan,nan,nan,,nan,nan,,,nan,nan,nan,nan,nan,nan,nan,nan,nan,nan,nan,nan,nan,nan,nan,nan,nan,nan,nan,nan,nan,nan,nan,nan,,nan,nan,nan,,nan,,,,
nan,nan,nan,nan,nan,nan,nan,nan,nan,nan,nan,nan,nan,nan,nan,nan,nan,0.0,0.0,0.0,0.0,0.0,0.0,0.0,0.0,0.0,0.0,0.0,0.0,0.0,0.0,0.0,0.0,0.0,nan,nan,nan,,nan,nan,nan,nan,nan,nan,nan,,,,nan,nan,nan,nan,nan,nan,nan,nan,nan,nan,nan,nan,,nan,nan,,,nan,nan,nan,nan,nan,nan,nan,nan,nan,nan,nan,nan,nan,nan,nan,nan,nan,nan,nan,nan,nan,nan,nan,nan,,nan,nan,nan,,nan,,,,
nan,nan,nan,nan,nan,nan,nan,nan,nan,nan,nan,nan,nan,nan,nan,nan,nan,0.0,0.0,0.0,0.0,0.0,0.0,0.0,0.0,1.0,0.0,0.0,0.0,0.0,0.0,0.0,0.0,1.0,nan,nan,nan,,nan,nan,nan,nan,nan,nan,nan,,,,nan,nan,nan,nan,nan,nan,nan,nan,nan,nan,nan,nan,,nan,nan,,,nan,nan,nan,nan,nan,nan,nan,nan,nan,nan,nan,nan,nan,nan,nan,nan,nan,nan,nan,nan,nan,nan,nan,nan,,nan,nan,nan,,nan,,,,
nan,nan,nan,nan,nan,nan,nan,nan,nan,nan,nan,nan,nan,nan,nan,nan,nan,0.0,0.0,0.0,0.0,0.0,0.0,0.0,0.0,1.0,0.0,0.0,0.0,0.0,0.0,0.0,0.0,1.0,nan,nan,nan,,nan,nan,nan,nan,nan,nan,nan,,,,nan,nan,nan,nan,nan,nan,nan,nan,nan,nan,nan,nan,,nan,nan,,,nan,nan,nan,nan,nan,nan,nan,nan,nan,nan,nan,nan,nan,nan,nan,nan,nan,nan,nan,nan,nan,nan,nan,nan,,nan,nan,nan,,nan,,,,
nan,nan,nan,nan,nan,nan,nan,nan,nan,nan,nan,nan,nan,nan,nan,nan,nan,0.0,0.0,0.0,0.0,0.0,0.0,0.0,0.0,0.0,0.0,0.0,0.0,0.0,0.0,0.0,0.0,0.0,nan,nan,nan,,nan,nan,nan,nan,nan,nan,nan,,,,nan,nan,nan,nan,nan,nan,nan,nan,nan,nan,nan,nan,,nan,nan,,,nan,nan,nan,nan,nan,nan,nan,nan,nan,nan,nan,nan,nan,nan,nan,nan,nan,nan,nan,nan,nan,nan,nan,nan,,nan,nan,nan,,nan,,,,
nan,nan,nan,nan,nan,nan,nan,nan,nan,nan,nan,nan,nan,nan,nan,nan,nan,0.0,0.0,0.0,0.0,0.0,0.0,0.0,0.0,0.0,0.0,0.0,0.0,0.0,0.0,0.0,0.0,0.0,nan,nan,nan,,nan,nan,nan,nan,nan,nan,nan,,,,nan,nan,nan,nan,nan,nan,nan,nan,nan,nan,nan,nan,,nan,nan,,,nan,nan,nan,nan,nan,nan,nan,nan,nan,nan,nan,nan,nan,nan,nan,nan,nan,nan,nan,nan,nan,nan,nan,nan,,nan,nan,nan,,nan,,,,
nan,nan,nan,nan,nan,nan,nan,nan,nan,nan,nan,nan,nan,nan,nan,nan,nan,0.0,0.0,0.0,0.0,0.0,0.0,0.0,0.0,0.0,0.0,0.0,0.0,0.0,0.0,0.0,0.0,0.0,nan,nan,nan,,nan,nan,nan,nan,nan,nan,nan,,,,nan,nan,nan,nan,nan,nan,nan,nan,nan,nan,nan,nan,,nan,nan,,,nan,nan,nan,nan,nan,nan,nan,nan,nan,nan,nan,nan,nan,nan,nan,nan,nan,nan,nan,nan,nan,nan,nan,nan,,nan,nan,nan,,nan,,,,
nan,nan,nan,nan,nan,nan,nan,nan,nan,nan,nan,nan,nan,nan,nan,nan,nan,0.0,0.0,0.0,0.0,0.0,0.0,0.0,0.0,0.0,0.0,0.0,0.0,0.0,0.0,0.0,0.0,0.0,nan,nan,nan,,nan,nan,nan,nan,nan,nan,nan,,,,nan,nan,nan,nan,nan,nan,nan,nan,nan,nan,nan,nan,,nan,nan,,,nan,nan,nan,nan,nan,nan,nan,nan,nan,nan,nan,nan,nan,nan,nan,nan,nan,nan,nan,nan,nan,nan,nan,nan,,nan,nan,nan,,nan,,,,
nan,nan,nan,nan,nan,nan,nan,nan,nan,nan,nan,nan,nan,nan,nan,nan,nan,0.0,0.0,0.0,0.0,0.0,0.0,0.0,0.0,0.0,0.0,0.0,0.0,0.0,0.0,0.0,0.0,0.0,nan,nan,nan,,nan,nan,nan,nan,nan,nan,nan,,,,nan,nan,nan,nan,nan,nan,nan,nan,nan,nan,nan,nan,,nan,nan,,,nan,nan,nan,nan,nan,nan,nan,nan,nan,nan,nan,nan,nan,nan,nan,nan,nan,nan,nan,nan,nan,nan,nan,nan,,nan,nan,nan,,nan,,,,
nan,nan,nan,nan,nan,nan,nan,nan,nan,nan,nan,nan,nan,nan,nan,nan,nan,0.0,0.0,0.0,0.0,0.0,0.0,0.0,0.0,0.0,0.0,0.0,0.0,0.0,0.0,0.0,0.0,0.0,nan,nan,nan,,nan,nan,nan,nan,nan,nan,nan,,,,nan,nan,nan,nan,nan,nan,nan,nan,nan,nan,nan,nan,,nan,nan,,,nan,nan,nan,nan,nan,nan,nan,nan,nan,nan,nan,nan,nan,nan,nan,nan,nan,nan,nan,nan,nan,nan,nan,nan,,nan,nan,nan,,nan,,,,
nan,nan,nan,nan,nan,nan,nan,nan,nan,nan,nan,nan,nan,nan,nan,nan,nan,0.0,0.0,0.0,0.0,0.0,0.0,0.0,0.0,0.0,0.0,0.0,0.0,0.0,0.0,0.0,0.0,0.0,nan,nan,nan,,nan,nan,nan,nan,nan,nan,nan,,,,nan,nan,nan,nan,nan,nan,nan,nan,nan,nan,nan,nan,,nan,nan,,,nan,nan,nan,nan,nan,nan,nan,nan,nan,nan,nan,nan,nan,nan,nan,nan,nan,nan,nan,nan,nan,nan,nan,nan,,nan,nan,nan,,nan,,,,
nan,nan,nan,nan,nan,nan,nan,nan,nan,nan,nan,nan,nan,nan,nan,nan,nan,0.0,0.0,0.0,0.0,0.0,0.0,0.0,0.0,0.0,0.0,0.0,0.0,0.0,0.0,0.0,0.0,0.0,nan,nan,nan,,nan,nan,nan,nan,nan,nan,nan,,,,nan,nan,nan,nan,nan,nan,nan,nan,nan,nan,nan,nan,,nan,nan,,,nan,nan,nan,nan,nan,nan,nan,nan,nan,nan,nan,nan,nan,nan,nan,nan,nan,nan,nan,nan,nan,nan,nan,nan,,nan,nan,nan,,nan,,,,
nan,nan,nan,nan,nan,nan,nan,nan,nan,nan,nan,nan,nan,nan,nan,nan,nan,0.0,0.0,0.0,0.0,0.0,0.0,0.0,0.0,0.0,0.0,0.0,0.0,0.0,0.0,0.0,0.0,0.0,nan,nan,nan,,nan,nan,nan,nan,nan,nan,nan,,,,nan,nan,nan,nan,nan,nan,nan,nan,nan,nan,nan,nan,,nan,nan,,,nan,nan,nan,nan,nan,nan,nan,nan,nan,nan,nan,nan,nan,nan,nan,nan,nan,nan,nan,nan,nan,nan,nan,nan,,nan,nan,nan,,nan,,,,
nan,nan,nan,nan,nan,nan,nan,nan,nan,nan,nan,nan,nan,nan,nan,nan,nan,0.0,0.0,0.0,0.0,0.0,0.0,0.0,0.0,1.0,0.0,0.0,0.0,0.0,0.0,0.0,0.0,1.0,nan,nan,nan,,nan,nan,nan,nan,nan,nan,nan,,,,nan,nan,nan,nan,nan,nan,nan,nan,nan,nan,nan,nan,,nan,nan,,,nan,nan,nan,nan,nan,nan,nan,nan,nan,nan,nan,nan,nan,nan,nan,nan,nan,nan,nan,nan,nan,nan,nan,nan,,nan,nan,nan,,nan,,,,
nan,nan,nan,nan,nan,nan,nan,nan,nan,nan,nan,nan,nan,nan,nan,nan,nan,0.0,0.0,0.0,0.0,0.0,0.0,0.0,0.0,3.0,0.0,0.0,0.0,0.0,0.0,0.0,0.0,3.0,nan,nan,nan,,nan,nan,nan,nan,nan,nan,nan,,,,nan,nan,nan,nan,nan,nan,nan,nan,nan,nan,nan,nan,,nan,nan,,,nan,nan,nan,nan,nan,nan,nan,nan,nan,nan,nan,nan,nan,nan,nan,nan,nan,nan,nan,nan,nan,nan,nan,nan,,nan,nan,nan,,nan,,,,
nan,nan,nan,nan,nan,nan,nan,nan,nan,nan,nan,nan,nan,nan,nan,nan,nan,0.0,0.0,0.0,0.0,0.0,0.0,0.0,0.0,0.0,0.0,0.0,0.0,0.0,0.0,0.0,0.0,0.0,nan,nan,nan,,nan,nan,nan,nan,nan,nan,nan,,,,nan,nan,nan,nan,nan,nan,nan,nan,nan,nan,nan,nan,,nan,nan,,,nan,nan,nan,nan,nan,nan,nan,nan,nan,nan,nan,nan,nan,nan,nan,nan,nan,nan,nan,nan,nan,nan,nan,nan,,nan,nan,nan,,nan,,,,
nan,nan,nan,nan,nan,nan,nan,nan,nan,nan,nan,nan,nan,nan,nan,nan,nan,0.0,0.0,0.0,0.0,0.0,0.0,0.0,0.0,0.0,0.0,0.0,0.0,0.0,0.0,0.0,0.0,0.0,nan,nan,nan,,nan,nan,nan,nan,nan,nan,nan,,,,nan,nan,nan,nan,nan,nan,nan,nan,nan,nan,nan,nan,,nan,nan,,,nan,nan,nan,nan,nan,nan,nan,nan,nan,nan,nan,nan,nan,nan,nan,nan,nan,nan,nan,nan,nan,nan,nan,nan,,nan,nan,nan,,nan,,,,
nan,nan,nan,nan,nan,nan,nan,nan,nan,nan,nan,nan,nan,nan,nan,nan,nan,0.0,0.0,0.0,0.0,0.0,0.0,0.0,0.0,1.0,0.0,0.0,0.0,0.0,0.0,0.0,0.0,1.0,nan,nan,nan,,nan,nan,nan,nan,nan,nan,nan,,,,nan,nan,nan,nan,nan,nan,nan,nan,nan,nan,nan,nan,,nan,nan,,,nan,nan,nan,nan,nan,nan,nan,nan,nan,nan,nan,nan,nan,nan,nan,nan,nan,nan,nan,nan,nan,nan,nan,nan,,nan,nan,nan,,nan,,,,
nan,nan,nan,nan,nan,nan,nan,nan,nan,nan,nan,nan,nan,nan,nan,nan,nan,0.0,0.0,0.0,0.0,0.0,0.0,0.0,0.0,0.0,0.0,0.0,0.0,0.0,0.0,0.0,0.0,0.0,nan,nan,nan,,nan,nan,nan,nan,nan,nan,nan,,,,nan,nan,nan,nan,nan,nan,nan,nan,nan,nan,nan,nan,,nan,nan,,,nan,nan,nan,nan,nan,nan,nan,nan,nan,nan,nan,nan,nan,nan,nan,nan,nan,nan,nan,nan,nan,nan,nan,nan,,nan,nan,nan,,nan,,,,
nan,nan,nan,nan,nan,nan,nan,nan,nan,nan,nan,nan,nan,nan,nan,nan,nan,0.0,0.0,0.0,0.0,0.0,0.0,0.0,0.0,1.0,0.0,0.0,0.0,0.0,0.0,0.0,0.0,1.0,nan,nan,nan,,nan,nan,nan,nan,nan,nan,nan,,,,nan,nan,nan,nan,nan,nan,nan,nan,nan,nan,nan,nan,,nan,nan,,,nan,nan,nan,nan,nan,nan,nan,nan,nan,nan,nan,nan,nan,nan,nan,nan,nan,nan,nan,nan,nan,nan,nan,nan,,nan,nan,nan,,nan,,,,
nan,nan,nan,nan,nan,nan,nan,nan,nan,nan,nan,nan,nan,nan,nan,nan,nan,0.0,0.0,0.0,0.0,0.0,0.0,0.0,0.0,0.0,0.0,0.0,0.0,0.0,0.0,0.0,0.0,0.0,nan,nan,nan,,nan,nan,nan,nan,nan,nan,nan,,,,nan,nan,nan,nan,nan,nan,nan,nan,nan,nan,nan,nan,,nan,nan,,,nan,nan,nan,nan,nan,nan,nan,nan,nan,nan,nan,nan,nan,nan,nan,nan,nan,nan,nan,nan,nan,nan,nan,nan,,nan,nan,nan,,nan,,,,
nan,nan,nan,nan,nan,nan,nan,nan,nan,nan,nan,nan,nan,nan,nan,nan,nan,0.0,0.0,0.0,0.0,0.0,0.0,0.0,0.0,0.0,0.0,0.0,0.0,0.0,0.0,0.0,0.0,0.0,nan,nan,nan,,nan,nan,nan,nan,nan,nan,nan,,,,nan,nan,nan,nan,nan,nan,nan,nan,nan,nan,nan,nan,,nan,nan,,,nan,nan,nan,nan,nan,nan,nan,nan,nan,nan,nan,nan,nan,nan,nan,nan,nan,nan,nan,nan,nan,nan,nan,nan,,nan,nan,nan,,nan,,,,
nan,nan,nan,nan,nan,nan,nan,nan,nan,nan,nan,nan,nan,nan,nan,nan,nan,0.0,0.0,0.0,0.0,0.0,0.0,0.0,0.0,0.0,0.0,0.0,0.0,0.0,0.0,0.0,0.0,0.0,nan,nan,nan,,nan,nan,nan,nan,nan,nan,nan,,,,nan,nan,nan,nan,nan,nan,nan,nan,nan,nan,nan,nan,,nan,nan,,,nan,nan,nan,nan,nan,nan,nan,nan,nan,nan,nan,nan,nan,nan,nan,nan,nan,nan,nan,nan,nan,nan,nan,nan,,nan,nan,nan,,nan,,,,
nan,nan,nan,nan,nan,nan,nan,nan,nan,nan,nan,nan,nan,nan,nan,nan,nan,0.0,0.0,0.0,0.0,0.0,0.0,0.0,0.0,0.0,0.0,0.0,0.0,0.0,0.0,0.0,0.0,0.0,nan,nan,nan,,nan,nan,nan,nan,nan,nan,nan,,,,nan,nan,nan,nan,nan,nan,nan,nan,nan,nan,nan,nan,,nan,nan,,,nan,nan,nan,nan,nan,nan,nan,nan,nan,nan,nan,nan,nan,nan,nan,nan,nan,nan,nan,nan,nan,nan,nan,nan,,nan,nan,nan,,nan,,,,
nan,nan,nan,nan,nan,nan,nan,nan,nan,nan,nan,nan,nan,nan,nan,nan,nan,0.0,0.0,0.0,0.0,0.0,0.0,0.0,0.0,0.0,0.0,0.0,0.0,0.0,0.0,0.0,0.0,0.0,nan,nan,nan,,nan,nan,nan,nan,nan,nan,nan,,,,nan,nan,nan,nan,nan,nan,nan,nan,nan,nan,nan,nan,,nan,nan,,,nan,nan,nan,nan,nan,nan,nan,nan,nan,nan,nan,nan,nan,nan,nan,nan,nan,nan,nan,nan,nan,nan,nan,nan,,nan,nan,nan,,nan,,,,
nan,nan,nan,nan,nan,nan,nan,nan,nan,nan,nan,nan,nan,nan,nan,nan,nan,0.0,0.0,0.0,0.0,0.0,0.0,0.0,0.0,0.0,0.0,0.0,0.0,0.0,0.0,0.0,0.0,0.0,nan,nan,nan,,nan,nan,nan,nan,nan,nan,nan,,,,nan,nan,nan,nan,nan,nan,nan,nan,nan,nan,nan,nan,,nan,nan,,,nan,nan,nan,nan,nan,nan,nan,nan,nan,nan,nan,nan,nan,nan,nan,nan,nan,nan,nan,nan,nan,nan,nan,nan,,nan,nan,nan,,nan,,,,
nan,nan,nan,nan,nan,nan,nan,nan,nan,nan,nan,nan,nan,nan,nan,nan,nan,0.0,0.0,0.0,0.0,0.0,0.0,0.0,0.0,1.0,0.0,0.0,0.0,0.0,0.0,0.0,0.0,1.0,nan,nan,nan,,nan,nan,nan,nan,nan,nan,nan,,,,nan,nan,nan,nan,nan,nan,nan,nan,nan,nan,nan,nan,,nan,nan,,,nan,nan,nan,nan,nan,nan,nan,nan,nan,nan,nan,nan,nan,nan,nan,nan,nan,nan,nan,nan,nan,nan,nan,nan,,nan,nan,nan,,nan,,,,
nan,nan,nan,nan,nan,nan,nan,nan,nan,nan,nan,nan,nan,nan,nan,nan,nan,0.0,0.0,0.0,0.0,0.0,0.0,0.0,0.0,1.0,0.0,0.0,0.0,0.0,0.0,0.0,0.0,1.0,nan,nan,nan,,nan,nan,nan,nan,nan,nan,nan,,,,nan,nan,nan,nan,nan,nan,nan,nan,nan,nan,nan,nan,,nan,nan,,,nan,nan,nan,nan,nan,nan,nan,nan,nan,nan,nan,nan,nan,nan,nan,nan,nan,nan,nan,nan,nan,nan,nan,nan,,nan,nan,nan,,nan,,,,
nan,nan,nan,nan,nan,nan,nan,nan,nan,nan,nan,nan,nan,nan,nan,nan,nan,0.0,0.0,0.0,0.0,0.0,0.0,0.0,0.0,0.0,0.0,0.0,0.0,0.0,0.0,0.0,0.0,0.0,nan,nan,nan,,nan,nan,nan,nan,nan,nan,nan,,,,nan,nan,nan,nan,nan,nan,nan,nan,nan,nan,nan,nan,,nan,nan,,,nan,nan,nan,nan,nan,nan,nan,nan,nan,nan,nan,nan,nan,nan,nan,nan,nan,nan,nan,nan,nan,nan,nan,nan,,nan,nan,nan,,nan,,,,
nan,nan,nan,nan,nan,nan,nan,nan,nan,nan,nan,nan,nan,nan,nan,nan,nan,0.0,0.0,0.0,0.0,0.0,0.0,0.0,0.0,0.0,0.0,0.0,0.0,0.0,0.0,0.0,0.0,0.0,nan,nan,nan,,nan,nan,nan,nan,nan,nan,nan,,,,nan,nan,nan,nan,nan,nan,nan,nan,nan,nan,nan,nan,,nan,nan,,,nan,nan,nan,nan,nan,nan,nan,nan,nan,nan,nan,nan,nan,nan,nan,nan,nan,nan,nan,nan,nan,nan,nan,nan,,nan,nan,nan,,nan,,,,
nan,nan,nan,nan,nan,nan,nan,nan,nan,nan,nan,nan,nan,nan,nan,nan,nan,0.0,0.0,0.0,0.0,0.0,0.0,0.0,0.0,0.0,0.0,0.0,0.0,0.0,0.0,0.0,0.0,0.0,nan,nan,nan,,nan,nan,nan,nan,nan,nan,nan,,,,nan,nan,nan,nan,nan,nan,nan,nan,nan,nan,nan,nan,,nan,nan,,,nan,nan,nan,nan,nan,nan,nan,nan,nan,nan,nan,nan,nan,nan,nan,nan,nan,nan,nan,nan,nan,nan,nan,nan,,nan,nan,nan,,nan,,,,
nan,nan,nan,nan,nan,nan,nan,nan,nan,nan,nan,nan,nan,nan,nan,nan,nan,0.0,0.0,0.0,0.0,0.0,0.0,0.0,0.0,0.0,0.0,0.0,0.0,0.0,0.0,0.0,0.0,0.0,nan,nan,nan,,nan,nan,nan,nan,nan,nan,nan,,,,nan,nan,nan,nan,nan,nan,nan,nan,nan,nan,nan,nan,,nan,nan,,,nan,nan,nan,nan,nan,nan,nan,nan,nan,nan,nan,nan,nan,nan,nan,nan,nan,nan,nan,nan,nan,nan,nan,nan,,nan,nan,nan,,nan,,,,
nan,nan,nan,nan,nan,nan,nan,nan,nan,nan,nan,nan,nan,nan,nan,nan,nan,0.0,0.0,0.0,0.0,0.0,0.0,0.0,0.0,0.0,0.0,0.0,0.0,0.0,0.0,0.0,0.0,0.0,nan,nan,nan,,nan,nan,nan,nan,nan,nan,nan,,,,nan,nan,nan,nan,nan,nan,nan,nan,nan,nan,nan,nan,,nan,nan,,,nan,nan,nan,nan,nan,nan,nan,nan,nan,nan,nan,nan,nan,nan,nan,nan,nan,nan,nan,nan,nan,nan,nan,nan,,nan,nan,nan,,nan,,,,
nan,nan,nan,nan,nan,nan,nan,nan,nan,nan,nan,nan,nan,nan,nan,nan,nan,0.0,0.0,0.0,0.0,0.0,0.0,0.0,0.0,0.0,0.0,0.0,0.0,0.0,0.0,0.0,0.0,0.0,nan,nan,nan,,nan,nan,nan,nan,nan,nan,nan,,,,nan,nan,nan,nan,nan,nan,nan,nan,nan,nan,nan,nan,,nan,nan,,,nan,nan,nan,nan,nan,nan,nan,nan,nan,nan,nan,nan,nan,nan,nan,nan,nan,nan,nan,nan,nan,nan,nan,nan,,nan,nan,nan,,nan,,,,
nan,nan,nan,nan,nan,nan,nan,nan,nan,nan,nan,nan,nan,nan,nan,nan,nan,0.0,0.0,0.0,0.0,0.0,0.0,0.0,0.0,0.0,0.0,0.0,0.0,0.0,0.0,0.0,0.0,0.0,nan,nan,nan,,nan,nan,nan,nan,nan,nan,nan,,,,nan,nan,nan,nan,nan,nan,nan,nan,nan,nan,nan,nan,,nan,nan,,,nan,nan,nan,nan,nan,nan,nan,nan,nan,nan,nan,nan,nan,nan,nan,nan,nan,nan,nan,nan,nan,nan,nan,nan,,nan,nan,nan,,nan,,,,
nan,nan,nan,nan,nan,nan,nan,nan,nan,nan,nan,nan,nan,nan,nan,nan,nan,0.0,0.0,0.0,0.0,0.0,0.0,0.0,0.0,0.0,0.0,0.0,0.0,0.0,0.0,0.0,0.0,0.0,nan,nan,nan,,nan,nan,nan,nan,nan,nan,nan,,,,nan,nan,nan,nan,nan,nan,nan,nan,nan,nan,nan,nan,,nan,nan,,,nan,nan,nan,nan,nan,nan,nan,nan,nan,nan,nan,nan,nan,nan,nan,nan,nan,nan,nan,nan,nan,nan,nan,nan,,nan,nan,nan,,nan,,,,
nan,nan,nan,nan,nan,nan,nan,nan,nan,nan,nan,nan,nan,nan,nan,nan,nan,0.0,0.0,0.0,0.0,0.0,0.0,0.0,0.0,0.0,0.0,0.0,0.0,0.0,0.0,0.0,0.0,0.0,nan,nan,nan,,nan,nan,nan,nan,nan,nan,nan,,,,nan,nan,nan,nan,nan,nan,nan,nan,nan,nan,nan,nan,,nan,nan,,,nan,nan,nan,nan,nan,nan,nan,nan,nan,nan,nan,nan,nan,nan,nan,nan,nan,nan,nan,nan,nan,nan,nan,nan,,nan,nan,nan,,nan,,,,
nan,nan,nan,nan,nan,nan,nan,nan,nan,nan,nan,nan,nan,nan,nan,nan,nan,0.0,0.0,0.0,0.0,0.0,0.0,0.0,0.0,1.0,0.0,0.0,0.0,0.0,0.0,0.0,0.0,1.0,nan,nan,nan,,nan,nan,nan,nan,nan,nan,nan,,,,nan,nan,nan,nan,nan,nan,nan,nan,nan,nan,nan,nan,,nan,nan,,,nan,nan,nan,nan,nan,nan,nan,nan,nan,nan,nan,nan,nan,nan,nan,nan,nan,nan,nan,nan,nan,nan,nan,nan,,nan,nan,nan,,nan,,,,
nan,nan,nan,nan,nan,nan,nan,nan,nan,nan,nan,nan,nan,nan,nan,nan,nan,0.0,0.0,0.0,0.0,0.0,0.0,0.0,0.0,0.0,0.0,0.0,0.0,0.0,0.0,0.0,0.0,0.0,nan,nan,nan,,nan,nan,nan,nan,nan,nan,nan,,,,nan,nan,nan,nan,nan,nan,nan,nan,nan,nan,nan,nan,,nan,nan,,,nan,nan,nan,nan,nan,nan,nan,nan,nan,nan,nan,nan,nan,nan,nan,nan,nan,nan,nan,nan,nan,nan,nan,nan,,nan,nan,nan,,nan,,,,
nan,nan,nan,nan,nan,nan,nan,nan,nan,nan,nan,nan,nan,nan,nan,nan,nan,0.0,0.0,0.0,0.0,0.0,0.0,0.0,0.0,1.0,0.0,0.0,0.0,0.0,0.0,0.0,0.0,1.0,nan,nan,nan,,nan,nan,nan,nan,nan,nan,nan,,,,nan,nan,nan,nan,nan,nan,nan,nan,nan,nan,nan,nan,,nan,nan,,,nan,nan,nan,nan,nan,nan,nan,nan,nan,nan,nan,nan,nan,nan,nan,nan,nan,nan,nan,nan,nan,nan,nan,nan,,nan,nan,nan,,nan,,,,
nan,nan,nan,nan,nan,nan,nan,nan,nan,nan,nan,nan,nan,nan,nan,nan,nan,0.0,0.0,0.0,0.0,0.0,0.0,0.0,0.0,1.0,0.0,0.0,0.0,0.0,0.0,0.0,0.0,1.0,nan,nan,nan,,nan,nan,nan,nan,nan,nan,nan,,,,nan,nan,nan,nan,nan,nan,nan,nan,nan,nan,nan,nan,,nan,nan,,,nan,nan,nan,nan,nan,nan,nan,nan,nan,nan,nan,nan,nan,nan,nan,nan,nan,nan,nan,nan,nan,nan,nan,nan,,nan,nan,nan,,nan,,,,
nan,nan,nan,nan,nan,nan,nan,nan,nan,nan,nan,nan,nan,nan,nan,nan,nan,0.0,0.0,0.0,0.0,0.0,0.0,0.0,0.0,0.0,0.0,0.0,0.0,0.0,0.0,0.0,0.0,0.0,nan,nan,nan,,nan,nan,nan,nan,nan,nan,nan,,,,nan,nan,nan,nan,nan,nan,nan,nan,nan,nan,nan,nan,,nan,nan,,,nan,nan,nan,nan,nan,nan,nan,nan,nan,nan,nan,nan,nan,nan,nan,nan,nan,nan,nan,nan,nan,nan,nan,nan,,nan,nan,nan,,nan,,,,
nan,nan,nan,nan,nan,nan,nan,nan,nan,nan,nan,nan,nan,nan,nan,nan,nan,0.0,0.0,0.0,0.0,0.0,0.0,0.0,0.0,0.0,0.0,0.0,0.0,0.0,0.0,0.0,0.0,0.0,nan,nan,nan,,nan,nan,nan,nan,nan,nan,nan,,,,nan,nan,nan,nan,nan,nan,nan,nan,nan,nan,nan,nan,,nan,nan,,,nan,nan,nan,nan,nan,nan,nan,nan,nan,nan,nan,nan,nan,nan,nan,nan,nan,nan,nan,nan,nan,nan,nan,nan,,nan,nan,nan,,nan,,,,
nan,nan,nan,nan,nan,nan,nan,nan,nan,nan,nan,nan,nan,nan,nan,nan,nan,0.0,0.0,0.0,0.0,0.0,0.0,0.0,0.0,1.0,0.0,0.0,0.0,0.0,0.0,0.0,0.0,1.0,nan,nan,nan,,nan,nan,nan,nan,nan,nan,nan,,,,nan,nan,nan,nan,nan,nan,nan,nan,nan,nan,nan,nan,,nan,nan,,,nan,nan,nan,nan,nan,nan,nan,nan,nan,nan,nan,nan,nan,nan,nan,nan,nan,nan,nan,nan,nan,nan,nan,nan,,nan,nan,nan,,nan,,,,
nan,nan,nan,nan,nan,nan,nan,nan,nan,nan,nan,nan,nan,nan,nan,nan,nan,0.0,0.0,0.0,0.0,0.0,0.0,0.0,0.0,0.0,0.0,0.0,0.0,0.0,0.0,0.0,0.0,0.0,nan,nan,nan,,nan,nan,nan,nan,nan,nan,nan,,,,nan,nan,nan,nan,nan,nan,nan,nan,nan,nan,nan,nan,,nan,nan,,,nan,nan,nan,nan,nan,nan,nan,nan,nan,nan,nan,nan,nan,nan,nan,nan,nan,nan,nan,nan,nan,nan,nan,nan,,nan,nan,nan,,nan,,,,
nan,nan,nan,nan,nan,nan,nan,nan,nan,nan,nan,nan,nan,nan,nan,nan,nan,0.0,0.0,0.0,0.0,0.0,0.0,0.0,0.0,0.0,0.0,0.0,0.0,0.0,0.0,0.0,0.0,0.0,nan,nan,nan,,nan,nan,nan,nan,nan,nan,nan,,,,nan,nan,nan,nan,nan,nan,nan,nan,nan,nan,nan,nan,,nan,nan,,,nan,nan,nan,nan,nan,nan,nan,nan,nan,nan,nan,nan,nan,nan,nan,nan,nan,nan,nan,nan,nan,nan,nan,nan,,nan,nan,nan,,nan,,,,
nan,nan,nan,nan,nan,nan,nan,nan,nan,nan,nan,nan,nan,nan,nan,nan,nan,0.0,0.0,0.0,0.0,0.0,0.0,0.0,0.0,0.0,0.0,0.0,0.0,0.0,0.0,0.0,0.0,0.0,nan,nan,nan,,nan,nan,nan,nan,nan,nan,nan,,,,nan,nan,nan,nan,nan,nan,nan,nan,nan,nan,nan,nan,,nan,nan,,,nan,nan,nan,nan,nan,nan,nan,nan,nan,nan,nan,nan,nan,nan,nan,nan,nan,nan,nan,nan,nan,nan,nan,nan,,nan,nan,nan,,nan,,,,
nan,nan,nan,nan,nan,nan,nan,nan,nan,nan,nan,nan,nan,nan,nan,nan,nan,0.0,0.0,0.0,0.0,0.0,0.0,0.0,0.0,1.0,0.0,0.0,0.0,0.0,0.0,0.0,0.0,1.0,nan,nan,nan,,nan,nan,nan,nan,nan,nan,nan,,,,nan,nan,nan,nan,nan,nan,nan,nan,nan,nan,nan,nan,,nan,nan,,,nan,nan,nan,nan,nan,nan,nan,nan,nan,nan,nan,nan,nan,nan,nan,nan,nan,nan,nan,nan,nan,nan,nan,nan,,nan,nan,nan,,nan,,,,
nan,nan,nan,nan,nan,nan,nan,nan,nan,nan,nan,nan,nan,nan,nan,nan,nan,0.0,0.0,0.0,0.0,0.0,0.0,0.0,0.0,0.0,0.0,0.0,0.0,0.0,0.0,0.0,0.0,0.0,nan,nan,nan,,nan,nan,nan,nan,nan,nan,nan,,,,nan,nan,nan,nan,nan,nan,nan,nan,nan,nan,nan,nan,,nan,nan,,,nan,nan,nan,nan,nan,nan,nan,nan,nan,nan,nan,nan,nan,nan,nan,nan,nan,nan,nan,nan,nan,nan,nan,nan,,nan,nan,nan,,nan,,,,
nan,nan,nan,nan,nan,nan,nan,nan,nan,nan,nan,nan,nan,nan,nan,nan,nan,0.0,0.0,0.0,0.0,0.0,0.0,0.0,0.0,0.0,0.0,0.0,0.0,0.0,0.0,0.0,0.0,0.0,nan,nan,nan,,nan,nan,nan,nan,nan,nan,nan,,,,nan,nan,nan,nan,nan,nan,nan,nan,nan,nan,nan,nan,,nan,nan,,,nan,nan,nan,nan,nan,nan,nan,nan,nan,nan,nan,nan,nan,nan,nan,nan,nan,nan,nan,nan,nan,nan,nan,nan,,nan,nan,nan,,nan,,,,
nan,nan,nan,nan,nan,nan,nan,nan,nan,nan,nan,nan,nan,nan,nan,nan,nan,0.0,0.0,0.0,0.0,0.0,0.0,0.0,0.0,0.0,0.0,0.0,0.0,0.0,0.0,0.0,0.0,0.0,nan,nan,nan,,nan,nan,nan,nan,nan,nan,nan,,,,nan,nan,nan,nan,nan,nan,nan,nan,nan,nan,nan,nan,,nan,nan,,,nan,nan,nan,nan,nan,nan,nan,nan,nan,nan,nan,nan,nan,nan,nan,nan,nan,nan,nan,nan,nan,nan,nan,nan,,nan,nan,nan,,nan,,,,
nan,nan,nan,nan,nan,nan,nan,nan,nan,nan,nan,nan,nan,nan,nan,nan,nan,0.0,0.0,0.0,0.0,0.0,0.0,0.0,0.0,0.0,0.0,0.0,0.0,0.0,0.0,0.0,0.0,0.0,nan,nan,nan,,nan,nan,nan,nan,nan,nan,nan,,,,nan,nan,nan,nan,nan,nan,nan,nan,nan,nan,nan,nan,,nan,nan,,,nan,nan,nan,nan,nan,nan,nan,nan,nan,nan,nan,nan,nan,nan,nan,nan,nan,nan,nan,nan,nan,nan,nan,nan,,nan,nan,nan,,nan,,,,
nan,nan,nan,nan,nan,nan,nan,nan,nan,nan,nan,nan,nan,nan,nan,nan,nan,0.0,0.0,0.0,0.0,0.0,0.0,0.0,0.0,0.0,0.0,0.0,0.0,0.0,0.0,0.0,0.0,0.0,nan,nan,nan,,nan,nan,nan,nan,nan,nan,nan,,,,nan,nan,nan,nan,nan,nan,nan,nan,nan,nan,nan,nan,,nan,nan,,,nan,nan,nan,nan,nan,nan,nan,nan,nan,nan,nan,nan,nan,nan,nan,nan,nan,nan,nan,nan,nan,nan,nan,nan,,nan,nan,nan,,nan,,,,
nan,nan,nan,nan,nan,nan,nan,nan,nan,nan,nan,nan,nan,nan,nan,nan,nan,0.0,0.0,0.0,0.0,0.0,0.0,0.0,0.0,0.0,0.0,0.0,0.0,0.0,0.0,0.0,0.0,0.0,nan,nan,nan,,nan,nan,nan,nan,nan,nan,nan,,,,nan,nan,nan,nan,nan,nan,nan,nan,nan,nan,nan,nan,,nan,nan,,,nan,nan,nan,nan,nan,nan,nan,nan,nan,nan,nan,nan,nan,nan,nan,nan,nan,nan,nan,nan,nan,nan,nan,nan,,nan,nan,nan,,nan,,,,
nan,nan,nan,nan,nan,nan,nan,nan,nan,nan,nan,nan,nan,nan,nan,nan,nan,0.0,0.0,0.0,0.0,0.0,0.0,0.0,0.0,1.0,0.0,0.0,0.0,0.0,0.0,0.0,0.0,1.0,nan,nan,nan,,nan,nan,nan,nan,nan,nan,nan,,,,nan,nan,nan,nan,nan,nan,nan,nan,nan,nan,nan,nan,,nan,nan,,,nan,nan,nan,nan,nan,nan,nan,nan,nan,nan,nan,nan,nan,nan,nan,nan,nan,nan,nan,nan,nan,nan,nan,nan,,nan,nan,nan,,nan,,,,
nan,nan,nan,nan,nan,nan,nan,nan,nan,nan,nan,nan,nan,nan,nan,nan,nan,0.0,0.0,0.0,0.0,0.0,0.0,0.0,0.0,1.0,0.0,0.0,0.0,0.0,0.0,0.0,0.0,1.0,nan,nan,nan,,nan,nan,nan,nan,nan,nan,nan,,,,nan,nan,nan,nan,nan,nan,nan,nan,nan,nan,nan,nan,,nan,nan,,,nan,nan,nan,nan,nan,nan,nan,nan,nan,nan,nan,nan,nan,nan,nan,nan,nan,nan,nan,nan,nan,nan,nan,nan,,nan,nan,nan,,nan,,,,
nan,nan,nan,nan,nan,nan,nan,nan,nan,nan,nan,nan,nan,nan,nan,nan,nan,0.0,0.0,0.0,0.0,0.0,0.0,0.0,0.0,0.0,0.0,0.0,0.0,0.0,0.0,0.0,0.0,0.0,nan,nan,nan,,nan,nan,nan,nan,nan,nan,nan,,,,nan,nan,nan,nan,nan,nan,nan,nan,nan,nan,nan,nan,,nan,nan,,,nan,nan,nan,nan,nan,nan,nan,nan,nan,nan,nan,nan,nan,nan,nan,nan,nan,nan,nan,nan,nan,nan,nan,nan,,nan,nan,nan,,nan,,,,
nan,nan,nan,nan,nan,nan,nan,nan,nan,nan,nan,nan,nan,nan,nan,nan,nan,0.0,0.0,0.0,0.0,0.0,0.0,0.0,0.0,0.0,0.0,0.0,0.0,0.0,0.0,0.0,0.0,0.0,nan,nan,nan,,nan,nan,nan,nan,nan,nan,nan,,,,nan,nan,nan,nan,nan,nan,nan,nan,nan,nan,nan,nan,,nan,nan,,,nan,nan,nan,nan,nan,nan,nan,nan,nan,nan,nan,nan,nan,nan,nan,nan,nan,nan,nan,nan,nan,nan,nan,nan,,nan,nan,nan,,nan,,,,
nan,nan,nan,nan,nan,nan,nan,nan,nan,nan,nan,nan,nan,nan,nan,nan,nan,0.0,0.0,0.0,0.0,0.0,0.0,0.0,0.0,0.0,0.0,0.0,0.0,0.0,0.0,0.0,0.0,0.0,nan,nan,nan,,nan,nan,nan,nan,nan,nan,nan,,,,nan,nan,nan,nan,nan,nan,nan,nan,nan,nan,nan,nan,,nan,nan,,,nan,nan,nan,nan,nan,nan,nan,nan,nan,nan,nan,nan,nan,nan,nan,nan,nan,nan,nan,nan,nan,nan,nan,nan,,nan,nan,nan,,nan,,,,
nan,nan,nan,nan,nan,nan,nan,nan,nan,nan,nan,nan,nan,nan,nan,nan,nan,0.0,0.0,0.0,0.0,0.0,0.0,0.0,0.0,1.0,0.0,0.0,0.0,0.0,0.0,0.0,0.0,1.0,nan,nan,nan,,nan,nan,nan,nan,nan,nan,nan,,,,nan,nan,nan,nan,nan,nan,nan,nan,nan,nan,nan,nan,,nan,nan,,,nan,nan,nan,nan,nan,nan,nan,nan,nan,nan,nan,nan,nan,nan,nan,nan,nan,nan,nan,nan,nan,nan,nan,nan,,nan,nan,nan,,nan,,,,
nan,nan,nan,nan,nan,nan,nan,nan,nan,nan,nan,nan,nan,nan,nan,nan,nan,0.0,0.0,0.0,0.0,0.0,0.0,0.0,0.0,1.0,0.0,0.0,0.0,0.0,0.0,0.0,0.0,1.0,nan,nan,nan,,nan,nan,nan,nan,nan,nan,nan,,,,nan,nan,nan,nan,nan,nan,nan,nan,nan,nan,nan,nan,,nan,nan,,,nan,nan,nan,nan,nan,nan,nan,nan,nan,nan,nan,nan,nan,nan,nan,nan,nan,nan,nan,nan,nan,nan,nan,nan,,nan,nan,nan,,nan,,,,
nan,nan,nan,nan,nan,nan,nan,nan,nan,nan,nan,nan,nan,nan,nan,nan,nan,0.0,0.0,0.0,0.0,0.0,0.0,0.0,0.0,0.0,0.0,0.0,0.0,0.0,0.0,0.0,0.0,0.0,nan,nan,nan,,nan,nan,nan,nan,nan,nan,nan,,,,nan,nan,nan,nan,nan,nan,nan,nan,nan,nan,nan,nan,,nan,nan,,,nan,nan,nan,nan,nan,nan,nan,nan,nan,nan,nan,nan,nan,nan,nan,nan,nan,nan,nan,nan,nan,nan,nan,nan,,nan,nan,nan,,nan,,,,
nan,nan,nan,nan,nan,nan,nan,nan,nan,nan,nan,nan,nan,nan,nan,nan,nan,0.0,0.0,0.0,0.0,0.0,0.0,0.0,0.0,0.0,0.0,0.0,0.0,0.0,0.0,0.0,0.0,0.0,nan,nan,nan,,nan,nan,nan,nan,nan,nan,nan,,,,nan,nan,nan,nan,nan,nan,nan,nan,nan,nan,nan,nan,,nan,nan,,,nan,nan,nan,nan,nan,nan,nan,nan,nan,nan,nan,nan,nan,nan,nan,nan,nan,nan,nan,nan,nan,nan,nan,nan,,nan,nan,nan,,nan,,,,
nan,nan,nan,nan,nan,nan,nan,nan,nan,nan,nan,nan,nan,nan,nan,nan,nan,0.0,0.0,0.0,0.0,0.0,0.0,0.0,0.0,0.0,0.0,0.0,0.0,0.0,0.0,0.0,0.0,0.0,nan,nan,nan,,nan,nan,nan,nan,nan,nan,nan,,,,nan,nan,nan,nan,nan,nan,nan,nan,nan,nan,nan,nan,,nan,nan,,,nan,nan,nan,nan,nan,nan,nan,nan,nan,nan,nan,nan,nan,nan,nan,nan,nan,nan,nan,nan,nan,nan,nan,nan,,nan,nan,nan,,nan,,,,
nan,nan,nan,nan,nan,nan,nan,nan,nan,nan,nan,nan,nan,nan,nan,nan,nan,0.0,0.0,0.0,0.0,0.0,0.0,0.0,0.0,1.0,0.0,0.0,0.0,0.0,0.0,0.0,0.0,1.0,nan,nan,nan,,nan,nan,nan,nan,nan,nan,nan,,,,nan,nan,nan,nan,nan,nan,nan,nan,nan,nan,nan,nan,,nan,nan,,,nan,nan,nan,nan,nan,nan,nan,nan,nan,nan,nan,nan,nan,nan,nan,nan,nan,nan,nan,nan,nan,nan,nan,nan,,nan,nan,nan,,nan,,,,
nan,nan,nan,nan,nan,nan,nan,nan,nan,nan,nan,nan,nan,nan,nan,nan,nan,0.0,0.0,0.0,0.0,0.0,0.0,0.0,0.0,1.0,0.0,0.0,0.0,0.0,0.0,0.0,0.0,1.0,nan,nan,nan,,nan,nan,nan,nan,nan,nan,nan,,,,nan,nan,nan,nan,nan,nan,nan,nan,nan,nan,nan,nan,,nan,nan,,,nan,nan,nan,nan,nan,nan,nan,nan,nan,nan,nan,nan,nan,nan,nan,nan,nan,nan,nan,nan,nan,nan,nan,nan,,nan,nan,nan,,nan,,,,
nan,nan,nan,nan,nan,nan,nan,nan,nan,nan,nan,nan,nan,nan,nan,nan,nan,0.0,0.0,0.0,0.0,0.0,0.0,0.0,0.0,0.0,0.0,0.0,0.0,0.0,0.0,0.0,0.0,0.0,nan,nan,nan,,nan,nan,nan,nan,nan,nan,nan,,,,nan,nan,nan,nan,nan,nan,nan,nan,nan,nan,nan,nan,,nan,nan,,,nan,nan,nan,nan,nan,nan,nan,nan,nan,nan,nan,nan,nan,nan,nan,nan,nan,nan,nan,nan,nan,nan,nan,nan,,nan,nan,nan,,nan,,,,
nan,nan,nan,nan,nan,nan,nan,nan,nan,nan,nan,nan,nan,nan,nan,nan,nan,0.0,0.0,0.0,0.0,0.0,0.0,0.0,0.0,1.0,0.0,0.0,0.0,0.0,0.0,0.0,0.0,1.0,nan,nan,nan,,nan,nan,nan,nan,nan,nan,nan,,,,nan,nan,nan,nan,nan,nan,nan,nan,nan,nan,nan,nan,,nan,nan,,,nan,nan,nan,nan,nan,nan,nan,nan,nan,nan,nan,nan,nan,nan,nan,nan,nan,nan,nan,nan,nan,nan,nan,nan,,nan,nan,nan,,nan,,,,
nan,nan,nan,nan,nan,nan,nan,nan,nan,nan,nan,nan,nan,nan,nan,nan,nan,0.0,0.0,0.0,0.0,0.0,0.0,0.0,0.0,0.0,0.0,0.0,0.0,0.0,0.0,0.0,0.0,0.0,nan,nan,nan,,nan,nan,nan,nan,nan,nan,nan,,,,nan,nan,nan,nan,nan,nan,nan,nan,nan,nan,nan,nan,,nan,nan,,,nan,nan,nan,nan,nan,nan,nan,nan,nan,nan,nan,nan,nan,nan,nan,nan,nan,nan,nan,nan,nan,nan,nan,nan,,nan,nan,nan,,nan,,,,
nan,nan,nan,nan,nan,nan,nan,nan,nan,nan,nan,nan,nan,nan,nan,nan,nan,0.0,0.0,0.0,0.0,0.0,0.0,0.0,0.0,0.0,0.0,0.0,0.0,0.0,0.0,0.0,0.0,0.0,nan,nan,nan,,nan,nan,nan,nan,nan,nan,nan,,,,nan,nan,nan,nan,nan,nan,nan,nan,nan,nan,nan,nan,,nan,nan,,,nan,nan,nan,nan,nan,nan,nan,nan,nan,nan,nan,nan,nan,nan,nan,nan,nan,nan,nan,nan,nan,nan,nan,nan,,nan,nan,nan,,nan,,,,
nan,nan,nan,nan,nan,nan,nan,nan,nan,nan,nan,nan,nan,nan,nan,nan,nan,0.0,0.0,0.0,0.0,0.0,0.0,0.0,0.0,0.0,0.0,0.0,0.0,0.0,0.0,0.0,0.0,0.0,nan,nan,nan,,nan,nan,nan,nan,nan,nan,nan,,,,nan,nan,nan,nan,nan,nan,nan,nan,nan,nan,nan,nan,,nan,nan,,,nan,nan,nan,nan,nan,nan,nan,nan,nan,nan,nan,nan,nan,nan,nan,nan,nan,nan,nan,nan,nan,nan,nan,nan,,nan,nan,nan,,nan,,,,
nan,nan,nan,nan,nan,nan,nan,nan,nan,nan,nan,nan,nan,nan,nan,nan,nan,0.0,0.0,0.0,0.0,0.0,0.0,0.0,0.0,0.0,0.0,0.0,0.0,0.0,0.0,0.0,0.0,0.0,nan,nan,nan,,nan,nan,nan,nan,nan,nan,nan,,,,nan,nan,nan,nan,nan,nan,nan,nan,nan,nan,nan,nan,,nan,nan,,,nan,nan,nan,nan,nan,nan,nan,nan,nan,nan,nan,nan,nan,nan,nan,nan,nan,nan,nan,nan,nan,nan,nan,nan,,nan,nan,nan,,nan,,,,
nan,nan,nan,nan,nan,nan,nan,nan,nan,nan,nan,nan,nan,nan,nan,nan,nan,0.0,0.0,0.0,0.0,0.0,0.0,0.0,0.0,0.0,0.0,0.0,0.0,0.0,0.0,0.0,0.0,0.0,nan,nan,nan,,nan,nan,nan,nan,nan,nan,nan,,,,nan,nan,nan,nan,nan,nan,nan,nan,nan,nan,nan,nan,,nan,nan,,,nan,nan,nan,nan,nan,nan,nan,nan,nan,nan,nan,nan,nan,nan,nan,nan,nan,nan,nan,nan,nan,nan,nan,nan,,nan,nan,nan,,nan,,,,
nan,nan,nan,nan,nan,nan,nan,nan,nan,nan,nan,nan,nan,nan,nan,nan,nan,0.0,0.0,0.0,0.0,0.0,0.0,0.0,0.0,0.0,0.0,0.0,0.0,0.0,0.0,0.0,0.0,0.0,nan,nan,nan,,nan,nan,nan,nan,nan,nan,nan,,,,nan,nan,nan,nan,nan,nan,nan,nan,nan,nan,nan,nan,,nan,nan,,,nan,nan,nan,nan,nan,nan,nan,nan,nan,nan,nan,nan,nan,nan,nan,nan,nan,nan,nan,nan,nan,nan,nan,nan,,nan,nan,nan,,nan,,,,
nan,nan,nan,nan,nan,nan,nan,nan,nan,nan,nan,nan,nan,nan,nan,nan,nan,0.0,0.0,0.0,0.0,0.0,0.0,0.0,0.0,0.0,0.0,0.0,0.0,0.0,0.0,0.0,0.0,0.0,nan,nan,nan,,nan,nan,nan,nan,nan,nan,nan,,,,nan,nan,nan,nan,nan,nan,nan,nan,nan,nan,nan,nan,,nan,nan,,,nan,nan,nan,nan,nan,nan,nan,nan,nan,nan,nan,nan,nan,nan,nan,nan,nan,nan,nan,nan,nan,nan,nan,nan,,nan,nan,nan,,nan,,,,
nan,nan,nan,nan,nan,nan,nan,nan,nan,nan,nan,nan,nan,nan,nan,nan,nan,0.0,0.0,0.0,0.0,0.0,0.0,0.0,0.0,0.0,0.0,0.0,0.0,0.0,0.0,0.0,0.0,0.0,nan,nan,nan,,nan,nan,nan,nan,nan,nan,nan,,,,nan,nan,nan,nan,nan,nan,nan,nan,nan,nan,nan,nan,,nan,nan,,,nan,nan,nan,nan,nan,nan,nan,nan,nan,nan,nan,nan,nan,nan,nan,nan,nan,nan,nan,nan,nan,nan,nan,nan,,nan,nan,nan,,nan,,,,
nan,nan,nan,nan,nan,nan,nan,nan,nan,nan,nan,nan,nan,nan,nan,nan,nan,0.0,0.0,0.0,0.0,0.0,0.0,0.0,0.0,0.0,0.0,0.0,0.0,0.0,0.0,0.0,0.0,0.0,nan,nan,nan,,nan,nan,nan,nan,nan,nan,nan,,,,nan,nan,nan,nan,nan,nan,nan,nan,nan,nan,nan,nan,,nan,nan,,,nan,nan,nan,nan,nan,nan,nan,nan,nan,nan,nan,nan,nan,nan,nan,nan,nan,nan,nan,nan,nan,nan,nan,nan,,nan,nan,nan,,nan,,,,
nan,nan,nan,nan,nan,nan,nan,nan,nan,nan,nan,nan,nan,nan,nan,nan,nan,0.0,0.0,0.0,0.0,0.0,0.0,0.0,0.0,0.0,0.0,0.0,0.0,0.0,0.0,0.0,0.0,0.0,nan,nan,nan,,nan,nan,nan,nan,nan,nan,nan,,,,nan,nan,nan,nan,nan,nan,nan,nan,nan,nan,nan,nan,,nan,nan,,,nan,nan,nan,nan,nan,nan,nan,nan,nan,nan,nan,nan,nan,nan,nan,nan,nan,nan,nan,nan,nan,nan,nan,nan,,nan,nan,nan,,nan,,,,
nan,nan,nan,nan,nan,nan,nan,nan,nan,nan,nan,nan,nan,nan,nan,nan,nan,0.0,0.0,0.0,0.0,0.0,0.0,0.0,0.0,0.0,0.0,0.0,0.0,0.0,0.0,0.0,0.0,0.0,nan,nan,nan,,nan,nan,nan,nan,nan,nan,nan,,,,nan,nan,nan,nan,nan,nan,nan,nan,nan,nan,nan,nan,,nan,nan,,,nan,nan,nan,nan,nan,nan,nan,nan,nan,nan,nan,nan,nan,nan,nan,nan,nan,nan,nan,nan,nan,nan,nan,nan,,nan,nan,nan,,nan,,,,
nan,nan,nan,nan,nan,nan,nan,nan,nan,nan,nan,nan,nan,nan,nan,nan,nan,0.0,0.0,0.0,0.0,0.0,0.0,0.0,0.0,0.0,0.0,0.0,0.0,0.0,0.0,0.0,0.0,0.0,nan,nan,nan,,nan,nan,nan,nan,nan,nan,nan,,,,nan,nan,nan,nan,nan,nan,nan,nan,nan,nan,nan,nan,,nan,nan,,,nan,nan,nan,nan,nan,nan,nan,nan,nan,nan,nan,nan,nan,nan,nan,nan,nan,nan,nan,nan,nan,nan,nan,nan,,nan,nan,nan,,nan,,,,
nan,nan,nan,nan,nan,nan,nan,nan,nan,nan,nan,nan,nan,nan,nan,nan,nan,0.0,0.0,0.0,0.0,0.0,0.0,0.0,0.0,0.0,0.0,0.0,0.0,0.0,0.0,0.0,0.0,0.0,nan,nan,nan,,nan,nan,nan,nan,nan,nan,nan,,,,nan,nan,nan,nan,nan,nan,nan,nan,nan,nan,nan,nan,,nan,nan,,,nan,nan,nan,nan,nan,nan,nan,nan,nan,nan,nan,nan,nan,nan,nan,nan,nan,nan,nan,nan,nan,nan,nan,nan,,nan,nan,nan,,nan,,,,
nan,nan,nan,nan,nan,nan,nan,nan,nan,nan,nan,nan,nan,nan,nan,nan,nan,0.0,0.0,0.0,0.0,0.0,0.0,0.0,0.0,0.0,0.0,0.0,0.0,0.0,0.0,0.0,0.0,0.0,nan,nan,nan,,nan,nan,nan,nan,nan,nan,nan,,,,nan,nan,nan,nan,nan,nan,nan,nan,nan,nan,nan,nan,,nan,nan,,,nan,nan,nan,nan,nan,nan,nan,nan,nan,nan,nan,nan,nan,nan,nan,nan,nan,nan,nan,nan,nan,nan,nan,nan,,nan,nan,nan,,nan,,,,
nan,nan,nan,nan,nan,nan,nan,nan,nan,nan,nan,nan,nan,nan,nan,nan,nan,0.0,0.0,0.0,0.0,0.0,0.0,0.0,0.0,0.0,0.0,0.0,0.0,0.0,0.0,0.0,0.0,0.0,nan,nan,nan,,nan,nan,nan,nan,nan,nan,nan,,,,nan,nan,nan,nan,nan,nan,nan,nan,nan,nan,nan,nan,,nan,nan,,,nan,nan,nan,nan,nan,nan,nan,nan,nan,nan,nan,nan,nan,nan,nan,nan,nan,nan,nan,nan,nan,nan,nan,nan,,nan,nan,nan,,nan,,,,
nan,nan,nan,nan,nan,nan,nan,nan,nan,nan,nan,nan,nan,nan,nan,nan,nan,0.0,0.0,0.0,0.0,0.0,0.0,0.0,0.0,0.0,0.0,0.0,0.0,0.0,0.0,0.0,0.0,0.0,nan,nan,nan,,nan,nan,nan,nan,nan,nan,nan,,,,nan,nan,nan,nan,nan,nan,nan,nan,nan,nan,nan,nan,,nan,nan,,,nan,nan,nan,nan,nan,nan,nan,nan,nan,nan,nan,nan,nan,nan,nan,nan,nan,nan,nan,nan,nan,nan,nan,nan,,nan,nan,nan,,nan,,,,
nan,nan,nan,nan,nan,nan,nan,nan,nan,nan,nan,nan,nan,nan,nan,nan,nan,0.0,0.0,0.0,0.0,0.0,0.0,0.0,0.0,0.0,0.0,0.0,0.0,0.0,0.0,0.0,0.0,0.0,nan,nan,nan,,nan,nan,nan,nan,nan,nan,nan,,,,nan,nan,nan,nan,nan,nan,nan,nan,nan,nan,nan,nan,,nan,nan,,,nan,nan,nan,nan,nan,nan,nan,nan,nan,nan,nan,nan,nan,nan,nan,nan,nan,nan,nan,nan,nan,nan,nan,nan,,nan,nan,nan,,nan,,,,
nan,nan,nan,nan,nan,nan,nan,nan,nan,nan,nan,nan,nan,nan,nan,nan,nan,0.0,0.0,0.0,0.0,0.0,0.0,0.0,0.0,0.0,0.0,0.0,0.0,0.0,0.0,0.0,0.0,0.0,nan,nan,nan,,nan,nan,nan,nan,nan,nan,nan,,,,nan,nan,nan,nan,nan,nan,nan,nan,nan,nan,nan,nan,,nan,nan,,,nan,nan,nan,nan,nan,nan,nan,nan,nan,nan,nan,nan,nan,nan,nan,nan,nan,nan,nan,nan,nan,nan,nan,nan,,nan,nan,nan,,nan,,,,
nan,nan,nan,nan,nan,nan,nan,nan,nan,nan,nan,nan,nan,nan,nan,nan,nan,0.0,0.0,0.0,0.0,0.0,0.0,0.0,0.0,0.0,0.0,0.0,0.0,0.0,0.0,0.0,0.0,0.0,nan,nan,nan,,nan,nan,nan,nan,nan,nan,nan,,,,nan,nan,nan,nan,nan,nan,nan,nan,nan,nan,nan,nan,,nan,nan,,,nan,nan,nan,nan,nan,nan,nan,nan,nan,nan,nan,nan,nan,nan,nan,nan,nan,nan,nan,nan,nan,nan,nan,nan,,nan,nan,nan,,nan,,,,
nan,nan,nan,nan,nan,nan,nan,nan,nan,nan,nan,nan,nan,nan,nan,nan,nan,0.0,0.0,0.0,0.0,0.0,0.0,0.0,0.0,1.0,0.0,0.0,0.0,0.0,0.0,0.0,0.0,1.0,nan,nan,nan,,nan,nan,nan,nan,nan,nan,nan,,,,nan,nan,nan,nan,nan,nan,nan,nan,nan,nan,nan,nan,,nan,nan,,,nan,nan,nan,nan,nan,nan,nan,nan,nan,nan,nan,nan,nan,nan,nan,nan,nan,nan,nan,nan,nan,nan,nan,nan,,nan,nan,nan,,nan,,,,
nan,nan,nan,nan,nan,nan,nan,nan,nan,nan,nan,nan,nan,nan,nan,nan,nan,0.0,0.0,0.0,0.0,0.0,0.0,0.0,0.0,0.0,0.0,0.0,0.0,0.0,0.0,0.0,0.0,0.0,nan,nan,nan,,nan,nan,nan,nan,nan,nan,nan,,,,nan,nan,nan,nan,nan,nan,nan,nan,nan,nan,nan,nan,,nan,nan,,,nan,nan,nan,nan,nan,nan,nan,nan,nan,nan,nan,nan,nan,nan,nan,nan,nan,nan,nan,nan,nan,nan,nan,nan,,nan,nan,nan,,nan,,,,
nan,nan,nan,nan,nan,nan,nan,nan,nan,nan,nan,nan,nan,nan,nan,nan,nan,0.0,0.0,0.0,0.0,0.0,0.0,0.0,0.0,0.0,0.0,0.0,0.0,0.0,0.0,0.0,0.0,0.0,nan,nan,nan,,nan,nan,nan,nan,nan,nan,nan,,,,nan,nan,nan,nan,nan,nan,nan,nan,nan,nan,nan,nan,,nan,nan,,,nan,nan,nan,nan,nan,nan,nan,nan,nan,nan,nan,nan,nan,nan,nan,nan,nan,nan,nan,nan,nan,nan,nan,nan,,nan,nan,nan,,nan,,,,
nan,nan,nan,nan,nan,nan,nan,nan,nan,nan,nan,nan,nan,nan,nan,nan,nan,0.0,0.0,0.0,0.0,0.0,0.0,0.0,0.0,0.0,0.0,0.0,0.0,0.0,0.0,0.0,0.0,0.0,nan,nan,nan,,nan,nan,nan,nan,nan,nan,nan,,,,nan,nan,nan,nan,nan,nan,nan,nan,nan,nan,nan,nan,,nan,nan,,,nan,nan,nan,nan,nan,nan,nan,nan,nan,nan,nan,nan,nan,nan,nan,nan,nan,nan,nan,nan,nan,nan,nan,nan,,nan,nan,nan,,nan,,,,
nan,nan,nan,nan,nan,nan,nan,nan,nan,nan,nan,nan,nan,nan,nan,nan,nan,0.0,0.0,0.0,0.0,0.0,0.0,0.0,0.0,0.0,0.0,0.0,0.0,0.0,0.0,0.0,0.0,0.0,nan,nan,nan,,nan,nan,nan,nan,nan,nan,nan,,,,nan,nan,nan,nan,nan,nan,nan,nan,nan,nan,nan,nan,,nan,nan,,,nan,nan,nan,nan,nan,nan,nan,nan,nan,nan,nan,nan,nan,nan,nan,nan,nan,nan,nan,nan,nan,nan,nan,nan,,nan,nan,nan,,nan,,,,
nan,nan,nan,nan,nan,nan,nan,nan,nan,nan,nan,nan,nan,nan,nan,nan,nan,0.0,0.0,0.0,0.0,0.0,0.0,0.0,0.0,0.0,0.0,0.0,0.0,0.0,0.0,0.0,0.0,0.0,nan,nan,nan,,nan,nan,nan,nan,nan,nan,nan,,,,nan,nan,nan,nan,nan,nan,nan,nan,nan,nan,nan,nan,,nan,nan,,,nan,nan,nan,nan,nan,nan,nan,nan,nan,nan,nan,nan,nan,nan,nan,nan,nan,nan,nan,nan,nan,nan,nan,nan,,nan,nan,nan,,nan,,,,
nan,nan,nan,nan,nan,nan,nan,nan,nan,nan,nan,nan,nan,nan,nan,nan,nan,0.0,0.0,0.0,0.0,0.0,0.0,0.0,0.0,0.0,0.0,0.0,0.0,0.0,0.0,0.0,0.0,0.0,nan,nan,nan,,nan,nan,nan,nan,nan,nan,nan,,,,nan,nan,nan,nan,nan,nan,nan,nan,nan,nan,nan,nan,,nan,nan,,,nan,nan,nan,nan,nan,nan,nan,nan,nan,nan,nan,nan,nan,nan,nan,nan,nan,nan,nan,nan,nan,nan,nan,nan,,nan,nan,nan,,nan,,,,
nan,nan,nan,nan,nan,nan,nan,nan,nan,nan,nan,nan,nan,nan,nan,nan,nan,0.0,0.0,0.0,0.0,0.0,0.0,0.0,0.0,0.0,0.0,0.0,0.0,0.0,0.0,0.0,0.0,0.0,nan,nan,nan,,nan,nan,nan,nan,nan,nan,nan,,,,nan,nan,nan,nan,nan,nan,nan,nan,nan,nan,nan,nan,,nan,nan,,,nan,nan,nan,nan,nan,nan,nan,nan,nan,nan,nan,nan,nan,nan,nan,nan,nan,nan,nan,nan,nan,nan,nan,nan,,nan,nan,nan,,nan,,,,
nan,nan,nan,nan,nan,nan,nan,nan,nan,nan,nan,nan,nan,nan,nan,nan,nan,0.0,0.0,0.0,0.0,0.0,0.0,0.0,0.0,0.0,0.0,0.0,0.0,0.0,0.0,0.0,0.0,0.0,nan,nan,nan,,nan,nan,nan,nan,nan,nan,nan,,,,nan,nan,nan,nan,nan,nan,nan,nan,nan,nan,nan,nan,,nan,nan,,,nan,nan,nan,nan,nan,nan,nan,nan,nan,nan,nan,nan,nan,nan,nan,nan,nan,nan,nan,nan,nan,nan,nan,nan,,nan,nan,nan,,nan,,,,
nan,nan,nan,nan,nan,nan,nan,nan,nan,nan,nan,nan,nan,nan,nan,nan,nan,0.0,0.0,0.0,0.0,0.0,0.0,0.0,0.0,0.0,0.0,0.0,0.0,0.0,0.0,0.0,0.0,0.0,nan,nan,nan,,nan,nan,nan,nan,nan,nan,nan,,,,nan,nan,nan,nan,nan,nan,nan,nan,nan,nan,nan,nan,,nan,nan,,,nan,nan,nan,nan,nan,nan,nan,nan,nan,nan,nan,nan,nan,nan,nan,nan,nan,nan,nan,nan,nan,nan,nan,nan,,nan,nan,nan,,nan,,,,
nan,nan,nan,nan,nan,nan,nan,nan,nan,nan,nan,nan,nan,nan,nan,nan,nan,0.0,0.0,0.0,0.0,0.0,0.0,0.0,0.0,1.0,0.0,0.0,0.0,0.0,0.0,0.0,0.0,1.0,nan,nan,nan,,nan,nan,nan,nan,nan,nan,nan,,,,nan,nan,nan,nan,nan,nan,nan,nan,nan,nan,nan,nan,,nan,nan,,,nan,nan,nan,nan,nan,nan,nan,nan,nan,nan,nan,nan,nan,nan,nan,nan,nan,nan,nan,nan,nan,nan,nan,nan,,nan,nan,nan,,nan,,,,
nan,nan,nan,nan,nan,nan,nan,nan,nan,nan,nan,nan,nan,nan,nan,nan,nan,0.0,0.0,0.0,0.0,0.0,0.0,0.0,0.0,1.0,0.0,0.0,0.0,0.0,0.0,0.0,0.0,1.0,nan,nan,nan,,nan,nan,nan,nan,nan,nan,nan,,,,nan,nan,nan,nan,nan,nan,nan,nan,nan,nan,nan,nan,,nan,nan,,,nan,nan,nan,nan,nan,nan,nan,nan,nan,nan,nan,nan,nan,nan,nan,nan,nan,nan,nan,nan,nan,nan,nan,nan,,nan,nan,nan,,nan,,,,
nan,nan,nan,nan,nan,nan,nan,nan,nan,nan,nan,nan,nan,nan,nan,nan,nan,0.0,0.0,0.0,0.0,0.0,0.0,0.0,0.0,0.0,0.0,0.0,0.0,0.0,0.0,0.0,0.0,0.0,nan,nan,nan,,nan,nan,nan,nan,nan,nan,nan,,,,nan,nan,nan,nan,nan,nan,nan,nan,nan,nan,nan,nan,,nan,nan,,,nan,nan,nan,nan,nan,nan,nan,nan,nan,nan,nan,nan,nan,nan,nan,nan,nan,nan,nan,nan,nan,nan,nan,nan,,nan,nan,nan,,nan,,,,
nan,nan,nan,nan,nan,nan,nan,nan,nan,nan,nan,nan,nan,nan,nan,nan,nan,0.0,0.0,0.0,0.0,0.0,0.0,0.0,0.0,1.0,0.0,0.0,0.0,0.0,0.0,0.0,0.0,1.0,nan,nan,nan,,nan,nan,nan,nan,nan,nan,nan,,,,nan,nan,nan,nan,nan,nan,nan,nan,nan,nan,nan,nan,,nan,nan,,,nan,nan,nan,nan,nan,nan,nan,nan,nan,nan,nan,nan,nan,nan,nan,nan,nan,nan,nan,nan,nan,nan,nan,nan,,nan,nan,nan,,nan,,,,
nan,nan,nan,nan,nan,nan,nan,nan,nan,nan,nan,nan,nan,nan,nan,nan,nan,0.0,0.0,0.0,0.0,0.0,0.0,0.0,0.0,0.0,0.0,0.0,0.0,0.0,0.0,0.0,0.0,0.0,nan,nan,nan,,nan,nan,nan,nan,nan,nan,nan,,,,nan,nan,nan,nan,nan,nan,nan,nan,nan,nan,nan,nan,,nan,nan,,,nan,nan,nan,nan,nan,nan,nan,nan,nan,nan,nan,nan,nan,nan,nan,nan,nan,nan,nan,nan,nan,nan,nan,nan,,nan,nan,nan,,nan,,,,
nan,nan,nan,nan,nan,nan,nan,nan,nan,nan,nan,nan,nan,nan,nan,nan,nan,0.0,0.0,0.0,0.0,0.0,0.0,0.0,0.0,0.0,0.0,0.0,0.0,0.0,0.0,0.0,0.0,0.0,nan,nan,nan,,nan,nan,nan,nan,nan,nan,nan,,,,nan,nan,nan,nan,nan,nan,nan,nan,nan,nan,nan,nan,,nan,nan,,,nan,nan,nan,nan,nan,nan,nan,nan,nan,nan,nan,nan,nan,nan,nan,nan,nan,nan,nan,nan,nan,nan,nan,nan,,nan,nan,nan,,nan,,,,
nan,nan,nan,nan,nan,nan,nan,nan,nan,nan,nan,nan,nan,nan,nan,nan,nan,0.0,0.0,0.0,0.0,0.0,0.0,0.0,0.0,0.0,0.0,0.0,0.0,0.0,0.0,0.0,0.0,0.0,nan,nan,nan,,nan,nan,nan,nan,nan,nan,nan,,,,nan,nan,nan,nan,nan,nan,nan,nan,nan,nan,nan,nan,,nan,nan,,,nan,nan,nan,nan,nan,nan,nan,nan,nan,nan,nan,nan,nan,nan,nan,nan,nan,nan,nan,nan,nan,nan,nan,nan,,nan,nan,nan,,nan,,,,
nan,nan,nan,nan,nan,nan,nan,nan,nan,nan,nan,nan,nan,nan,nan,nan,nan,0.0,0.0,0.0,0.0,0.0,0.0,0.0,0.0,0.0,0.0,0.0,0.0,0.0,0.0,0.0,0.0,0.0,nan,nan,nan,,nan,nan,nan,nan,nan,nan,nan,,,,nan,nan,nan,nan,nan,nan,nan,nan,nan,nan,nan,nan,,nan,nan,,,nan,nan,nan,nan,nan,nan,nan,nan,nan,nan,nan,nan,nan,nan,nan,nan,nan,nan,nan,nan,nan,nan,nan,nan,,nan,nan,nan,,nan,,,,
nan,nan,nan,nan,nan,nan,nan,nan,nan,nan,nan,nan,nan,nan,nan,nan,nan,0.0,0.0,0.0,0.0,0.0,0.0,0.0,0.0,0.0,0.0,0.0,0.0,0.0,0.0,0.0,0.0,0.0,nan,nan,nan,,nan,nan,nan,nan,nan,nan,nan,,,,nan,nan,nan,nan,nan,nan,nan,nan,nan,nan,nan,nan,,nan,nan,,,nan,nan,nan,nan,nan,nan,nan,nan,nan,nan,nan,nan,nan,nan,nan,nan,nan,nan,nan,nan,nan,nan,nan,nan,,nan,nan,nan,,nan,,,,
nan,nan,nan,nan,nan,nan,nan,nan,nan,nan,nan,nan,nan,nan,nan,nan,nan,0.0,0.0,0.0,0.0,0.0,0.0,0.0,0.0,1.0,0.0,0.0,0.0,0.0,0.0,0.0,0.0,1.0,nan,nan,nan,,nan,nan,nan,nan,nan,nan,nan,,,,nan,nan,nan,nan,nan,nan,nan,nan,nan,nan,nan,nan,,nan,nan,,,nan,nan,nan,nan,nan,nan,nan,nan,nan,nan,nan,nan,nan,nan,nan,nan,nan,nan,nan,nan,nan,nan,nan,nan,,nan,nan,nan,,nan,,,,
nan,nan,nan,nan,nan,nan,nan,nan,nan,nan,nan,nan,nan,nan,nan,nan,nan,0.0,0.0,0.0,0.0,0.0,0.0,0.0,0.0,0.0,0.0,0.0,0.0,0.0,0.0,0.0,0.0,0.0,nan,nan,nan,,nan,nan,nan,nan,nan,nan,nan,,,,nan,nan,nan,nan,nan,nan,nan,nan,nan,nan,nan,nan,,nan,nan,,,nan,nan,nan,nan,nan,nan,nan,nan,nan,nan,nan,nan,nan,nan,nan,nan,nan,nan,nan,nan,nan,nan,nan,nan,,nan,nan,nan,,nan,,,,
nan,nan,nan,nan,nan,nan,nan,nan,nan,nan,nan,nan,nan,nan,nan,nan,nan,0.0,0.0,0.0,0.0,0.0,0.0,0.0,0.0,2.0,0.0,0.0,0.0,0.0,0.0,0.0,0.0,2.0,nan,nan,nan,,nan,nan,nan,nan,nan,nan,nan,,,,nan,nan,nan,nan,nan,nan,nan,nan,nan,nan,nan,nan,,nan,nan,,,nan,nan,nan,nan,nan,nan,nan,nan,nan,nan,nan,nan,nan,nan,nan,nan,nan,nan,nan,nan,nan,nan,nan,nan,,nan,nan,nan,,nan,,,,
nan,nan,nan,nan,nan,nan,nan,nan,nan,nan,nan,nan,nan,nan,nan,nan,nan,0.0,0.0,0.0,0.0,0.0,0.0,0.0,0.0,0.0,0.0,0.0,0.0,0.0,0.0,0.0,0.0,0.0,nan,nan,nan,,nan,nan,nan,nan,nan,nan,nan,,,,nan,nan,nan,nan,nan,nan,nan,nan,nan,nan,nan,nan,,nan,nan,,,nan,nan,nan,nan,nan,nan,nan,nan,nan,nan,nan,nan,nan,nan,nan,nan,nan,nan,nan,nan,nan,nan,nan,nan,,nan,nan,nan,,nan,,,,
nan,nan,nan,nan,nan,nan,nan,nan,nan,nan,nan,nan,nan,nan,nan,nan,nan,0.0,0.0,0.0,0.0,0.0,0.0,0.0,0.0,0.0,0.0,0.0,0.0,0.0,0.0,0.0,0.0,0.0,nan,nan,nan,,nan,nan,nan,nan,nan,nan,nan,,,,nan,nan,nan,nan,nan,nan,nan,nan,nan,nan,nan,nan,,nan,nan,,,nan,nan,nan,nan,nan,nan,nan,nan,nan,nan,nan,nan,nan,nan,nan,nan,nan,nan,nan,nan,nan,nan,nan,nan,,nan,nan,nan,,nan,,,,
nan,nan,nan,nan,nan,nan,nan,nan,nan,nan,nan,nan,nan,nan,nan,nan,nan,0.0,0.0,0.0,0.0,0.0,0.0,0.0,0.0,0.0,0.0,0.0,0.0,0.0,0.0,0.0,0.0,0.0,nan,nan,nan,,nan,nan,nan,nan,nan,nan,nan,,,,nan,nan,nan,nan,nan,nan,nan,nan,nan,nan,nan,nan,,nan,nan,,,nan,nan,nan,nan,nan,nan,nan,nan,nan,nan,nan,nan,nan,nan,nan,nan,nan,nan,nan,nan,nan,nan,nan,nan,,nan,nan,nan,,nan,,,,
nan,nan,nan,nan,nan,nan,nan,nan,nan,nan,nan,nan,nan,nan,nan,nan,nan,0.0,0.0,0.0,0.0,0.0,0.0,0.0,0.0,0.0,0.0,0.0,0.0,0.0,0.0,0.0,0.0,0.0,nan,nan,nan,,nan,nan,nan,nan,nan,nan,nan,,,,nan,nan,nan,nan,nan,nan,nan,nan,nan,nan,nan,nan,,nan,nan,,,nan,nan,nan,nan,nan,nan,nan,nan,nan,nan,nan,nan,nan,nan,nan,nan,nan,nan,nan,nan,nan,nan,nan,nan,,nan,nan,nan,,nan,,,,
nan,nan,nan,nan,nan,nan,nan,nan,nan,nan,nan,nan,nan,nan,nan,nan,nan,0.0,0.0,0.0,0.0,0.0,0.0,0.0,0.0,0.0,0.0,0.0,0.0,0.0,0.0,0.0,0.0,0.0,nan,nan,nan,,nan,nan,nan,nan,nan,nan,nan,,,,nan,nan,nan,nan,nan,nan,nan,nan,nan,nan,nan,nan,,nan,nan,,,nan,nan,nan,nan,nan,nan,nan,nan,nan,nan,nan,nan,nan,nan,nan,nan,nan,nan,nan,nan,nan,nan,nan,nan,,nan,nan,nan,,nan,,,,
nan,nan,nan,nan,nan,nan,nan,nan,nan,nan,nan,nan,nan,nan,nan,nan,nan,0.0,0.0,0.0,0.0,0.0,0.0,0.0,0.0,0.0,0.0,0.0,0.0,0.0,0.0,0.0,0.0,0.0,nan,nan,nan,,nan,nan,nan,nan,nan,nan,nan,,,,nan,nan,nan,nan,nan,nan,nan,nan,nan,nan,nan,nan,,nan,nan,,,nan,nan,nan,nan,nan,nan,nan,nan,nan,nan,nan,nan,nan,nan,nan,nan,nan,nan,nan,nan,nan,nan,nan,nan,,nan,nan,nan,,nan,,,,
nan,nan,nan,nan,nan,nan,nan,nan,nan,nan,nan,nan,nan,nan,nan,nan,nan,0.0,0.0,0.0,0.0,0.0,0.0,0.0,0.0,2.0,0.0,0.0,0.0,0.0,0.0,0.0,0.0,2.0,nan,nan,nan,,nan,nan,nan,nan,nan,nan,nan,,,,nan,nan,nan,nan,nan,nan,nan,nan,nan,nan,nan,nan,,nan,nan,,,nan,nan,nan,nan,nan,nan,nan,nan,nan,nan,nan,nan,nan,nan,nan,nan,nan,nan,nan,nan,nan,nan,nan,nan,,nan,nan,nan,,nan,,,,
nan,nan,nan,nan,nan,nan,nan,nan,nan,nan,nan,nan,nan,nan,nan,nan,nan,0.0,0.0,0.0,0.0,0.0,0.0,0.0,0.0,0.0,0.0,0.0,0.0,0.0,0.0,0.0,0.0,0.0,nan,nan,nan,,nan,nan,nan,nan,nan,nan,nan,,,,nan,nan,nan,nan,nan,nan,nan,nan,nan,nan,nan,nan,,nan,nan,,,nan,nan,nan,nan,nan,nan,nan,nan,nan,nan,nan,nan,nan,nan,nan,nan,nan,nan,nan,nan,nan,nan,nan,nan,,nan,nan,nan,,nan,,,,
nan,nan,nan,nan,nan,nan,nan,nan,nan,nan,nan,nan,nan,nan,nan,nan,nan,0.0,0.0,0.0,0.0,0.0,0.0,0.0,0.0,0.0,0.0,0.0,0.0,0.0,0.0,0.0,0.0,0.0,nan,nan,nan,,nan,nan,nan,nan,nan,nan,nan,,,,nan,nan,nan,nan,nan,nan,nan,nan,nan,nan,nan,nan,,nan,nan,,,nan,nan,nan,nan,nan,nan,nan,nan,nan,nan,nan,nan,nan,nan,nan,nan,nan,nan,nan,nan,nan,nan,nan,nan,,nan,nan,nan,,nan,,,,
nan,nan,nan,nan,nan,nan,nan,nan,nan,nan,nan,nan,nan,nan,nan,nan,nan,0.0,0.0,0.0,0.0,0.0,0.0,0.0,0.0,0.0,0.0,0.0,0.0,0.0,0.0,0.0,0.0,0.0,nan,nan,nan,,nan,nan,nan,nan,nan,nan,nan,,,,nan,nan,nan,nan,nan,nan,nan,nan,nan,nan,nan,nan,,nan,nan,,,nan,nan,nan,nan,nan,nan,nan,nan,nan,nan,nan,nan,nan,nan,nan,nan,nan,nan,nan,nan,nan,nan,nan,nan,,nan,nan,nan,,nan,,,,
nan,nan,nan,nan,nan,nan,nan,nan,nan,nan,nan,nan,nan,nan,nan,nan,nan,0.0,0.0,0.0,0.0,0.0,0.0,0.0,0.0,2.0,0.0,0.0,0.0,0.0,0.0,0.0,0.0,2.0,nan,nan,nan,,nan,nan,nan,nan,nan,nan,nan,,,,nan,nan,nan,nan,nan,nan,nan,nan,nan,nan,nan,nan,,nan,nan,,,nan,nan,nan,nan,nan,nan,nan,nan,nan,nan,nan,nan,nan,nan,nan,nan,nan,nan,nan,nan,nan,nan,nan,nan,,nan,nan,nan,,nan,,,,
nan,nan,nan,nan,nan,nan,nan,nan,nan,nan,nan,nan,nan,nan,nan,nan,nan,0.0,0.0,0.0,0.0,0.0,0.0,0.0,0.0,0.0,0.0,0.0,0.0,0.0,0.0,0.0,0.0,0.0,nan,nan,nan,,nan,nan,nan,nan,nan,nan,nan,,,,nan,nan,nan,nan,nan,nan,nan,nan,nan,nan,nan,nan,,nan,nan,,,nan,nan,nan,nan,nan,nan,nan,nan,nan,nan,nan,nan,nan,nan,nan,nan,nan,nan,nan,nan,nan,nan,nan,nan,,nan,nan,nan,,nan,,,,
nan,nan,nan,nan,nan,nan,nan,nan,nan,nan,nan,nan,nan,nan,nan,nan,nan,0.0,0.0,0.0,0.0,0.0,0.0,0.0,0.0,0.0,0.0,0.0,0.0,0.0,0.0,0.0,0.0,0.0,nan,nan,nan,,nan,nan,nan,nan,nan,nan,nan,,,,nan,nan,nan,nan,nan,nan,nan,nan,nan,nan,nan,nan,,nan,nan,,,nan,nan,nan,nan,nan,nan,nan,nan,nan,nan,nan,nan,nan,nan,nan,nan,nan,nan,nan,nan,nan,nan,nan,nan,,nan,nan,nan,,nan,,,,
nan,nan,nan,nan,nan,nan,nan,nan,nan,nan,nan,nan,nan,nan,nan,nan,nan,0.0,0.0,0.0,0.0,0.0,0.0,0.0,0.0,1.0,0.0,0.0,0.0,0.0,0.0,0.0,0.0,1.0,nan,nan,nan,,nan,nan,nan,nan,nan,nan,nan,,,,nan,nan,nan,nan,nan,nan,nan,nan,nan,nan,nan,nan,,nan,nan,,,nan,nan,nan,nan,nan,nan,nan,nan,nan,nan,nan,nan,nan,nan,nan,nan,nan,nan,nan,nan,nan,nan,nan,nan,,nan,nan,nan,,nan,,,,
nan,nan,nan,nan,nan,nan,nan,nan,nan,nan,nan,nan,nan,nan,nan,nan,nan,0.0,0.0,0.0,0.0,0.0,0.0,0.0,0.0,0.0,0.0,0.0,0.0,0.0,0.0,0.0,0.0,0.0,nan,nan,nan,,nan,nan,nan,nan,nan,nan,nan,,,,nan,nan,nan,nan,nan,nan,nan,nan,nan,nan,nan,nan,,nan,nan,,,nan,nan,nan,nan,nan,nan,nan,nan,nan,nan,nan,nan,nan,nan,nan,nan,nan,nan,nan,nan,nan,nan,nan,nan,,nan,nan,nan,,nan,,,,
nan,nan,nan,nan,nan,nan,nan,nan,nan,nan,nan,nan,nan,nan,nan,nan,nan,0.0,0.0,0.0,0.0,0.0,0.0,0.0,0.0,0.0,0.0,0.0,0.0,0.0,0.0,0.0,0.0,0.0,nan,nan,nan,,nan,nan,nan,nan,nan,nan,nan,,,,nan,nan,nan,nan,nan,nan,nan,nan,nan,nan,nan,nan,,nan,nan,,,nan,nan,nan,nan,nan,nan,nan,nan,nan,nan,nan,nan,nan,nan,nan,nan,nan,nan,nan,nan,nan,nan,nan,nan,,nan,nan,nan,,nan,,,,
nan,nan,nan,nan,nan,nan,nan,nan,nan,nan,nan,nan,nan,nan,nan,nan,nan,0.0,0.0,0.0,0.0,0.0,0.0,0.0,0.0,0.0,0.0,0.0,0.0,0.0,0.0,0.0,0.0,0.0,nan,nan,nan,,nan,nan,nan,nan,nan,nan,nan,,,,nan,nan,nan,nan,nan,nan,nan,nan,nan,nan,nan,nan,,nan,nan,,,nan,nan,nan,nan,nan,nan,nan,nan,nan,nan,nan,nan,nan,nan,nan,nan,nan,nan,nan,nan,nan,nan,nan,nan,,nan,nan,nan,,nan,,,,
nan,nan,nan,nan,nan,nan,nan,nan,nan,nan,nan,nan,nan,nan,nan,nan,nan,0.0,0.0,0.0,0.0,0.0,0.0,0.0,0.0,0.0,0.0,0.0,0.0,0.0,0.0,0.0,0.0,0.0,nan,nan,nan,,nan,nan,nan,nan,nan,nan,nan,,,,nan,nan,nan,nan,nan,nan,nan,nan,nan,nan,nan,nan,,nan,nan,,,nan,nan,nan,nan,nan,nan,nan,nan,nan,nan,nan,nan,nan,nan,nan,nan,nan,nan,nan,nan,nan,nan,nan,nan,,nan,nan,nan,,nan,,,,
nan,nan,nan,nan,nan,nan,nan,nan,nan,nan,nan,nan,nan,nan,nan,nan,nan,0.0,0.0,0.0,0.0,0.0,0.0,0.0,0.0,1.0,0.0,0.0,0.0,0.0,0.0,0.0,0.0,1.0,nan,nan,nan,,nan,nan,nan,nan,nan,nan,nan,,,,nan,nan,nan,nan,nan,nan,nan,nan,nan,nan,nan,nan,,nan,nan,,,nan,nan,nan,nan,nan,nan,nan,nan,nan,nan,nan,nan,nan,nan,nan,nan,nan,nan,nan,nan,nan,nan,nan,nan,,nan,nan,nan,,nan,,,,
nan,nan,nan,nan,nan,nan,nan,nan,nan,nan,nan,nan,nan,nan,nan,nan,nan,0.0,0.0,0.0,0.0,0.0,0.0,0.0,0.0,0.0,0.0,0.0,0.0,0.0,0.0,0.0,0.0,0.0,nan,nan,nan,,nan,nan,nan,nan,nan,nan,nan,,,,nan,nan,nan,nan,nan,nan,nan,nan,nan,nan,nan,nan,,nan,nan,,,nan,nan,nan,nan,nan,nan,nan,nan,nan,nan,nan,nan,nan,nan,nan,nan,nan,nan,nan,nan,nan,nan,nan,nan,,nan,nan,nan,,nan,,,,
nan,nan,nan,nan,nan,nan,nan,nan,nan,nan,nan,nan,nan,nan,nan,nan,nan,0.0,0.0,0.0,0.0,0.0,0.0,0.0,0.0,0.0,0.0,0.0,0.0,0.0,0.0,0.0,0.0,0.0,nan,nan,nan,,nan,nan,nan,nan,nan,nan,nan,,,,nan,nan,nan,nan,nan,nan,nan,nan,nan,nan,nan,nan,,nan,nan,,,nan,nan,nan,nan,nan,nan,nan,nan,nan,nan,nan,nan,nan,nan,nan,nan,nan,nan,nan,nan,nan,nan,nan,nan,,nan,nan,nan,,nan,,,,
nan,nan,nan,nan,nan,nan,nan,nan,nan,nan,nan,nan,nan,nan,nan,nan,nan,0.0,0.0,0.0,0.0,0.0,0.0,0.0,0.0,0.0,0.0,0.0,0.0,0.0,0.0,0.0,0.0,0.0,nan,nan,nan,,nan,nan,nan,nan,nan,nan,nan,,,,nan,nan,nan,nan,nan,nan,nan,nan,nan,nan,nan,nan,,nan,nan,,,nan,nan,nan,nan,nan,nan,nan,nan,nan,nan,nan,nan,nan,nan,nan,nan,nan,nan,nan,nan,nan,nan,nan,nan,,nan,nan,nan,,nan,,,,
nan,nan,nan,nan,nan,nan,nan,nan,nan,nan,nan,nan,nan,nan,nan,nan,nan,0.0,0.0,0.0,0.0,0.0,0.0,0.0,0.0,0.0,0.0,0.0,0.0,0.0,0.0,0.0,0.0,0.0,nan,nan,nan,,nan,nan,nan,nan,nan,nan,nan,,,,nan,nan,nan,nan,nan,nan,nan,nan,nan,nan,nan,nan,,nan,nan,,,nan,nan,nan,nan,nan,nan,nan,nan,nan,nan,nan,nan,nan,nan,nan,nan,nan,nan,nan,nan,nan,nan,nan,nan,,nan,nan,nan,,nan,,,,
nan,nan,nan,nan,nan,nan,nan,nan,nan,nan,nan,nan,nan,nan,nan,nan,nan,0.0,0.0,0.0,0.0,0.0,0.0,0.0,0.0,1.0,0.0,0.0,0.0,0.0,0.0,0.0,0.0,1.0,nan,nan,nan,,nan,nan,nan,nan,nan,nan,nan,,,,nan,nan,nan,nan,nan,nan,nan,nan,nan,nan,nan,nan,,nan,nan,,,nan,nan,nan,nan,nan,nan,nan,nan,nan,nan,nan,nan,nan,nan,nan,nan,nan,nan,nan,nan,nan,nan,nan,nan,,nan,nan,nan,,nan,,,,
nan,nan,nan,nan,nan,nan,nan,nan,nan,nan,nan,nan,nan,nan,nan,nan,nan,0.0,0.0,0.0,0.0,0.0,0.0,0.0,0.0,0.0,0.0,0.0,0.0,0.0,0.0,0.0,0.0,0.0,nan,nan,nan,,nan,nan,nan,nan,nan,nan,nan,,,,nan,nan,nan,nan,nan,nan,nan,nan,nan,nan,nan,nan,,nan,nan,,,nan,nan,nan,nan,nan,nan,nan,nan,nan,nan,nan,nan,nan,nan,nan,nan,nan,nan,nan,nan,nan,nan,nan,nan,,nan,nan,nan,,nan,,,,
nan,nan,nan,nan,nan,nan,nan,nan,nan,nan,nan,nan,nan,nan,nan,nan,nan,0.0,0.0,0.0,0.0,0.0,0.0,0.0,0.0,0.0,0.0,0.0,0.0,0.0,0.0,0.0,0.0,0.0,nan,nan,nan,,nan,nan,nan,nan,nan,nan,nan,,,,nan,nan,nan,nan,nan,nan,nan,nan,nan,nan,nan,nan,,nan,nan,,,nan,nan,nan,nan,nan,nan,nan,nan,nan,nan,nan,nan,nan,nan,nan,nan,nan,nan,nan,nan,nan,nan,nan,nan,,nan,nan,nan,,nan,,,,
nan,nan,nan,nan,nan,nan,nan,nan,nan,nan,nan,nan,nan,nan,nan,nan,nan,0.0,0.0,0.0,0.0,0.0,0.0,0.0,0.0,1.0,0.0,0.0,0.0,0.0,0.0,0.0,0.0,1.0,nan,nan,nan,,nan,nan,nan,nan,nan,nan,nan,,,,nan,nan,nan,nan,nan,nan,nan,nan,nan,nan,nan,nan,,nan,nan,,,nan,nan,nan,nan,nan,nan,nan,nan,nan,nan,nan,nan,nan,nan,nan,nan,nan,nan,nan,nan,nan,nan,nan,nan,,nan,nan,nan,,nan,,,,
nan,nan,nan,nan,nan,nan,nan,nan,nan,nan,nan,nan,nan,nan,nan,nan,nan,0.0,0.0,0.0,0.0,0.0,0.0,0.0,0.0,0.0,0.0,0.0,0.0,0.0,0.0,0.0,0.0,0.0,nan,nan,nan,,nan,nan,nan,nan,nan,nan,nan,,,,nan,nan,nan,nan,nan,nan,nan,nan,nan,nan,nan,nan,,nan,nan,,,nan,nan,nan,nan,nan,nan,nan,nan,nan,nan,nan,nan,nan,nan,nan,nan,nan,nan,nan,nan,nan,nan,nan,nan,,nan,nan,nan,,nan,,,,
nan,nan,nan,nan,nan,nan,nan,nan,nan,nan,nan,nan,nan,nan,nan,nan,nan,0.0,0.0,0.0,0.0,0.0,0.0,0.0,0.0,0.0,0.0,0.0,0.0,0.0,0.0,0.0,0.0,0.0,nan,nan,nan,,nan,nan,nan,nan,nan,nan,nan,,,,nan,nan,nan,nan,nan,nan,nan,nan,nan,nan,nan,nan,,nan,nan,,,nan,nan,nan,nan,nan,nan,nan,nan,nan,nan,nan,nan,nan,nan,nan,nan,nan,nan,nan,nan,nan,nan,nan,nan,,nan,nan,nan,,nan,,,,
nan,nan,nan,nan,nan,nan,nan,nan,nan,nan,nan,nan,nan,nan,nan,nan,nan,0.0,0.0,0.0,0.0,0.0,0.0,0.0,0.0,1.0,0.0,0.0,0.0,0.0,0.0,0.0,0.0,1.0,nan,nan,nan,,nan,nan,nan,nan,nan,nan,nan,,,,nan,nan,nan,nan,nan,nan,nan,nan,nan,nan,nan,nan,,nan,nan,,,nan,nan,nan,nan,nan,nan,nan,nan,nan,nan,nan,nan,nan,nan,nan,nan,nan,nan,nan,nan,nan,nan,nan,nan,,nan,nan,nan,,nan,,,,
nan,nan,nan,nan,nan,nan,nan,nan,nan,nan,nan,nan,nan,nan,nan,nan,nan,0.0,0.0,0.0,0.0,0.0,0.0,0.0,0.0,1.0,0.0,0.0,0.0,0.0,0.0,0.0,0.0,1.0,nan,nan,nan,,nan,nan,nan,nan,nan,nan,nan,,,,nan,nan,nan,nan,nan,nan,nan,nan,nan,nan,nan,nan,,nan,nan,,,nan,nan,nan,nan,nan,nan,nan,nan,nan,nan,nan,nan,nan,nan,nan,nan,nan,nan,nan,nan,nan,nan,nan,nan,,nan,nan,nan,,nan,,,,
nan,nan,nan,nan,nan,nan,nan,nan,nan,nan,nan,nan,nan,nan,nan,nan,nan,0.0,0.0,0.0,0.0,0.0,0.0,0.0,0.0,0.0,0.0,0.0,0.0,0.0,0.0,0.0,0.0,0.0,nan,nan,nan,,nan,nan,nan,nan,nan,nan,nan,,,,nan,nan,nan,nan,nan,nan,nan,nan,nan,nan,nan,nan,,nan,nan,,,nan,nan,nan,nan,nan,nan,nan,nan,nan,nan,nan,nan,nan,nan,nan,nan,nan,nan,nan,nan,nan,nan,nan,nan,,nan,nan,nan,,nan,,,,
nan,nan,nan,nan,nan,nan,nan,nan,nan,nan,nan,nan,nan,nan,nan,nan,nan,0.0,0.0,0.0,0.0,0.0,0.0,0.0,0.0,0.0,0.0,0.0,0.0,0.0,0.0,0.0,0.0,0.0,nan,nan,nan,,nan,nan,nan,nan,nan,nan,nan,,,,nan,nan,nan,nan,nan,nan,nan,nan,nan,nan,nan,nan,,nan,nan,,,nan,nan,nan,nan,nan,nan,nan,nan,nan,nan,nan,nan,nan,nan,nan,nan,nan,nan,nan,nan,nan,nan,nan,nan,,nan,nan,nan,,nan,,,,
nan,nan,nan,nan,nan,nan,nan,nan,nan,nan,nan,nan,nan,nan,nan,nan,nan,0.0,0.0,0.0,0.0,0.0,0.0,0.0,0.0,0.0,0.0,0.0,0.0,0.0,0.0,0.0,0.0,0.0,nan,nan,nan,,nan,nan,nan,nan,nan,nan,nan,,,,nan,nan,nan,nan,nan,nan,nan,nan,nan,nan,nan,nan,,nan,nan,,,nan,nan,nan,nan,nan,nan,nan,nan,nan,nan,nan,nan,nan,nan,nan,nan,nan,nan,nan,nan,nan,nan,nan,nan,,nan,nan,nan,,nan,,,,
nan,nan,nan,nan,nan,nan,nan,nan,nan,nan,nan,nan,nan,nan,nan,nan,nan,0.0,0.0,0.0,0.0,0.0,0.0,0.0,0.0,0.0,0.0,0.0,0.0,0.0,0.0,0.0,0.0,0.0,nan,nan,nan,,nan,nan,nan,nan,nan,nan,nan,,,,nan,nan,nan,nan,nan,nan,nan,nan,nan,nan,nan,nan,,nan,nan,,,nan,nan,nan,nan,nan,nan,nan,nan,nan,nan,nan,nan,nan,nan,nan,nan,nan,nan,nan,nan,nan,nan,nan,nan,,nan,nan,nan,,nan,,,,
nan,nan,nan,nan,nan,nan,nan,nan,nan,nan,nan,nan,nan,nan,nan,nan,nan,0.0,0.0,0.0,0.0,0.0,0.0,0.0,0.0,0.0,0.0,0.0,0.0,0.0,0.0,0.0,0.0,0.0,nan,nan,nan,,nan,nan,nan,nan,nan,nan,nan,,,,nan,nan,nan,nan,nan,nan,nan,nan,nan,nan,nan,nan,,nan,nan,,,nan,nan,nan,nan,nan,nan,nan,nan,nan,nan,nan,nan,nan,nan,nan,nan,nan,nan,nan,nan,nan,nan,nan,nan,,nan,nan,nan,,nan,,,,
nan,nan,nan,nan,nan,nan,nan,nan,nan,nan,nan,nan,nan,nan,nan,nan,nan,0.0,0.0,0.0,0.0,0.0,0.0,0.0,0.0,0.0,0.0,0.0,0.0,0.0,0.0,0.0,0.0,0.0,nan,nan,nan,,nan,nan,nan,nan,nan,nan,nan,,,,nan,nan,nan,nan,nan,nan,nan,nan,nan,nan,nan,nan,,nan,nan,,,nan,nan,nan,nan,nan,nan,nan,nan,nan,nan,nan,nan,nan,nan,nan,nan,nan,nan,nan,nan,nan,nan,nan,nan,,nan,nan,nan,,nan,,,,
nan,nan,nan,nan,nan,nan,nan,nan,nan,nan,nan,nan,nan,nan,nan,nan,nan,0.0,0.0,0.0,0.0,0.0,0.0,0.0,0.0,2.0,0.0,0.0,0.0,0.0,0.0,0.0,0.0,2.0,nan,nan,nan,,nan,nan,nan,nan,nan,nan,nan,,,,nan,nan,nan,nan,nan,nan,nan,nan,nan,nan,nan,nan,,nan,nan,,,nan,nan,nan,nan,nan,nan,nan,nan,nan,nan,nan,nan,nan,nan,nan,nan,nan,nan,nan,nan,nan,nan,nan,nan,,nan,nan,nan,,nan,,,,
nan,nan,nan,nan,nan,nan,nan,nan,nan,nan,nan,nan,nan,nan,nan,nan,nan,0.0,0.0,0.0,0.0,0.0,0.0,0.0,0.0,0.0,0.0,0.0,0.0,0.0,0.0,0.0,0.0,0.0,nan,nan,nan,,nan,nan,nan,nan,nan,nan,nan,,,,nan,nan,nan,nan,nan,nan,nan,nan,nan,nan,nan,nan,,nan,nan,,,nan,nan,nan,nan,nan,nan,nan,nan,nan,nan,nan,nan,nan,nan,nan,nan,nan,nan,nan,nan,nan,nan,nan,nan,,nan,nan,nan,,nan,,,,
nan,nan,nan,nan,nan,nan,nan,nan,nan,nan,nan,nan,nan,nan,nan,nan,nan,0.0,0.0,0.0,0.0,0.0,0.0,0.0,0.0,0.0,0.0,0.0,0.0,0.0,0.0,0.0,0.0,0.0,nan,nan,nan,,nan,nan,nan,nan,nan,nan,nan,,,,nan,nan,nan,nan,nan,nan,nan,nan,nan,nan,nan,nan,,nan,nan,,,nan,nan,nan,nan,nan,nan,nan,nan,nan,nan,nan,nan,nan,nan,nan,nan,nan,nan,nan,nan,nan,nan,nan,nan,,nan,nan,nan,,nan,,,,
nan,nan,nan,nan,nan,nan,nan,nan,nan,nan,nan,nan,nan,nan,nan,nan,nan,0.0,0.0,0.0,0.0,0.0,0.0,0.0,0.0,0.0,0.0,0.0,0.0,0.0,0.0,0.0,0.0,0.0,nan,nan,nan,,nan,nan,nan,nan,nan,nan,nan,,,,nan,nan,nan,nan,nan,nan,nan,nan,nan,nan,nan,nan,,nan,nan,,,nan,nan,nan,nan,nan,nan,nan,nan,nan,nan,nan,nan,nan,nan,nan,nan,nan,nan,nan,nan,nan,nan,nan,nan,,nan,nan,nan,,nan,,,,
nan,nan,nan,nan,nan,nan,nan,nan,nan,nan,nan,nan,nan,nan,nan,nan,nan,0.0,0.0,0.0,0.0,0.0,0.0,0.0,0.0,2.0,0.0,0.0,0.0,0.0,0.0,0.0,0.0,2.0,nan,nan,nan,,nan,nan,nan,nan,nan,nan,nan,,,,nan,nan,nan,nan,nan,nan,nan,nan,nan,nan,nan,nan,,nan,nan,,,nan,nan,nan,nan,nan,nan,nan,nan,nan,nan,nan,nan,nan,nan,nan,nan,nan,nan,nan,nan,nan,nan,nan,nan,,nan,nan,nan,,nan,,,,
nan,nan,nan,nan,nan,nan,nan,nan,nan,nan,nan,nan,nan,nan,nan,nan,nan,0.0,0.0,0.0,0.0,0.0,0.0,0.0,0.0,0.0,0.0,0.0,0.0,0.0,0.0,0.0,0.0,0.0,nan,nan,nan,,nan,nan,nan,nan,nan,nan,nan,,,,nan,nan,nan,nan,nan,nan,nan,nan,nan,nan,nan,nan,,nan,nan,,,nan,nan,nan,nan,nan,nan,nan,nan,nan,nan,nan,nan,nan,nan,nan,nan,nan,nan,nan,nan,nan,nan,nan,nan,,nan,nan,nan,,nan,,,,
nan,nan,nan,nan,nan,nan,nan,nan,nan,nan,nan,nan,nan,nan,nan,nan,nan,0.0,0.0,0.0,0.0,0.0,0.0,0.0,0.0,0.0,0.0,0.0,0.0,0.0,0.0,0.0,0.0,0.0,nan,nan,nan,,nan,nan,nan,nan,nan,nan,nan,,,,nan,nan,nan,nan,nan,nan,nan,nan,nan,nan,nan,nan,,nan,nan,,,nan,nan,nan,nan,nan,nan,nan,nan,nan,nan,nan,nan,nan,nan,nan,nan,nan,nan,nan,nan,nan,nan,nan,nan,,nan,nan,nan,,nan,,,,
nan,nan,nan,nan,nan,nan,nan,nan,nan,nan,nan,nan,nan,nan,nan,nan,nan,0.0,0.0,0.0,0.0,0.0,0.0,0.0,0.0,0.0,0.0,0.0,0.0,0.0,0.0,0.0,0.0,0.0,nan,nan,nan,,nan,nan,nan,nan,nan,nan,nan,,,,nan,nan,nan,nan,nan,nan,nan,nan,nan,nan,nan,nan,,nan,nan,,,nan,nan,nan,nan,nan,nan,nan,nan,nan,nan,nan,nan,nan,nan,nan,nan,nan,nan,nan,nan,nan,nan,nan,nan,,nan,nan,nan,,nan,,,,
nan,nan,nan,nan,nan,nan,nan,nan,nan,nan,nan,nan,nan,nan,nan,nan,nan,0.0,0.0,0.0,0.0,0.0,0.0,0.0,0.0,1.0,0.0,0.0,0.0,0.0,0.0,0.0,0.0,1.0,nan,nan,nan,,nan,nan,nan,nan,nan,nan,nan,,,,nan,nan,nan,nan,nan,nan,nan,nan,nan,nan,nan,nan,,nan,nan,,,nan,nan,nan,nan,nan,nan,nan,nan,nan,nan,nan,nan,nan,nan,nan,nan,nan,nan,nan,nan,nan,nan,nan,nan,,nan,nan,nan,,nan,,,,
nan,nan,nan,nan,nan,nan,nan,nan,nan,nan,nan,nan,nan,nan,nan,nan,nan,0.0,0.0,0.0,0.0,0.0,0.0,0.0,0.0,0.0,0.0,0.0,0.0,0.0,0.0,0.0,0.0,0.0,nan,nan,nan,,nan,nan,nan,nan,nan,nan,nan,,,,nan,nan,nan,nan,nan,nan,nan,nan,nan,nan,nan,nan,,nan,nan,,,nan,nan,nan,nan,nan,nan,nan,nan,nan,nan,nan,nan,nan,nan,nan,nan,nan,nan,nan,nan,nan,nan,nan,nan,,nan,nan,nan,,nan,,,,
nan,nan,nan,nan,nan,nan,nan,nan,nan,nan,nan,nan,nan,nan,nan,nan,nan,0.0,0.0,0.0,0.0,0.0,0.0,0.0,0.0,1.0,0.0,0.0,0.0,0.0,0.0,0.0,0.0,1.0,nan,nan,nan,,nan,nan,nan,nan,nan,nan,nan,,,,nan,nan,nan,nan,nan,nan,nan,nan,nan,nan,nan,nan,,nan,nan,,,nan,nan,nan,nan,nan,nan,nan,nan,nan,nan,nan,nan,nan,nan,nan,nan,nan,nan,nan,nan,nan,nan,nan,nan,,nan,nan,nan,,nan,,,,
nan,nan,nan,nan,nan,nan,nan,nan,nan,nan,nan,nan,nan,nan,nan,nan,nan,0.0,0.0,0.0,0.0,0.0,0.0,0.0,0.0,0.0,0.0,0.0,0.0,0.0,0.0,0.0,0.0,0.0,nan,nan,nan,,nan,nan,nan,nan,nan,nan,nan,,,,nan,nan,nan,nan,nan,nan,nan,nan,nan,nan,nan,nan,,nan,nan,,,nan,nan,nan,nan,nan,nan,nan,nan,nan,nan,nan,nan,nan,nan,nan,nan,nan,nan,nan,nan,nan,nan,nan,nan,,nan,nan,nan,,nan,,,,
nan,nan,nan,nan,nan,nan,nan,nan,nan,nan,nan,nan,nan,nan,nan,nan,nan,0.0,0.0,0.0,0.0,0.0,0.0,0.0,0.0,0.0,0.0,0.0,0.0,0.0,0.0,0.0,0.0,0.0,nan,nan,nan,,nan,nan,nan,nan,nan,nan,nan,,,,nan,nan,nan,nan,nan,nan,nan,nan,nan,nan,nan,nan,,nan,nan,,,nan,nan,nan,nan,nan,nan,nan,nan,nan,nan,nan,nan,nan,nan,nan,nan,nan,nan,nan,nan,nan,nan,nan,nan,,nan,nan,nan,,nan,,,,
nan,nan,nan,nan,nan,nan,nan,nan,nan,nan,nan,nan,nan,nan,nan,nan,nan,0.0,0.0,0.0,0.0,0.0,0.0,0.0,0.0,0.0,0.0,0.0,0.0,0.0,0.0,0.0,0.0,0.0,nan,nan,nan,,nan,nan,nan,nan,nan,nan,nan,,,,nan,nan,nan,nan,nan,nan,nan,nan,nan,nan,nan,nan,,nan,nan,,,nan,nan,nan,nan,nan,nan,nan,nan,nan,nan,nan,nan,nan,nan,nan,nan,nan,nan,nan,nan,nan,nan,nan,nan,,nan,nan,nan,,nan,,,,
nan,nan,nan,nan,nan,nan,nan,nan,nan,nan,nan,nan,nan,nan,nan,nan,nan,0.0,0.0,0.0,0.0,0.0,0.0,0.0,0.0,0.0,0.0,0.0,0.0,0.0,0.0,0.0,0.0,0.0,nan,nan,nan,,nan,nan,nan,nan,nan,nan,nan,,,,nan,nan,nan,nan,nan,nan,nan,nan,nan,nan,nan,nan,,nan,nan,,,nan,nan,nan,nan,nan,nan,nan,nan,nan,nan,nan,nan,nan,nan,nan,nan,nan,nan,nan,nan,nan,nan,nan,nan,,nan,nan,nan,,nan,,,,
nan,nan,nan,nan,nan,nan,nan,nan,nan,nan,nan,nan,nan,nan,nan,nan,nan,0.0,0.0,0.0,0.0,0.0,0.0,0.0,0.0,0.0,0.0,0.0,0.0,0.0,0.0,0.0,0.0,0.0,nan,nan,nan,,nan,nan,nan,nan,nan,nan,nan,,,,nan,nan,nan,nan,nan,nan,nan,nan,nan,nan,nan,nan,,nan,nan,,,nan,nan,nan,nan,nan,nan,nan,nan,nan,nan,nan,nan,nan,nan,nan,nan,nan,nan,nan,nan,nan,nan,nan,nan,,nan,nan,nan,,nan,,,,
nan,nan,nan,nan,nan,nan,nan,nan,nan,nan,nan,nan,nan,nan,nan,nan,nan,0.0,0.0,0.0,0.0,0.0,0.0,0.0,0.0,0.0,0.0,0.0,0.0,0.0,0.0,0.0,0.0,0.0,nan,nan,nan,,nan,nan,nan,nan,nan,nan,nan,,,,nan,nan,nan,nan,nan,nan,nan,nan,nan,nan,nan,nan,,nan,nan,,,nan,nan,nan,nan,nan,nan,nan,nan,nan,nan,nan,nan,nan,nan,nan,nan,nan,nan,nan,nan,nan,nan,nan,nan,,nan,nan,nan,,nan,,,,
nan,nan,nan,nan,nan,nan,nan,nan,nan,nan,nan,nan,nan,nan,nan,nan,nan,0.0,0.0,0.0,0.0,0.0,0.0,0.0,0.0,0.0,0.0,0.0,0.0,0.0,0.0,0.0,0.0,0.0,nan,nan,nan,,nan,nan,nan,nan,nan,nan,nan,,,,nan,nan,nan,nan,nan,nan,nan,nan,nan,nan,nan,nan,,nan,nan,,,nan,nan,nan,nan,nan,nan,nan,nan,nan,nan,nan,nan,nan,nan,nan,nan,nan,nan,nan,nan,nan,nan,nan,nan,,nan,nan,nan,,nan,,,,
nan,nan,nan,nan,nan,nan,nan,nan,nan,nan,nan,nan,nan,nan,nan,nan,nan,0.0,0.0,0.0,0.0,0.0,0.0,0.0,0.0,0.0,0.0,0.0,0.0,0.0,0.0,0.0,0.0,0.0,nan,nan,nan,,nan,nan,nan,nan,nan,nan,nan,,,,nan,nan,nan,nan,nan,nan,nan,nan,nan,nan,nan,nan,,nan,nan,,,nan,nan,nan,nan,nan,nan,nan,nan,nan,nan,nan,nan,nan,nan,nan,nan,nan,nan,nan,nan,nan,nan,nan,nan,,nan,nan,nan,,nan,,,,
nan,nan,nan,nan,nan,nan,nan,nan,nan,nan,nan,nan,nan,nan,nan,nan,nan,0.0,0.0,0.0,0.0,0.0,0.0,0.0,0.0,0.0,0.0,0.0,0.0,0.0,0.0,0.0,0.0,0.0,nan,nan,nan,,nan,nan,nan,nan,nan,nan,nan,,,,nan,nan,nan,nan,nan,nan,nan,nan,nan,nan,nan,nan,,nan,nan,,,nan,nan,nan,nan,nan,nan,nan,nan,nan,nan,nan,nan,nan,nan,nan,nan,nan,nan,nan,nan,nan,nan,nan,nan,,nan,nan,nan,,nan,,,,
nan,nan,nan,nan,nan,nan,nan,nan,nan,nan,nan,nan,nan,nan,nan,nan,nan,0.0,0.0,0.0,0.0,0.0,0.0,0.0,0.0,1.0,0.0,0.0,0.0,0.0,0.0,0.0,0.0,1.0,nan,nan,nan,,nan,nan,nan,nan,nan,nan,nan,,,,nan,nan,nan,nan,nan,nan,nan,nan,nan,nan,nan,nan,,nan,nan,,,nan,nan,nan,nan,nan,nan,nan,nan,nan,nan,nan,nan,nan,nan,nan,nan,nan,nan,nan,nan,nan,nan,nan,nan,,nan,nan,nan,,nan,,,,
nan,nan,nan,nan,nan,nan,nan,nan,nan,nan,nan,nan,nan,nan,nan,nan,nan,0.0,0.0,0.0,0.0,0.0,0.0,0.0,0.0,0.0,0.0,0.0,0.0,0.0,0.0,0.0,0.0,0.0,nan,nan,nan,,nan,nan,nan,nan,nan,nan,nan,,,,nan,nan,nan,nan,nan,nan,nan,nan,nan,nan,nan,nan,,nan,nan,,,nan,nan,nan,nan,nan,nan,nan,nan,nan,nan,nan,nan,nan,nan,nan,nan,nan,nan,nan,nan,nan,nan,nan,nan,,nan,nan,nan,,nan,,,,
nan,nan,nan,nan,nan,nan,nan,nan,nan,nan,nan,nan,nan,nan,nan,nan,nan,0.0,0.0,0.0,0.0,0.0,0.0,0.0,0.0,0.0,0.0,0.0,0.0,0.0,0.0,0.0,0.0,0.0,nan,nan,nan,,nan,nan,nan,nan,nan,nan,nan,,,,nan,nan,nan,nan,nan,nan,nan,nan,nan,nan,nan,nan,,nan,nan,,,nan,nan,nan,nan,nan,nan,nan,nan,nan,nan,nan,nan,nan,nan,nan,nan,nan,nan,nan,nan,nan,nan,nan,nan,,nan,nan,nan,,nan,,,,
nan,nan,nan,nan,nan,nan,nan,nan,nan,nan,nan,nan,nan,nan,nan,nan,nan,0.0,0.0,0.0,0.0,0.0,0.0,0.0,0.0,0.0,0.0,0.0,0.0,0.0,0.0,0.0,0.0,0.0,nan,nan,nan,,nan,nan,nan,nan,nan,nan,nan,,,,nan,nan,nan,nan,nan,nan,nan,nan,nan,nan,nan,nan,,nan,nan,,,nan,nan,nan,nan,nan,nan,nan,nan,nan,nan,nan,nan,nan,nan,nan,nan,nan,nan,nan,nan,nan,nan,nan,nan,,nan,nan,nan,,nan,,,,
nan,nan,nan,nan,nan,nan,nan,nan,nan,nan,nan,nan,nan,nan,nan,nan,nan,0.0,0.0,0.0,0.0,0.0,0.0,0.0,0.0,0.0,0.0,0.0,0.0,0.0,0.0,0.0,0.0,0.0,nan,nan,nan,,nan,nan,nan,nan,nan,nan,nan,,,,nan,nan,nan,nan,nan,nan,nan,nan,nan,nan,nan,nan,,nan,nan,,,nan,nan,nan,nan,nan,nan,nan,nan,nan,nan,nan,nan,nan,nan,nan,nan,nan,nan,nan,nan,nan,nan,nan,nan,,nan,nan,nan,,nan,,,,
nan,nan,nan,nan,nan,nan,nan,nan,nan,nan,nan,nan,nan,nan,nan,nan,nan,0.0,0.0,0.0,0.0,0.0,0.0,0.0,0.0,0.0,0.0,0.0,0.0,0.0,0.0,0.0,0.0,0.0,nan,nan,nan,,nan,nan,nan,nan,nan,nan,nan,,,,nan,nan,nan,nan,nan,nan,nan,nan,nan,nan,nan,nan,,nan,nan,,,nan,nan,nan,nan,nan,nan,nan,nan,nan,nan,nan,nan,nan,nan,nan,nan,nan,nan,nan,nan,nan,nan,nan,nan,,nan,nan,nan,,nan,,,,
nan,nan,nan,nan,nan,nan,nan,nan,nan,nan,nan,nan,nan,nan,nan,nan,nan,0.0,0.0,0.0,0.0,0.0,0.0,0.0,0.0,0.0,0.0,0.0,0.0,0.0,0.0,0.0,0.0,0.0,nan,nan,nan,,nan,nan,nan,nan,nan,nan,nan,,,,nan,nan,nan,nan,nan,nan,nan,nan,nan,nan,nan,nan,,nan,nan,,,nan,nan,nan,nan,nan,nan,nan,nan,nan,nan,nan,nan,nan,nan,nan,nan,nan,nan,nan,nan,nan,nan,nan,nan,,nan,nan,nan,,nan,,,,
nan,nan,nan,nan,nan,nan,nan,nan,nan,nan,nan,nan,nan,nan,nan,nan,nan,0.0,0.0,0.0,0.0,0.0,0.0,0.0,0.0,0.0,0.0,0.0,0.0,0.0,0.0,0.0,0.0,0.0,nan,nan,nan,,nan,nan,nan,nan,nan,nan,nan,,,,nan,nan,nan,nan,nan,nan,nan,nan,nan,nan,nan,nan,,nan,nan,,,nan,nan,nan,nan,nan,nan,nan,nan,nan,nan,nan,nan,nan,nan,nan,nan,nan,nan,nan,nan,nan,nan,nan,nan,,nan,nan,nan,,nan,,,,
nan,nan,nan,nan,nan,nan,nan,nan,nan,nan,nan,nan,nan,nan,nan,nan,nan,0.0,0.0,0.0,0.0,0.0,0.0,0.0,0.0,1.0,0.0,0.0,0.0,0.0,0.0,0.0,0.0,1.0,nan,nan,nan,,nan,nan,nan,nan,nan,nan,nan,,,,nan,nan,nan,nan,nan,nan,nan,nan,nan,nan,nan,nan,,nan,nan,,,nan,nan,nan,nan,nan,nan,nan,nan,nan,nan,nan,nan,nan,nan,nan,nan,nan,nan,nan,nan,nan,nan,nan,nan,,nan,nan,nan,,nan,,,,
nan,nan,nan,nan,nan,nan,nan,nan,nan,nan,nan,nan,nan,nan,nan,nan,nan,0.0,0.0,0.0,0.0,0.0,0.0,0.0,0.0,0.0,0.0,0.0,0.0,0.0,0.0,0.0,0.0,0.0,nan,nan,nan,,nan,nan,nan,nan,nan,nan,nan,,,,nan,nan,nan,nan,nan,nan,nan,nan,nan,nan,nan,nan,,nan,nan,,,nan,nan,nan,nan,nan,nan,nan,nan,nan,nan,nan,nan,nan,nan,nan,nan,nan,nan,nan,nan,nan,nan,nan,nan,,nan,nan,nan,,nan,,,,
nan,nan,nan,nan,nan,nan,nan,nan,nan,nan,nan,nan,nan,nan,nan,nan,nan,0.0,0.0,0.0,0.0,0.0,0.0,0.0,0.0,0.0,0.0,0.0,0.0,0.0,0.0,0.0,0.0,0.0,nan,nan,nan,,nan,nan,nan,nan,nan,nan,nan,,,,nan,nan,nan,nan,nan,nan,nan,nan,nan,nan,nan,nan,,nan,nan,,,nan,nan,nan,nan,nan,nan,nan,nan,nan,nan,nan,nan,nan,nan,nan,nan,nan,nan,nan,nan,nan,nan,nan,nan,,nan,nan,nan,,nan,,,,
nan,nan,nan,nan,nan,nan,nan,nan,nan,nan,nan,nan,nan,nan,nan,nan,nan,0.0,0.0,0.0,0.0,0.0,0.0,0.0,0.0,1.0,0.0,0.0,0.0,0.0,0.0,0.0,0.0,1.0,nan,nan,nan,,nan,nan,nan,nan,nan,nan,nan,,,,nan,nan,nan,nan,nan,nan,nan,nan,nan,nan,nan,nan,,nan,nan,,,nan,nan,nan,nan,nan,nan,nan,nan,nan,nan,nan,nan,nan,nan,nan,nan,nan,nan,nan,nan,nan,nan,nan,nan,,nan,nan,nan,,nan,,,,
nan,nan,nan,nan,nan,nan,nan,nan,nan,nan,nan,nan,nan,nan,nan,nan,nan,0.0,0.0,0.0,0.0,0.0,0.0,0.0,0.0,0.0,0.0,0.0,0.0,0.0,0.0,0.0,0.0,0.0,nan,nan,nan,,nan,nan,nan,nan,nan,nan,nan,,,,nan,nan,nan,nan,nan,nan,nan,nan,nan,nan,nan,nan,,nan,nan,,,nan,nan,nan,nan,nan,nan,nan,nan,nan,nan,nan,nan,nan,nan,nan,nan,nan,nan,nan,nan,nan,nan,nan,nan,,nan,nan,nan,,nan,,,,
nan,nan,nan,nan,nan,nan,nan,nan,nan,nan,nan,nan,nan,nan,nan,nan,nan,0.0,0.0,0.0,0.0,0.0,0.0,0.0,0.0,0.0,0.0,0.0,0.0,0.0,0.0,0.0,0.0,0.0,nan,nan,nan,,nan,nan,nan,nan,nan,nan,nan,,,,nan,nan,nan,nan,nan,nan,nan,nan,nan,nan,nan,nan,,nan,nan,,,nan,nan,nan,nan,nan,nan,nan,nan,nan,nan,nan,nan,nan,nan,nan,nan,nan,nan,nan,nan,nan,nan,nan,nan,,nan,nan,nan,,nan,,,,
nan,nan,nan,nan,nan,nan,nan,nan,nan,nan,nan,nan,nan,nan,nan,nan,nan,0.0,0.0,0.0,0.0,0.0,0.0,0.0,0.0,0.0,0.0,0.0,0.0,0.0,0.0,0.0,0.0,0.0,nan,nan,nan,,nan,nan,nan,nan,nan,nan,nan,,,,nan,nan,nan,nan,nan,nan,nan,nan,nan,nan,nan,nan,,nan,nan,,,nan,nan,nan,nan,nan,nan,nan,nan,nan,nan,nan,nan,nan,nan,nan,nan,nan,nan,nan,nan,nan,nan,nan,nan,,nan,nan,nan,,nan,,,,
nan,nan,nan,nan,nan,nan,nan,nan,nan,nan,nan,nan,nan,nan,nan,nan,nan,0.0,0.0,0.0,0.0,0.0,0.0,0.0,0.0,0.0,0.0,0.0,0.0,0.0,0.0,0.0,0.0,0.0,nan,nan,nan,,nan,nan,nan,nan,nan,nan,nan,,,,nan,nan,nan,nan,nan,nan,nan,nan,nan,nan,nan,nan,,nan,nan,,,nan,nan,nan,nan,nan,nan,nan,nan,nan,nan,nan,nan,nan,nan,nan,nan,nan,nan,nan,nan,nan,nan,nan,nan,,nan,nan,nan,,nan,,,,
nan,nan,nan,nan,nan,nan,nan,nan,nan,nan,nan,nan,nan,nan,nan,nan,nan,0.0,0.0,0.0,0.0,0.0,0.0,0.0,0.0,0.0,0.0,0.0,0.0,0.0,0.0,0.0,0.0,0.0,nan,nan,nan,,nan,nan,nan,nan,nan,nan,nan,,,,nan,nan,nan,nan,nan,nan,nan,nan,nan,nan,nan,nan,,nan,nan,,,nan,nan,nan,nan,nan,nan,nan,nan,nan,nan,nan,nan,nan,nan,nan,nan,nan,nan,nan,nan,nan,nan,nan,nan,,nan,nan,nan,,nan,,,,
nan,nan,nan,nan,nan,nan,nan,nan,nan,nan,nan,nan,nan,nan,nan,nan,nan,0.0,0.0,0.0,0.0,0.0,0.0,0.0,0.0,0.0,0.0,0.0,0.0,0.0,0.0,0.0,0.0,0.0,nan,nan,nan,,nan,nan,nan,nan,nan,nan,nan,,,,nan,nan,nan,nan,nan,nan,nan,nan,nan,nan,nan,nan,,nan,nan,,,nan,nan,nan,nan,nan,nan,nan,nan,nan,nan,nan,nan,nan,nan,nan,nan,nan,nan,nan,nan,nan,nan,nan,nan,,nan,nan,nan,,nan,,,,
nan,nan,nan,nan,nan,nan,nan,nan,nan,nan,nan,nan,nan,nan,nan,nan,nan,0.0,0.0,0.0,0.0,0.0,0.0,0.0,0.0,0.0,0.0,0.0,0.0,0.0,0.0,0.0,0.0,0.0,nan,nan,nan,,nan,nan,nan,nan,nan,nan,nan,,,,nan,nan,nan,nan,nan,nan,nan,nan,nan,nan,nan,nan,,nan,nan,,,nan,nan,nan,nan,nan,nan,nan,nan,nan,nan,nan,nan,nan,nan,nan,nan,nan,nan,nan,nan,nan,nan,nan,nan,,nan,nan,nan,,nan,,,,
nan,nan,nan,nan,nan,nan,nan,nan,nan,nan,nan,nan,nan,nan,nan,nan,nan,0.0,0.0,0.0,0.0,0.0,0.0,0.0,0.0,0.0,0.0,0.0,0.0,0.0,0.0,0.0,0.0,0.0,nan,nan,nan,,nan,nan,nan,nan,nan,nan,nan,,,,nan,nan,nan,nan,nan,nan,nan,nan,nan,nan,nan,nan,,nan,nan,,,nan,nan,nan,nan,nan,nan,nan,nan,nan,nan,nan,nan,nan,nan,nan,nan,nan,nan,nan,nan,nan,nan,nan,nan,,nan,nan,nan,,nan,,,,
nan,nan,nan,nan,nan,nan,nan,nan,nan,nan,nan,nan,nan,nan,nan,nan,nan,0.0,0.0,0.0,0.0,0.0,0.0,0.0,0.0,2.0,0.0,0.0,0.0,0.0,0.0,0.0,0.0,2.0,nan,nan,nan,,nan,nan,nan,nan,nan,nan,nan,,,,nan,nan,nan,nan,nan,nan,nan,nan,nan,nan,nan,nan,,nan,nan,,,nan,nan,nan,nan,nan,nan,nan,nan,nan,nan,nan,nan,nan,nan,nan,nan,nan,nan,nan,nan,nan,nan,nan,nan,,nan,nan,nan,,nan,,,,
nan,nan,nan,nan,nan,nan,nan,nan,nan,nan,nan,nan,nan,nan,nan,nan,nan,0.0,0.0,0.0,0.0,0.0,0.0,0.0,0.0,0.0,0.0,0.0,0.0,0.0,0.0,0.0,0.0,0.0,nan,nan,nan,,nan,nan,nan,nan,nan,nan,nan,,,,nan,nan,nan,nan,nan,nan,nan,nan,nan,nan,nan,nan,,nan,nan,,,nan,nan,nan,nan,nan,nan,nan,nan,nan,nan,nan,nan,nan,nan,nan,nan,nan,nan,nan,nan,nan,nan,nan,nan,,nan,nan,nan,,nan,,,,
nan,nan,nan,nan,nan,nan,nan,nan,nan,nan,nan,nan,nan,nan,nan,nan,nan,0.0,0.0,0.0,0.0,0.0,0.0,0.0,0.0,0.0,0.0,0.0,0.0,0.0,0.0,0.0,0.0,0.0,nan,nan,nan,,nan,nan,nan,nan,nan,nan,nan,,,,nan,nan,nan,nan,nan,nan,nan,nan,nan,nan,nan,nan,,nan,nan,,,nan,nan,nan,nan,nan,nan,nan,nan,nan,nan,nan,nan,nan,nan,nan,nan,nan,nan,nan,nan,nan,nan,nan,nan,,nan,nan,nan,,nan,,,,
nan,nan,nan,nan,nan,nan,nan,nan,nan,nan,nan,nan,nan,nan,nan,nan,nan,0.0,0.0,0.0,0.0,0.0,0.0,0.0,0.0,0.0,0.0,0.0,0.0,0.0,0.0,0.0,0.0,0.0,nan,nan,nan,,nan,nan,nan,nan,nan,nan,nan,,,,nan,nan,nan,nan,nan,nan,nan,nan,nan,nan,nan,nan,,nan,nan,,,nan,nan,nan,nan,nan,nan,nan,nan,nan,nan,nan,nan,nan,nan,nan,nan,nan,nan,nan,nan,nan,nan,nan,nan,,nan,nan,nan,,nan,,,,
nan,nan,nan,nan,nan,nan,nan,nan,nan,nan,nan,nan,nan,nan,nan,nan,nan,0.0,0.0,0.0,0.0,0.0,0.0,0.0,0.0,0.0,0.0,0.0,0.0,0.0,0.0,0.0,0.0,0.0,nan,nan,nan,,nan,nan,nan,nan,nan,nan,nan,,,,nan,nan,nan,nan,nan,nan,nan,nan,nan,nan,nan,nan,,nan,nan,,,nan,nan,nan,nan,nan,nan,nan,nan,nan,nan,nan,nan,nan,nan,nan,nan,nan,nan,nan,nan,nan,nan,nan,nan,,nan,nan,nan,,nan,,,,
nan,nan,nan,nan,nan,nan,nan,nan,nan,nan,nan,nan,nan,nan,nan,nan,nan,0.0,0.0,0.0,0.0,0.0,0.0,0.0,0.0,0.0,0.0,0.0,0.0,0.0,0.0,0.0,0.0,0.0,nan,nan,nan,,nan,nan,nan,nan,nan,nan,nan,,,,nan,nan,nan,nan,nan,nan,nan,nan,nan,nan,nan,nan,,nan,nan,,,nan,nan,nan,nan,nan,nan,nan,nan,nan,nan,nan,nan,nan,nan,nan,nan,nan,nan,nan,nan,nan,nan,nan,nan,,nan,nan,nan,,nan,,,,
nan,nan,nan,nan,nan,nan,nan,nan,nan,nan,nan,nan,nan,nan,nan,nan,nan,0.0,0.0,0.0,0.0,0.0,0.0,0.0,0.0,0.0,0.0,0.0,0.0,0.0,0.0,0.0,0.0,0.0,nan,nan,nan,,nan,nan,nan,nan,nan,nan,nan,,,,nan,nan,nan,nan,nan,nan,nan,nan,nan,nan,nan,nan,,nan,nan,,,nan,nan,nan,nan,nan,nan,nan,nan,nan,nan,nan,nan,nan,nan,nan,nan,nan,nan,nan,nan,nan,nan,nan,nan,,nan,nan,nan,,nan,,,,
nan,nan,nan,nan,nan,nan,nan,nan,nan,nan,nan,nan,nan,nan,nan,nan,nan,0.0,0.0,0.0,0.0,0.0,0.0,0.0,0.0,1.0,0.0,0.0,0.0,0.0,0.0,0.0,0.0,1.0,nan,nan,nan,,nan,nan,nan,nan,nan,nan,nan,,,,nan,nan,nan,nan,nan,nan,nan,nan,nan,nan,nan,nan,,nan,nan,,,nan,nan,nan,nan,nan,nan,nan,nan,nan,nan,nan,nan,nan,nan,nan,nan,nan,nan,nan,nan,nan,nan,nan,nan,,nan,nan,nan,,nan,,,,
nan,nan,nan,nan,nan,nan,nan,nan,nan,nan,nan,nan,nan,nan,nan,nan,nan,0.0,0.0,0.0,0.0,0.0,0.0,0.0,0.0,1.0,0.0,0.0,0.0,0.0,0.0,0.0,0.0,1.0,nan,nan,nan,,nan,nan,nan,nan,nan,nan,nan,,,,nan,nan,nan,nan,nan,nan,nan,nan,nan,nan,nan,nan,,nan,nan,,,nan,nan,nan,nan,nan,nan,nan,nan,nan,nan,nan,nan,nan,nan,nan,nan,nan,nan,nan,nan,nan,nan,nan,nan,,nan,nan,nan,,nan,,,,
nan,nan,nan,nan,nan,nan,nan,nan,nan,nan,nan,nan,nan,nan,nan,nan,nan,0.0,0.0,0.0,0.0,0.0,0.0,0.0,0.0,0.0,0.0,0.0,0.0,0.0,0.0,0.0,0.0,0.0,nan,nan,nan,,nan,nan,nan,nan,nan,nan,nan,,,,nan,nan,nan,nan,nan,nan,nan,nan,nan,nan,nan,nan,,nan,nan,,,nan,nan,nan,nan,nan,nan,nan,nan,nan,nan,nan,nan,nan,nan,nan,nan,nan,nan,nan,nan,nan,nan,nan,nan,,nan,nan,nan,,nan,,,,
nan,nan,nan,nan,nan,nan,nan,nan,nan,nan,nan,nan,nan,nan,nan,nan,nan,0.0,0.0,0.0,0.0,0.0,0.0,0.0,0.0,0.0,0.0,0.0,0.0,0.0,0.0,0.0,0.0,0.0,nan,nan,nan,,nan,nan,nan,nan,nan,nan,nan,,,,nan,nan,nan,nan,nan,nan,nan,nan,nan,nan,nan,nan,,nan,nan,,,nan,nan,nan,nan,nan,nan,nan,nan,nan,nan,nan,nan,nan,nan,nan,nan,nan,nan,nan,nan,nan,nan,nan,nan,,nan,nan,nan,,nan,,,,
nan,nan,nan,nan,nan,nan,nan,nan,nan,nan,nan,nan,nan,nan,nan,nan,nan,0.0,0.0,0.0,0.0,0.0,0.0,0.0,0.0,0.0,0.0,0.0,0.0,0.0,0.0,0.0,0.0,0.0,nan,nan,nan,,nan,nan,nan,nan,nan,nan,nan,,,,nan,nan,nan,nan,nan,nan,nan,nan,nan,nan,nan,nan,,nan,nan,,,nan,nan,nan,nan,nan,nan,nan,nan,nan,nan,nan,nan,nan,nan,nan,nan,nan,nan,nan,nan,nan,nan,nan,nan,,nan,nan,nan,,nan,,,,
nan,nan,nan,nan,nan,nan,nan,nan,nan,nan,nan,nan,nan,nan,nan,nan,nan,0.0,0.0,0.0,0.0,0.0,0.0,0.0,0.0,0.0,0.0,0.0,0.0,0.0,0.0,0.0,0.0,0.0,nan,nan,nan,,nan,nan,nan,nan,nan,nan,nan,,,,nan,nan,nan,nan,nan,nan,nan,nan,nan,nan,nan,nan,,nan,nan,,,nan,nan,nan,nan,nan,nan,nan,nan,nan,nan,nan,nan,nan,nan,nan,nan,nan,nan,nan,nan,nan,nan,nan,nan,,nan,nan,nan,,nan,,,,
nan,nan,nan,nan,nan,nan,nan,nan,nan,nan,nan,nan,nan,nan,nan,nan,nan,0.0,0.0,0.0,0.0,0.0,0.0,0.0,0.0,1.0,0.0,0.0,0.0,0.0,0.0,0.0,0.0,1.0,nan,nan,nan,,nan,nan,nan,nan,nan,nan,nan,,,,nan,nan,nan,nan,nan,nan,nan,nan,nan,nan,nan,nan,,nan,nan,,,nan,nan,nan,nan,nan,nan,nan,nan,nan,nan,nan,nan,nan,nan,nan,nan,nan,nan,nan,nan,nan,nan,nan,nan,,nan,nan,nan,,nan,,,,
nan,nan,nan,nan,nan,nan,nan,nan,nan,nan,nan,nan,nan,nan,nan,nan,nan,0.0,0.0,0.0,0.0,0.0,0.0,0.0,0.0,0.0,0.0,0.0,0.0,0.0,0.0,0.0,0.0,0.0,nan,nan,nan,,nan,nan,nan,nan,nan,nan,nan,,,,nan,nan,nan,nan,nan,nan,nan,nan,nan,nan,nan,nan,,nan,nan,,,nan,nan,nan,nan,nan,nan,nan,nan,nan,nan,nan,nan,nan,nan,nan,nan,nan,nan,nan,nan,nan,nan,nan,nan,,nan,nan,nan,,nan,,,,
nan,nan,nan,nan,nan,nan,nan,nan,nan,nan,nan,nan,nan,nan,nan,nan,nan,0.0,0.0,0.0,0.0,0.0,0.0,0.0,0.0,0.0,0.0,0.0,0.0,0.0,0.0,0.0,0.0,0.0,nan,nan,nan,,nan,nan,nan,nan,nan,nan,nan,,,,nan,nan,nan,nan,nan,nan,nan,nan,nan,nan,nan,nan,,nan,nan,,,nan,nan,nan,nan,nan,nan,nan,nan,nan,nan,nan,nan,nan,nan,nan,nan,nan,nan,nan,nan,nan,nan,nan,nan,,nan,nan,nan,,nan,,,,
nan,nan,nan,nan,nan,nan,nan,nan,nan,nan,nan,nan,nan,nan,nan,nan,nan,0.0,0.0,0.0,0.0,0.0,0.0,0.0,0.0,0.0,0.0,0.0,0.0,0.0,0.0,0.0,0.0,0.0,nan,nan,nan,,nan,nan,nan,nan,nan,nan,nan,,,,nan,nan,nan,nan,nan,nan,nan,nan,nan,nan,nan,nan,,nan,nan,,,nan,nan,nan,nan,nan,nan,nan,nan,nan,nan,nan,nan,nan,nan,nan,nan,nan,nan,nan,nan,nan,nan,nan,nan,,nan,nan,nan,,nan,,,,
nan,nan,nan,nan,nan,nan,nan,nan,nan,nan,nan,nan,nan,nan,nan,nan,nan,0.0,0.0,0.0,0.0,0.0,0.0,0.0,0.0,0.0,0.0,0.0,0.0,0.0,0.0,0.0,0.0,0.0,nan,nan,nan,,nan,nan,nan,nan,nan,nan,nan,,,,nan,nan,nan,nan,nan,nan,nan,nan,nan,nan,nan,nan,,nan,nan,,,nan,nan,nan,nan,nan,nan,nan,nan,nan,nan,nan,nan,nan,nan,nan,nan,nan,nan,nan,nan,nan,nan,nan,nan,,nan,nan,nan,,nan,,,,
nan,nan,nan,nan,nan,nan,nan,nan,nan,nan,nan,nan,nan,nan,nan,nan,nan,0.0,0.0,0.0,0.0,0.0,0.0,0.0,0.0,0.0,0.0,0.0,0.0,0.0,0.0,0.0,0.0,0.0,nan,nan,nan,,nan,nan,nan,nan,nan,nan,nan,,,,nan,nan,nan,nan,nan,nan,nan,nan,nan,nan,nan,nan,,nan,nan,,,nan,nan,nan,nan,nan,nan,nan,nan,nan,nan,nan,nan,nan,nan,nan,nan,nan,nan,nan,nan,nan,nan,nan,nan,,nan,nan,nan,,nan,,,,
nan,nan,nan,nan,nan,nan,nan,nan,nan,nan,nan,nan,nan,nan,nan,nan,nan,0.0,0.0,0.0,0.0,0.0,0.0,0.0,0.0,1.0,0.0,0.0,0.0,0.0,0.0,0.0,0.0,1.0,nan,nan,nan,,nan,nan,nan,nan,nan,nan,nan,,,,nan,nan,nan,nan,nan,nan,nan,nan,nan,nan,nan,nan,,nan,nan,,,nan,nan,nan,nan,nan,nan,nan,nan,nan,nan,nan,nan,nan,nan,nan,nan,nan,nan,nan,nan,nan,nan,nan,nan,,nan,nan,nan,,nan,,,,
nan,nan,nan,nan,nan,nan,nan,nan,nan,nan,nan,nan,nan,nan,nan,nan,nan,0.0,0.0,0.0,0.0,0.0,0.0,0.0,0.0,1.0,0.0,0.0,0.0,0.0,0.0,0.0,0.0,1.0,nan,nan,nan,,nan,nan,nan,nan,nan,nan,nan,,,,nan,nan,nan,nan,nan,nan,nan,nan,nan,nan,nan,nan,,nan,nan,,,nan,nan,nan,nan,nan,nan,nan,nan,nan,nan,nan,nan,nan,nan,nan,nan,nan,nan,nan,nan,nan,nan,nan,nan,,nan,nan,nan,,nan,,,,
nan,nan,nan,nan,nan,nan,nan,nan,nan,nan,nan,nan,nan,nan,nan,nan,nan,0.0,0.0,0.0,0.0,0.0,0.0,0.0,0.0,0.0,0.0,0.0,0.0,0.0,0.0,0.0,0.0,0.0,nan,nan,nan,,nan,nan,nan,nan,nan,nan,nan,,,,nan,nan,nan,nan,nan,nan,nan,nan,nan,nan,nan,nan,,nan,nan,,,nan,nan,nan,nan,nan,nan,nan,nan,nan,nan,nan,nan,nan,nan,nan,nan,nan,nan,nan,nan,nan,nan,nan,nan,,nan,nan,nan,,nan,,,,
nan,nan,nan,nan,nan,nan,nan,nan,nan,nan,nan,nan,nan,nan,nan,nan,nan,0.0,0.0,0.0,0.0,0.0,0.0,0.0,0.0,0.0,0.0,0.0,0.0,0.0,0.0,0.0,0.0,0.0,nan,nan,nan,,nan,nan,nan,nan,nan,nan,nan,,,,nan,nan,nan,nan,nan,nan,nan,nan,nan,nan,nan,nan,,nan,nan,,,nan,nan,nan,nan,nan,nan,nan,nan,nan,nan,nan,nan,nan,nan,nan,nan,nan,nan,nan,nan,nan,nan,nan,nan,,nan,nan,nan,,nan,,,,
nan,nan,nan,nan,nan,nan,nan,nan,nan,nan,nan,nan,nan,nan,nan,nan,nan,0.0,0.0,0.0,0.0,0.0,0.0,0.0,0.0,0.0,0.0,0.0,0.0,0.0,0.0,0.0,0.0,0.0,nan,nan,nan,,nan,nan,nan,nan,nan,nan,nan,,,,nan,nan,nan,nan,nan,nan,nan,nan,nan,nan,nan,nan,,nan,nan,,,nan,nan,nan,nan,nan,nan,nan,nan,nan,nan,nan,nan,nan,nan,nan,nan,nan,nan,nan,nan,nan,nan,nan,nan,,nan,nan,nan,,nan,,,,
nan,nan,nan,nan,nan,nan,nan,nan,nan,nan,nan,nan,nan,nan,nan,nan,nan,0.0,0.0,0.0,0.0,0.0,0.0,0.0,0.0,0.0,0.0,0.0,0.0,0.0,0.0,0.0,0.0,0.0,nan,nan,nan,,nan,nan,nan,nan,nan,nan,nan,,,,nan,nan,nan,nan,nan,nan,nan,nan,nan,nan,nan,nan,,nan,nan,,,nan,nan,nan,nan,nan,nan,nan,nan,nan,nan,nan,nan,nan,nan,nan,nan,nan,nan,nan,nan,nan,nan,nan,nan,,nan,nan,nan,,nan,,,,
nan,nan,nan,nan,nan,nan,nan,nan,nan,nan,nan,nan,nan,nan,nan,nan,nan,0.0,0.0,0.0,0.0,0.0,0.0,0.0,0.0,0.0,0.0,0.0,0.0,0.0,0.0,0.0,0.0,0.0,nan,nan,nan,,nan,nan,nan,nan,nan,nan,nan,,,,nan,nan,nan,nan,nan,nan,nan,nan,nan,nan,nan,nan,,nan,nan,,,nan,nan,nan,nan,nan,nan,nan,nan,nan,nan,nan,nan,nan,nan,nan,nan,nan,nan,nan,nan,nan,nan,nan,nan,,nan,nan,nan,,nan,,,,
nan,nan,nan,nan,nan,nan,nan,nan,nan,nan,nan,nan,nan,nan,nan,nan,nan,0.0,0.0,0.0,0.0,0.0,0.0,0.0,0.0,1.0,0.0,0.0,0.0,0.0,0.0,0.0,0.0,1.0,nan,nan,nan,,nan,nan,nan,nan,nan,nan,nan,,,,nan,nan,nan,nan,nan,nan,nan,nan,nan,nan,nan,nan,,nan,nan,,,nan,nan,nan,nan,nan,nan,nan,nan,nan,nan,nan,nan,nan,nan,nan,nan,nan,nan,nan,nan,nan,nan,nan,nan,,nan,nan,nan,,nan,,,,
nan,nan,nan,nan,nan,nan,nan,nan,nan,nan,nan,nan,nan,nan,nan,nan,nan,0.0,0.0,0.0,0.0,0.0,0.0,0.0,0.0,1.0,0.0,0.0,0.0,0.0,0.0,0.0,0.0,1.0,nan,nan,nan,,nan,nan,nan,nan,nan,nan,nan,,,,nan,nan,nan,nan,nan,nan,nan,nan,nan,nan,nan,nan,,nan,nan,,,nan,nan,nan,nan,nan,nan,nan,nan,nan,nan,nan,nan,nan,nan,nan,nan,nan,nan,nan,nan,nan,nan,nan,nan,,nan,nan,nan,,nan,,,,
nan,nan,nan,nan,nan,nan,nan,nan,nan,nan,nan,nan,nan,nan,nan,nan,nan,0.0,0.0,0.0,0.0,0.0,0.0,0.0,0.0,0.0,0.0,0.0,0.0,0.0,0.0,0.0,0.0,0.0,nan,nan,nan,,nan,nan,nan,nan,nan,nan,nan,,,,nan,nan,nan,nan,nan,nan,nan,nan,nan,nan,nan,nan,,nan,nan,,,nan,nan,nan,nan,nan,nan,nan,nan,nan,nan,nan,nan,nan,nan,nan,nan,nan,nan,nan,nan,nan,nan,nan,nan,,nan,nan,nan,,nan,,,,
nan,nan,nan,nan,nan,nan,nan,nan,nan,nan,nan,nan,nan,nan,nan,nan,nan,0.0,0.0,0.0,0.0,0.0,0.0,0.0,0.0,0.0,0.0,0.0,0.0,0.0,0.0,0.0,0.0,0.0,nan,nan,nan,,nan,nan,nan,nan,nan,nan,nan,,,,nan,nan,nan,nan,nan,nan,nan,nan,nan,nan,nan,nan,,nan,nan,,,nan,nan,nan,nan,nan,nan,nan,nan,nan,nan,nan,nan,nan,nan,nan,nan,nan,nan,nan,nan,nan,nan,nan,nan,,nan,nan,nan,,nan,,,,
nan,nan,nan,nan,nan,nan,nan,nan,nan,nan,nan,nan,nan,nan,nan,nan,nan,0.0,0.0,0.0,0.0,0.0,0.0,0.0,0.0,0.0,0.0,0.0,0.0,0.0,0.0,0.0,0.0,0.0,nan,nan,nan,,nan,nan,nan,nan,nan,nan,nan,,,,nan,nan,nan,nan,nan,nan,nan,nan,nan,nan,nan,nan,,nan,nan,,,nan,nan,nan,nan,nan,nan,nan,nan,nan,nan,nan,nan,nan,nan,nan,nan,nan,nan,nan,nan,nan,nan,nan,nan,,nan,nan,nan,,nan,,,,
nan,nan,nan,nan,nan,nan,nan,nan,nan,nan,nan,nan,nan,nan,nan,nan,nan,0.0,0.0,0.0,0.0,0.0,0.0,0.0,0.0,0.0,0.0,0.0,0.0,0.0,0.0,0.0,0.0,0.0,nan,nan,nan,,nan,nan,nan,nan,nan,nan,nan,,,,nan,nan,nan,nan,nan,nan,nan,nan,nan,nan,nan,nan,,nan,nan,,,nan,nan,nan,nan,nan,nan,nan,nan,nan,nan,nan,nan,nan,nan,nan,nan,nan,nan,nan,nan,nan,nan,nan,nan,,nan,nan,nan,,nan,,,,
nan,nan,nan,nan,nan,nan,nan,nan,nan,nan,nan,nan,nan,nan,nan,nan,nan,0.0,0.0,0.0,0.0,0.0,0.0,0.0,0.0,0.0,0.0,0.0,0.0,0.0,0.0,0.0,0.0,0.0,nan,nan,nan,,nan,nan,nan,nan,nan,nan,nan,,,,nan,nan,nan,nan,nan,nan,nan,nan,nan,nan,nan,nan,,nan,nan,,,nan,nan,nan,nan,nan,nan,nan,nan,nan,nan,nan,nan,nan,nan,nan,nan,nan,nan,nan,nan,nan,nan,nan,nan,,nan,nan,nan,,nan,,,,
nan,nan,nan,nan,nan,nan,nan,nan,nan,nan,nan,nan,nan,nan,nan,nan,nan,0.0,0.0,0.0,0.0,0.0,0.0,0.0,0.0,1.0,0.0,0.0,0.0,0.0,0.0,0.0,0.0,1.0,nan,nan,nan,,nan,nan,nan,nan,nan,nan,nan,,,,nan,nan,nan,nan,nan,nan,nan,nan,nan,nan,nan,nan,,nan,nan,,,nan,nan,nan,nan,nan,nan,nan,nan,nan,nan,nan,nan,nan,nan,nan,nan,nan,nan,nan,nan,nan,nan,nan,nan,,nan,nan,nan,,nan,,,,
nan,nan,nan,nan,nan,nan,nan,nan,nan,nan,nan,nan,nan,nan,nan,nan,nan,0.0,0.0,0.0,0.0,0.0,0.0,0.0,0.0,0.0,0.0,0.0,0.0,0.0,0.0,0.0,0.0,0.0,nan,nan,nan,,nan,nan,nan,nan,nan,nan,nan,,,,nan,nan,nan,nan,nan,nan,nan,nan,nan,nan,nan,nan,,nan,nan,,,nan,nan,nan,nan,nan,nan,nan,nan,nan,nan,nan,nan,nan,nan,nan,nan,nan,nan,nan,nan,nan,nan,nan,nan,,nan,nan,nan,,nan,,,,
nan,nan,nan,nan,nan,nan,nan,nan,nan,nan,nan,nan,nan,nan,nan,nan,nan,0.0,0.0,0.0,0.0,0.0,0.0,0.0,0.0,0.0,0.0,0.0,0.0,0.0,0.0,0.0,0.0,0.0,nan,nan,nan,,nan,nan,nan,nan,nan,nan,nan,,,,nan,nan,nan,nan,nan,nan,nan,nan,nan,nan,nan,nan,,nan,nan,,,nan,nan,nan,nan,nan,nan,nan,nan,nan,nan,nan,nan,nan,nan,nan,nan,nan,nan,nan,nan,nan,nan,nan,nan,,nan,nan,nan,,nan,,,,
nan,nan,nan,nan,nan,nan,nan,nan,nan,nan,nan,nan,nan,nan,nan,nan,nan,0.0,0.0,0.0,0.0,0.0,0.0,0.0,0.0,0.0,0.0,0.0,0.0,0.0,0.0,0.0,0.0,0.0,nan,nan,nan,,nan,nan,nan,nan,nan,nan,nan,,,,nan,nan,nan,nan,nan,nan,nan,nan,nan,nan,nan,nan,,nan,nan,,,nan,nan,nan,nan,nan,nan,nan,nan,nan,nan,nan,nan,nan,nan,nan,nan,nan,nan,nan,nan,nan,nan,nan,nan,,nan,nan,nan,,nan,,,,
nan,nan,nan,nan,nan,nan,nan,nan,nan,nan,nan,nan,nan,nan,nan,nan,nan,0.0,0.0,0.0,0.0,0.0,0.0,0.0,0.0,0.0,0.0,0.0,0.0,0.0,0.0,0.0,0.0,0.0,nan,nan,nan,,nan,nan,nan,nan,nan,nan,nan,,,,nan,nan,nan,nan,nan,nan,nan,nan,nan,nan,nan,nan,,nan,nan,,,nan,nan,nan,nan,nan,nan,nan,nan,nan,nan,nan,nan,nan,nan,nan,nan,nan,nan,nan,nan,nan,nan,nan,nan,,nan,nan,nan,,nan,,,,
nan,nan,nan,nan,nan,nan,nan,nan,nan,nan,nan,nan,nan,nan,nan,nan,nan,0.0,0.0,0.0,0.0,0.0,0.0,0.0,0.0,0.0,0.0,0.0,0.0,0.0,0.0,0.0,0.0,0.0,nan,nan,nan,,nan,nan,nan,nan,nan,nan,nan,,,,nan,nan,nan,nan,nan,nan,nan,nan,nan,nan,nan,nan,,nan,nan,,,nan,nan,nan,nan,nan,nan,nan,nan,nan,nan,nan,nan,nan,nan,nan,nan,nan,nan,nan,nan,nan,nan,nan,nan,,nan,nan,nan,,nan,,,,
nan,nan,nan,nan,nan,nan,nan,nan,nan,nan,nan,nan,nan,nan,nan,nan,nan,0.0,0.0,0.0,0.0,0.0,0.0,0.0,0.0,0.0,0.0,0.0,0.0,0.0,0.0,0.0,0.0,0.0,nan,nan,nan,,nan,nan,nan,nan,nan,nan,nan,,,,nan,nan,nan,nan,nan,nan,nan,nan,nan,nan,nan,nan,,nan,nan,,,nan,nan,nan,nan,nan,nan,nan,nan,nan,nan,nan,nan,nan,nan,nan,nan,nan,nan,nan,nan,nan,nan,nan,nan,,nan,nan,nan,,nan,,,,
nan,nan,nan,nan,nan,nan,nan,nan,nan,nan,nan,nan,nan,nan,nan,nan,nan,0.0,0.0,0.0,0.0,0.0,0.0,0.0,0.0,1.0,0.0,0.0,0.0,0.0,0.0,0.0,0.0,1.0,nan,nan,nan,,nan,nan,nan,nan,nan,nan,nan,,,,nan,nan,nan,nan,nan,nan,nan,nan,nan,nan,nan,nan,,nan,nan,,,nan,nan,nan,nan,nan,nan,nan,nan,nan,nan,nan,nan,nan,nan,nan,nan,nan,nan,nan,nan,nan,nan,nan,nan,,nan,nan,nan,,nan,,,,
nan,nan,nan,nan,nan,nan,nan,nan,nan,nan,nan,nan,nan,nan,nan,nan,nan,0.0,0.0,0.0,0.0,0.0,0.0,0.0,0.0,0.0,0.0,0.0,0.0,0.0,0.0,0.0,0.0,0.0,nan,nan,nan,,nan,nan,nan,nan,nan,nan,nan,,,,nan,nan,nan,nan,nan,nan,nan,nan,nan,nan,nan,nan,,nan,nan,,,nan,nan,nan,nan,nan,nan,nan,nan,nan,nan,nan,nan,nan,nan,nan,nan,nan,nan,nan,nan,nan,nan,nan,nan,,nan,nan,nan,,nan,,,,
nan,nan,nan,nan,nan,nan,nan,nan,nan,nan,nan,nan,nan,nan,nan,nan,nan,0.0,0.0,0.0,0.0,0.0,0.0,0.0,0.0,0.0,0.0,0.0,0.0,0.0,0.0,0.0,0.0,0.0,nan,nan,nan,,nan,nan,nan,nan,nan,nan,nan,,,,nan,nan,nan,nan,nan,nan,nan,nan,nan,nan,nan,nan,,nan,nan,,,nan,nan,nan,nan,nan,nan,nan,nan,nan,nan,nan,nan,nan,nan,nan,nan,nan,nan,nan,nan,nan,nan,nan,nan,,nan,nan,nan,,nan,,,,
nan,nan,nan,nan,nan,nan,nan,nan,nan,nan,nan,nan,nan,nan,nan,nan,nan,0.0,0.0,0.0,0.0,0.0,0.0,0.0,0.0,0.0,0.0,0.0,0.0,0.0,0.0,0.0,0.0,0.0,nan,nan,nan,,nan,nan,nan,nan,nan,nan,nan,,,,nan,nan,nan,nan,nan,nan,nan,nan,nan,nan,nan,nan,,nan,nan,,,nan,nan,nan,nan,nan,nan,nan,nan,nan,nan,nan,nan,nan,nan,nan,nan,nan,nan,nan,nan,nan,nan,nan,nan,,nan,nan,nan,,nan,,,,
nan,nan,nan,nan,nan,nan,nan,nan,nan,nan,nan,nan,nan,nan,nan,nan,nan,0.0,0.0,0.0,0.0,0.0,0.0,0.0,0.0,0.0,0.0,0.0,0.0,0.0,0.0,0.0,0.0,0.0,nan,nan,nan,,nan,nan,nan,nan,nan,nan,nan,,,,nan,nan,nan,nan,nan,nan,nan,nan,nan,nan,nan,nan,,nan,nan,,,nan,nan,nan,nan,nan,nan,nan,nan,nan,nan,nan,nan,nan,nan,nan,nan,nan,nan,nan,nan,nan,nan,nan,nan,,nan,nan,nan,,nan,,,,
nan,nan,nan,nan,nan,nan,nan,nan,nan,nan,nan,nan,nan,nan,nan,nan,nan,0.0,0.0,0.0,0.0,0.0,0.0,0.0,0.0,1.0,0.0,0.0,0.0,0.0,0.0,0.0,0.0,1.0,nan,nan,nan,,nan,nan,nan,nan,nan,nan,nan,,,,nan,nan,nan,nan,nan,nan,nan,nan,nan,nan,nan,nan,,nan,nan,,,nan,nan,nan,nan,nan,nan,nan,nan,nan,nan,nan,nan,nan,nan,nan,nan,nan,nan,nan,nan,nan,nan,nan,nan,,nan,nan,nan,,nan,,,,
nan,nan,nan,nan,nan,nan,nan,nan,nan,nan,nan,nan,nan,nan,nan,nan,nan,0.0,0.0,0.0,0.0,0.0,0.0,0.0,0.0,0.0,0.0,0.0,0.0,0.0,0.0,0.0,0.0,0.0,nan,nan,nan,,nan,nan,nan,nan,nan,nan,nan,,,,nan,nan,nan,nan,nan,nan,nan,nan,nan,nan,nan,nan,,nan,nan,,,nan,nan,nan,nan,nan,nan,nan,nan,nan,nan,nan,nan,nan,nan,nan,nan,nan,nan,nan,nan,nan,nan,nan,nan,,nan,nan,nan,,nan,,,,
nan,nan,nan,nan,nan,nan,nan,nan,nan,nan,nan,nan,nan,nan,nan,nan,nan,0.0,0.0,0.0,0.0,0.0,0.0,0.0,0.0,0.0,0.0,0.0,0.0,0.0,0.0,0.0,0.0,0.0,nan,nan,nan,,nan,nan,nan,nan,nan,nan,nan,,,,nan,nan,nan,nan,nan,nan,nan,nan,nan,nan,nan,nan,,nan,nan,,,nan,nan,nan,nan,nan,nan,nan,nan,nan,nan,nan,nan,nan,nan,nan,nan,nan,nan,nan,nan,nan,nan,nan,nan,,nan,nan,nan,,nan,,,,
nan,nan,nan,nan,nan,nan,nan,nan,nan,nan,nan,nan,nan,nan,nan,nan,nan,0.0,0.0,0.0,0.0,0.0,0.0,0.0,0.0,0.0,0.0,0.0,0.0,0.0,0.0,0.0,0.0,0.0,nan,nan,nan,,nan,nan,nan,nan,nan,nan,nan,,,,nan,nan,nan,nan,nan,nan,nan,nan,nan,nan,nan,nan,,nan,nan,,,nan,nan,nan,nan,nan,nan,nan,nan,nan,nan,nan,nan,nan,nan,nan,nan,nan,nan,nan,nan,nan,nan,nan,nan,,nan,nan,nan,,nan,,,,
nan,nan,nan,nan,nan,nan,nan,nan,nan,nan,nan,nan,nan,nan,nan,nan,nan,0.0,0.0,0.0,0.0,0.0,0.0,0.0,0.0,0.0,0.0,0.0,0.0,0.0,0.0,0.0,0.0,0.0,nan,nan,nan,,nan,nan,nan,nan,nan,nan,nan,,,,nan,nan,nan,nan,nan,nan,nan,nan,nan,nan,nan,nan,,nan,nan,,,nan,nan,nan,nan,nan,nan,nan,nan,nan,nan,nan,nan,nan,nan,nan,nan,nan,nan,nan,nan,nan,nan,nan,nan,,nan,nan,nan,,nan,,,,
nan,nan,nan,nan,nan,nan,nan,nan,nan,nan,nan,nan,nan,nan,nan,nan,nan,0.0,0.0,0.0,0.0,0.0,0.0,0.0,0.0,1.0,0.0,0.0,0.0,0.0,0.0,0.0,0.0,1.0,nan,nan,nan,,nan,nan,nan,nan,nan,nan,nan,,,,nan,nan,nan,nan,nan,nan,nan,nan,nan,nan,nan,nan,,nan,nan,,,nan,nan,nan,nan,nan,nan,nan,nan,nan,nan,nan,nan,nan,nan,nan,nan,nan,nan,nan,nan,nan,nan,nan,nan,,nan,nan,nan,,nan,,,,
nan,nan,nan,nan,nan,nan,nan,nan,nan,nan,nan,nan,nan,nan,nan,nan,nan,0.0,0.0,0.0,0.0,0.0,0.0,0.0,0.0,0.0,0.0,0.0,0.0,0.0,0.0,0.0,0.0,0.0,nan,nan,nan,,nan,nan,nan,nan,nan,nan,nan,,,,nan,nan,nan,nan,nan,nan,nan,nan,nan,nan,nan,nan,,nan,nan,,,nan,nan,nan,nan,nan,nan,nan,nan,nan,nan,nan,nan,nan,nan,nan,nan,nan,nan,nan,nan,nan,nan,nan,nan,,nan,nan,nan,,nan,,,,
nan,nan,nan,nan,nan,nan,nan,nan,nan,nan,nan,nan,nan,nan,nan,nan,nan,0.0,0.0,0.0,0.0,0.0,0.0,0.0,0.0,0.0,0.0,0.0,0.0,0.0,0.0,0.0,0.0,0.0,nan,nan,nan,,nan,nan,nan,nan,nan,nan,nan,,,,nan,nan,nan,nan,nan,nan,nan,nan,nan,nan,nan,nan,,nan,nan,,,nan,nan,nan,nan,nan,nan,nan,nan,nan,nan,nan,nan,nan,nan,nan,nan,nan,nan,nan,nan,nan,nan,nan,nan,,nan,nan,nan,,nan,,,,
nan,nan,nan,nan,nan,nan,nan,nan,nan,nan,nan,nan,nan,nan,nan,nan,nan,0.0,0.0,0.0,0.0,0.0,0.0,0.0,0.0,0.0,0.0,0.0,0.0,0.0,0.0,0.0,0.0,0.0,nan,nan,nan,,nan,nan,nan,nan,nan,nan,nan,,,,nan,nan,nan,nan,nan,nan,nan,nan,nan,nan,nan,nan,,nan,nan,,,nan,nan,nan,nan,nan,nan,nan,nan,nan,nan,nan,nan,nan,nan,nan,nan,nan,nan,nan,nan,nan,nan,nan,nan,,nan,nan,nan,,nan,,,,
nan,nan,nan,nan,nan,nan,nan,nan,nan,nan,nan,nan,nan,nan,nan,nan,nan,0.0,0.0,0.0,0.0,0.0,0.0,0.0,0.0,0.0,0.0,0.0,0.0,0.0,0.0,0.0,0.0,0.0,nan,nan,nan,,nan,nan,nan,nan,nan,nan,nan,,,,nan,nan,nan,nan,nan,nan,nan,nan,nan,nan,nan,nan,,nan,nan,,,nan,nan,nan,nan,nan,nan,nan,nan,nan,nan,nan,nan,nan,nan,nan,nan,nan,nan,nan,nan,nan,nan,nan,nan,,nan,nan,nan,,nan,,,,
nan,nan,nan,nan,nan,nan,nan,nan,nan,nan,nan,nan,nan,nan,nan,nan,nan,0.0,0.0,0.0,0.0,0.0,0.0,0.0,0.0,0.0,0.0,0.0,0.0,0.0,0.0,0.0,0.0,0.0,nan,nan,nan,,nan,nan,nan,nan,nan,nan,nan,,,,nan,nan,nan,nan,nan,nan,nan,nan,nan,nan,nan,nan,,nan,nan,,,nan,nan,nan,nan,nan,nan,nan,nan,nan,nan,nan,nan,nan,nan,nan,nan,nan,nan,nan,nan,nan,nan,nan,nan,,nan,nan,nan,,nan,,,,
nan,nan,nan,nan,nan,nan,nan,nan,nan,nan,nan,nan,nan,nan,nan,nan,nan,0.0,0.0,0.0,0.0,0.0,0.0,0.0,0.0,0.0,0.0,0.0,0.0,0.0,0.0,0.0,0.0,0.0,nan,nan,nan,,nan,nan,nan,nan,nan,nan,nan,,,,nan,nan,nan,nan,nan,nan,nan,nan,nan,nan,nan,nan,,nan,nan,,,nan,nan,nan,nan,nan,nan,nan,nan,nan,nan,nan,nan,nan,nan,nan,nan,nan,nan,nan,nan,nan,nan,nan,nan,,nan,nan,nan,,nan,,,,
nan,nan,nan,nan,nan,nan,nan,nan,nan,nan,nan,nan,nan,nan,nan,nan,nan,0.0,0.0,0.0,0.0,0.0,0.0,0.0,0.0,0.0,0.0,0.0,0.0,0.0,0.0,0.0,0.0,0.0,nan,nan,nan,,nan,nan,nan,nan,nan,nan,nan,,,,nan,nan,nan,nan,nan,nan,nan,nan,nan,nan,nan,nan,,nan,nan,,,nan,nan,nan,nan,nan,nan,nan,nan,nan,nan,nan,nan,nan,nan,nan,nan,nan,nan,nan,nan,nan,nan,nan,nan,,nan,nan,nan,,nan,,,,
nan,nan,nan,nan,nan,nan,nan,nan,nan,nan,nan,nan,nan,nan,nan,nan,nan,0.0,0.0,0.0,0.0,0.0,0.0,0.0,0.0,0.0,0.0,0.0,0.0,0.0,0.0,0.0,0.0,0.0,nan,nan,nan,,nan,nan,nan,nan,nan,nan,nan,,,,nan,nan,nan,nan,nan,nan,nan,nan,nan,nan,nan,nan,,nan,nan,,,nan,nan,nan,nan,nan,nan,nan,nan,nan,nan,nan,nan,nan,nan,nan,nan,nan,nan,nan,nan,nan,nan,nan,nan,,nan,nan,nan,,nan,,,,
nan,nan,nan,nan,nan,nan,nan,nan,nan,nan,nan,nan,nan,nan,nan,nan,nan,0.0,0.0,0.0,0.0,0.0,0.0,0.0,0.0,0.0,0.0,0.0,0.0,0.0,0.0,0.0,0.0,0.0,nan,nan,nan,,nan,nan,nan,nan,nan,nan,nan,,,,nan,nan,nan,nan,nan,nan,nan,nan,nan,nan,nan,nan,,nan,nan,,,nan,nan,nan,nan,nan,nan,nan,nan,nan,nan,nan,nan,nan,nan,nan,nan,nan,nan,nan,nan,nan,nan,nan,nan,,nan,nan,nan,,nan,,,,
nan,nan,nan,nan,nan,nan,nan,nan,nan,nan,nan,nan,nan,nan,nan,nan,nan,0.0,0.0,0.0,0.0,0.0,0.0,0.0,0.0,0.0,0.0,0.0,0.0,0.0,0.0,0.0,0.0,0.0,nan,nan,nan,,nan,nan,nan,nan,nan,nan,nan,,,,nan,nan,nan,nan,nan,nan,nan,nan,nan,nan,nan,nan,,nan,nan,,,nan,nan,nan,nan,nan,nan,nan,nan,nan,nan,nan,nan,nan,nan,nan,nan,nan,nan,nan,nan,nan,nan,nan,nan,,nan,nan,nan,,nan,,,,
nan,nan,nan,nan,nan,nan,nan,nan,nan,nan,nan,nan,nan,nan,nan,nan,nan,0.0,0.0,0.0,0.0,0.0,0.0,0.0,0.0,0.0,0.0,0.0,0.0,0.0,0.0,0.0,0.0,0.0,nan,nan,nan,,nan,nan,nan,nan,nan,nan,nan,,,,nan,nan,nan,nan,nan,nan,nan,nan,nan,nan,nan,nan,,nan,nan,,,nan,nan,nan,nan,nan,nan,nan,nan,nan,nan,nan,nan,nan,nan,nan,nan,nan,nan,nan,nan,nan,nan,nan,nan,,nan,nan,nan,,nan,,,,
nan,nan,nan,nan,nan,nan,nan,nan,nan,nan,nan,nan,nan,nan,nan,nan,nan,0.0,0.0,0.0,0.0,0.0,0.0,0.0,0.0,1.0,0.0,0.0,0.0,0.0,0.0,0.0,0.0,1.0,nan,nan,nan,,nan,nan,nan,nan,nan,nan,nan,,,,nan,nan,nan,nan,nan,nan,nan,nan,nan,nan,nan,nan,,nan,nan,,,nan,nan,nan,nan,nan,nan,nan,nan,nan,nan,nan,nan,nan,nan,nan,nan,nan,nan,nan,nan,nan,nan,nan,nan,,nan,nan,nan,,nan,,,,
nan,nan,nan,nan,nan,nan,nan,nan,nan,nan,nan,nan,nan,nan,nan,nan,nan,0.0,0.0,0.0,0.0,0.0,0.0,0.0,0.0,0.0,0.0,0.0,0.0,0.0,0.0,0.0,0.0,0.0,nan,nan,nan,,nan,nan,nan,nan,nan,nan,nan,,,,nan,nan,nan,nan,nan,nan,nan,nan,nan,nan,nan,nan,,nan,nan,,,nan,nan,nan,nan,nan,nan,nan,nan,nan,nan,nan,nan,nan,nan,nan,nan,nan,nan,nan,nan,nan,nan,nan,nan,,nan,nan,nan,,nan,,,,
nan,nan,nan,nan,nan,nan,nan,nan,nan,nan,nan,nan,nan,nan,nan,nan,nan,0.0,0.0,0.0,0.0,0.0,0.0,0.0,0.0,0.0,0.0,0.0,0.0,0.0,0.0,0.0,0.0,0.0,nan,nan,nan,,nan,nan,nan,nan,nan,nan,nan,,,,nan,nan,nan,nan,nan,nan,nan,nan,nan,nan,nan,nan,,nan,nan,,,nan,nan,nan,nan,nan,nan,nan,nan,nan,nan,nan,nan,nan,nan,nan,nan,nan,nan,nan,nan,nan,nan,nan,nan,,nan,nan,nan,,nan,,,,
nan,nan,nan,nan,nan,nan,nan,nan,nan,nan,nan,nan,nan,nan,nan,nan,nan,0.0,0.0,0.0,0.0,0.0,0.0,0.0,0.0,1.0,0.0,0.0,0.0,0.0,0.0,0.0,0.0,1.0,nan,nan,nan,,nan,nan,nan,nan,nan,nan,nan,,,,nan,nan,nan,nan,nan,nan,nan,nan,nan,nan,nan,nan,,nan,nan,,,nan,nan,nan,nan,nan,nan,nan,nan,nan,nan,nan,nan,nan,nan,nan,nan,nan,nan,nan,nan,nan,nan,nan,nan,,nan,nan,nan,,nan,,,,
nan,nan,nan,nan,nan,nan,nan,nan,nan,nan,nan,nan,nan,nan,nan,nan,nan,0.0,0.0,0.0,0.0,0.0,0.0,0.0,0.0,0.0,0.0,0.0,0.0,0.0,0.0,0.0,0.0,0.0,nan,nan,nan,,nan,nan,nan,nan,nan,nan,nan,,,,nan,nan,nan,nan,nan,nan,nan,nan,nan,nan,nan,nan,,nan,nan,,,nan,nan,nan,nan,nan,nan,nan,nan,nan,nan,nan,nan,nan,nan,nan,nan,nan,nan,nan,nan,nan,nan,nan,nan,,nan,nan,nan,,nan,,,,
nan,nan,nan,nan,nan,nan,nan,nan,nan,nan,nan,nan,nan,nan,nan,nan,nan,0.0,0.0,0.0,0.0,0.0,0.0,0.0,0.0,0.0,0.0,0.0,0.0,0.0,0.0,0.0,0.0,0.0,nan,nan,nan,,nan,nan,nan,nan,nan,nan,nan,,,,nan,nan,nan,nan,nan,nan,nan,nan,nan,nan,nan,nan,,nan,nan,,,nan,nan,nan,nan,nan,nan,nan,nan,nan,nan,nan,nan,nan,nan,nan,nan,nan,nan,nan,nan,nan,nan,nan,nan,,nan,nan,nan,,nan,,,,
nan,nan,nan,nan,nan,nan,nan,nan,nan,nan,nan,nan,nan,nan,nan,nan,nan,0.0,0.0,0.0,0.0,0.0,0.0,0.0,0.0,0.0,0.0,0.0,0.0,0.0,0.0,0.0,0.0,0.0,nan,nan,nan,,nan,nan,nan,nan,nan,nan,nan,,,,nan,nan,nan,nan,nan,nan,nan,nan,nan,nan,nan,nan,,nan,nan,,,nan,nan,nan,nan,nan,nan,nan,nan,nan,nan,nan,nan,nan,nan,nan,nan,nan,nan,nan,nan,nan,nan,nan,nan,,nan,nan,nan,,nan,,,,
nan,nan,nan,nan,nan,nan,nan,nan,nan,nan,nan,nan,nan,nan,nan,nan,nan,0.0,0.0,0.0,0.0,0.0,0.0,0.0,0.0,0.0,0.0,0.0,0.0,0.0,0.0,0.0,0.0,0.0,nan,nan,nan,,nan,nan,nan,nan,nan,nan,nan,,,,nan,nan,nan,nan,nan,nan,nan,nan,nan,nan,nan,nan,,nan,nan,,,nan,nan,nan,nan,nan,nan,nan,nan,nan,nan,nan,nan,nan,nan,nan,nan,nan,nan,nan,nan,nan,nan,nan,nan,,nan,nan,nan,,nan,,,,
nan,nan,nan,nan,nan,nan,nan,nan,nan,nan,nan,nan,nan,nan,nan,nan,nan,0.0,0.0,0.0,0.0,0.0,0.0,0.0,0.0,1.0,0.0,0.0,0.0,0.0,0.0,0.0,0.0,1.0,nan,nan,nan,,nan,nan,nan,nan,nan,nan,nan,,,,nan,nan,nan,nan,nan,nan,nan,nan,nan,nan,nan,nan,,nan,nan,,,nan,nan,nan,nan,nan,nan,nan,nan,nan,nan,nan,nan,nan,nan,nan,nan,nan,nan,nan,nan,nan,nan,nan,nan,,nan,nan,nan,,nan,,,,
nan,nan,nan,nan,nan,nan,nan,nan,nan,nan,nan,nan,nan,nan,nan,nan,nan,0.0,0.0,0.0,0.0,0.0,0.0,0.0,0.0,0.0,0.0,0.0,0.0,0.0,0.0,0.0,0.0,0.0,nan,nan,nan,,nan,nan,nan,nan,nan,nan,nan,,,,nan,nan,nan,nan,nan,nan,nan,nan,nan,nan,nan,nan,,nan,nan,,,nan,nan,nan,nan,nan,nan,nan,nan,nan,nan,nan,nan,nan,nan,nan,nan,nan,nan,nan,nan,nan,nan,nan,nan,,nan,nan,nan,,nan,,,,
nan,nan,nan,nan,nan,nan,nan,nan,nan,nan,nan,nan,nan,nan,nan,nan,nan,0.0,0.0,0.0,0.0,0.0,0.0,0.0,0.0,0.0,0.0,0.0,0.0,0.0,0.0,0.0,0.0,0.0,nan,nan,nan,,nan,nan,nan,nan,nan,nan,nan,,,,nan,nan,nan,nan,nan,nan,nan,nan,nan,nan,nan,nan,,nan,nan,,,nan,nan,nan,nan,nan,nan,nan,nan,nan,nan,nan,nan,nan,nan,nan,nan,nan,nan,nan,nan,nan,nan,nan,nan,,nan,nan,nan,,nan,,,,
nan,nan,nan,nan,nan,nan,nan,nan,nan,nan,nan,nan,nan,nan,nan,nan,nan,0.0,0.0,0.0,0.0,0.0,0.0,0.0,0.0,0.0,0.0,0.0,0.0,0.0,0.0,0.0,0.0,0.0,nan,nan,nan,,nan,nan,nan,nan,nan,nan,nan,,,,nan,nan,nan,nan,nan,nan,nan,nan,nan,nan,nan,nan,,nan,nan,,,nan,nan,nan,nan,nan,nan,nan,nan,nan,nan,nan,nan,nan,nan,nan,nan,nan,nan,nan,nan,nan,nan,nan,nan,,nan,nan,nan,,nan,,,,
nan,nan,nan,nan,nan,nan,nan,nan,nan,nan,nan,nan,nan,nan,nan,nan,nan,0.0,0.0,0.0,0.0,0.0,0.0,0.0,0.0,0.0,0.0,0.0,0.0,0.0,0.0,0.0,0.0,0.0,nan,nan,nan,,nan,nan,nan,nan,nan,nan,nan,,,,nan,nan,nan,nan,nan,nan,nan,nan,nan,nan,nan,nan,,nan,nan,,,nan,nan,nan,nan,nan,nan,nan,nan,nan,nan,nan,nan,nan,nan,nan,nan,nan,nan,nan,nan,nan,nan,nan,nan,,nan,nan,nan,,nan,,,,
nan,nan,nan,nan,nan,nan,nan,nan,nan,nan,nan,nan,nan,nan,nan,nan,nan,0.0,0.0,0.0,0.0,0.0,0.0,0.0,0.0,0.0,0.0,0.0,0.0,0.0,0.0,0.0,0.0,0.0,nan,nan,nan,,nan,nan,nan,nan,nan,nan,nan,,,,nan,nan,nan,nan,nan,nan,nan,nan,nan,nan,nan,nan,,nan,nan,,,nan,nan,nan,nan,nan,nan,nan,nan,nan,nan,nan,nan,nan,nan,nan,nan,nan,nan,nan,nan,nan,nan,nan,nan,,nan,nan,nan,,nan,,,,
nan,nan,nan,nan,nan,nan,nan,nan,nan,nan,nan,nan,nan,nan,nan,nan,nan,0.0,0.0,0.0,0.0,0.0,0.0,0.0,0.0,0.0,0.0,0.0,0.0,0.0,0.0,0.0,0.0,0.0,nan,nan,nan,,nan,nan,nan,nan,nan,nan,nan,,,,nan,nan,nan,nan,nan,nan,nan,nan,nan,nan,nan,nan,,nan,nan,,,nan,nan,nan,nan,nan,nan,nan,nan,nan,nan,nan,nan,nan,nan,nan,nan,nan,nan,nan,nan,nan,nan,nan,nan,,nan,nan,nan,,nan,,,,
nan,nan,nan,nan,nan,nan,nan,nan,nan,nan,nan,nan,nan,nan,nan,nan,nan,0.0,0.0,0.0,0.0,0.0,0.0,0.0,0.0,1.0,0.0,0.0,0.0,0.0,0.0,0.0,0.0,1.0,nan,nan,nan,,nan,nan,nan,nan,nan,nan,nan,,,,nan,nan,nan,nan,nan,nan,nan,nan,nan,nan,nan,nan,,nan,nan,,,nan,nan,nan,nan,nan,nan,nan,nan,nan,nan,nan,nan,nan,nan,nan,nan,nan,nan,nan,nan,nan,nan,nan,nan,,nan,nan,nan,,nan,,,,
nan,nan,nan,nan,nan,nan,nan,nan,nan,nan,nan,nan,nan,nan,nan,nan,nan,0.0,0.0,0.0,0.0,0.0,0.0,0.0,0.0,0.0,0.0,0.0,0.0,0.0,0.0,0.0,0.0,0.0,nan,nan,nan,,nan,nan,nan,nan,nan,nan,nan,,,,nan,nan,nan,nan,nan,nan,nan,nan,nan,nan,nan,nan,,nan,nan,,,nan,nan,nan,nan,nan,nan,nan,nan,nan,nan,nan,nan,nan,nan,nan,nan,nan,nan,nan,nan,nan,nan,nan,nan,,nan,nan,nan,,nan,,,,
nan,nan,nan,nan,nan,nan,nan,nan,nan,nan,nan,nan,nan,nan,nan,nan,nan,0.0,0.0,0.0,0.0,0.0,0.0,0.0,0.0,0.0,0.0,0.0,0.0,0.0,0.0,0.0,0.0,0.0,nan,nan,nan,,nan,nan,nan,nan,nan,nan,nan,,,,nan,nan,nan,nan,nan,nan,nan,nan,nan,nan,nan,nan,,nan,nan,,,nan,nan,nan,nan,nan,nan,nan,nan,nan,nan,nan,nan,nan,nan,nan,nan,nan,nan,nan,nan,nan,nan,nan,nan,,nan,nan,nan,,nan,,,,
nan,nan,nan,nan,nan,nan,nan,nan,nan,nan,nan,nan,nan,nan,nan,nan,nan,0.0,0.0,0.0,0.0,0.0,0.0,0.0,0.0,0.0,0.0,0.0,0.0,0.0,0.0,0.0,0.0,0.0,nan,nan,nan,,nan,nan,nan,nan,nan,nan,nan,,,,nan,nan,nan,nan,nan,nan,nan,nan,nan,nan,nan,nan,,nan,nan,,,nan,nan,nan,nan,nan,nan,nan,nan,nan,nan,nan,nan,nan,nan,nan,nan,nan,nan,nan,nan,nan,nan,nan,nan,,nan,nan,nan,,nan,,,,
nan,nan,nan,nan,nan,nan,nan,nan,nan,nan,nan,nan,nan,nan,nan,nan,nan,0.0,0.0,0.0,0.0,0.0,0.0,0.0,0.0,1.0,0.0,0.0,0.0,0.0,0.0,0.0,0.0,1.0,nan,nan,nan,,nan,nan,nan,nan,nan,nan,nan,,,,nan,nan,nan,nan,nan,nan,nan,nan,nan,nan,nan,nan,,nan,nan,,,nan,nan,nan,nan,nan,nan,nan,nan,nan,nan,nan,nan,nan,nan,nan,nan,nan,nan,nan,nan,nan,nan,nan,nan,,nan,nan,nan,,nan,,,,
nan,nan,nan,nan,nan,nan,nan,nan,nan,nan,nan,nan,nan,nan,nan,nan,nan,0.0,0.0,0.0,0.0,0.0,0.0,0.0,0.0,0.0,0.0,0.0,0.0,0.0,0.0,0.0,0.0,0.0,nan,nan,nan,,nan,nan,nan,nan,nan,nan,nan,,,,nan,nan,nan,nan,nan,nan,nan,nan,nan,nan,nan,nan,,nan,nan,,,nan,nan,nan,nan,nan,nan,nan,nan,nan,nan,nan,nan,nan,nan,nan,nan,nan,nan,nan,nan,nan,nan,nan,nan,,nan,nan,nan,,nan,,,,
nan,nan,nan,nan,nan,nan,nan,nan,nan,nan,nan,nan,nan,nan,nan,nan,nan,0.0,0.0,0.0,0.0,0.0,0.0,0.0,0.0,0.0,0.0,0.0,0.0,0.0,0.0,0.0,0.0,0.0,nan,nan,nan,,nan,nan,nan,nan,nan,nan,nan,,,,nan,nan,nan,nan,nan,nan,nan,nan,nan,nan,nan,nan,,nan,nan,,,nan,nan,nan,nan,nan,nan,nan,nan,nan,nan,nan,nan,nan,nan,nan,nan,nan,nan,nan,nan,nan,nan,nan,nan,,nan,nan,nan,,nan,,,,
nan,nan,nan,nan,nan,nan,nan,nan,nan,nan,nan,nan,nan,nan,nan,nan,nan,0.0,0.0,0.0,0.0,0.0,0.0,0.0,0.0,0.0,0.0,0.0,0.0,0.0,0.0,0.0,0.0,0.0,nan,nan,nan,,nan,nan,nan,nan,nan,nan,nan,,,,nan,nan,nan,nan,nan,nan,nan,nan,nan,nan,nan,nan,,nan,nan,,,nan,nan,nan,nan,nan,nan,nan,nan,nan,nan,nan,nan,nan,nan,nan,nan,nan,nan,nan,nan,nan,nan,nan,nan,,nan,nan,nan,,nan,,,,
nan,nan,nan,nan,nan,nan,nan,nan,nan,nan,nan,nan,nan,nan,nan,nan,nan,0.0,0.0,0.0,0.0,0.0,0.0,0.0,0.0,0.0,0.0,0.0,0.0,0.0,0.0,0.0,0.0,0.0,nan,nan,nan,,nan,nan,nan,nan,nan,nan,nan,,,,nan,nan,nan,nan,nan,nan,nan,nan,nan,nan,nan,nan,,nan,nan,,,nan,nan,nan,nan,nan,nan,nan,nan,nan,nan,nan,nan,nan,nan,nan,nan,nan,nan,nan,nan,nan,nan,nan,nan,,nan,nan,nan,,nan,,,,
nan,nan,nan,nan,nan,nan,nan,nan,nan,nan,nan,nan,nan,nan,nan,nan,nan,0.0,0.0,0.0,0.0,0.0,0.0,0.0,0.0,0.0,0.0,0.0,0.0,0.0,0.0,0.0,0.0,0.0,nan,nan,nan,,nan,nan,nan,nan,nan,nan,nan,,,,nan,nan,nan,nan,nan,nan,nan,nan,nan,nan,nan,nan,,nan,nan,,,nan,nan,nan,nan,nan,nan,nan,nan,nan,nan,nan,nan,nan,nan,nan,nan,nan,nan,nan,nan,nan,nan,nan,nan,,nan,nan,nan,,nan,,,,
nan,nan,nan,nan,nan,nan,nan,nan,nan,nan,nan,nan,nan,nan,nan,nan,nan,0.0,0.0,0.0,0.0,0.0,0.0,0.0,0.0,0.0,0.0,0.0,0.0,0.0,0.0,0.0,0.0,0.0,nan,nan,nan,,nan,nan,nan,nan,nan,nan,nan,,,,nan,nan,nan,nan,nan,nan,nan,nan,nan,nan,nan,nan,,nan,nan,,,nan,nan,nan,nan,nan,nan,nan,nan,nan,nan,nan,nan,nan,nan,nan,nan,nan,nan,nan,nan,nan,nan,nan,nan,,nan,nan,nan,,nan,,,,
nan,nan,nan,nan,nan,nan,nan,nan,nan,nan,nan,nan,nan,nan,nan,nan,nan,0.0,0.0,0.0,0.0,0.0,0.0,0.0,0.0,0.0,0.0,0.0,0.0,0.0,0.0,0.0,0.0,0.0,nan,nan,nan,,nan,nan,nan,nan,nan,nan,nan,,,,nan,nan,nan,nan,nan,nan,nan,nan,nan,nan,nan,nan,,nan,nan,,,nan,nan,nan,nan,nan,nan,nan,nan,nan,nan,nan,nan,nan,nan,nan,nan,nan,nan,nan,nan,nan,nan,nan,nan,,nan,nan,nan,,nan,,,,
nan,nan,nan,nan,nan,nan,nan,nan,nan,nan,nan,nan,nan,nan,nan,nan,nan,0.0,0.0,0.0,0.0,0.0,0.0,0.0,0.0,0.0,0.0,0.0,0.0,0.0,0.0,0.0,0.0,0.0,nan,nan,nan,,nan,nan,nan,nan,nan,nan,nan,,,,nan,nan,nan,nan,nan,nan,nan,nan,nan,nan,nan,nan,,nan,nan,,,nan,nan,nan,nan,nan,nan,nan,nan,nan,nan,nan,nan,nan,nan,nan,nan,nan,nan,nan,nan,nan,nan,nan,nan,,nan,nan,nan,,nan,,,,
nan,nan,nan,nan,nan,nan,nan,nan,nan,nan,nan,nan,nan,nan,nan,nan,nan,0.0,0.0,0.0,0.0,0.0,0.0,0.0,0.0,0.0,0.0,0.0,0.0,0.0,0.0,0.0,0.0,0.0,nan,nan,nan,,nan,nan,nan,nan,nan,nan,nan,,,,nan,nan,nan,nan,nan,nan,nan,nan,nan,nan,nan,nan,,nan,nan,,,nan,nan,nan,nan,nan,nan,nan,nan,nan,nan,nan,nan,nan,nan,nan,nan,nan,nan,nan,nan,nan,nan,nan,nan,,nan,nan,nan,,nan,,,,
nan,nan,nan,nan,nan,nan,nan,nan,nan,nan,nan,nan,nan,nan,nan,nan,nan,0.0,0.0,0.0,0.0,0.0,0.0,0.0,0.0,0.0,0.0,0.0,0.0,0.0,0.0,0.0,0.0,0.0,nan,nan,nan,,nan,nan,nan,nan,nan,nan,nan,,,,nan,nan,nan,nan,nan,nan,nan,nan,nan,nan,nan,nan,,nan,nan,,,nan,nan,nan,nan,nan,nan,nan,nan,nan,nan,nan,nan,nan,nan,nan,nan,nan,nan,nan,nan,nan,nan,nan,nan,,nan,nan,nan,,nan,,,,
nan,nan,nan,nan,nan,nan,nan,nan,nan,nan,nan,nan,nan,nan,nan,nan,nan,0.0,0.0,0.0,0.0,0.0,0.0,0.0,0.0,0.0,0.0,0.0,0.0,0.0,0.0,0.0,0.0,0.0,nan,nan,nan,,nan,nan,nan,nan,nan,nan,nan,,,,nan,nan,nan,nan,nan,nan,nan,nan,nan,nan,nan,nan,,nan,nan,,,nan,nan,nan,nan,nan,nan,nan,nan,nan,nan,nan,nan,nan,nan,nan,nan,nan,nan,nan,nan,nan,nan,nan,nan,,nan,nan,nan,,nan,,,,
nan,nan,nan,nan,nan,nan,nan,nan,nan,nan,nan,nan,nan,nan,nan,nan,nan,0.0,0.0,0.0,0.0,0.0,0.0,0.0,0.0,0.0,0.0,0.0,0.0,0.0,0.0,0.0,0.0,0.0,nan,nan,nan,,nan,nan,nan,nan,nan,nan,nan,,,,nan,nan,nan,nan,nan,nan,nan,nan,nan,nan,nan,nan,,nan,nan,,,nan,nan,nan,nan,nan,nan,nan,nan,nan,nan,nan,nan,nan,nan,nan,nan,nan,nan,nan,nan,nan,nan,nan,nan,,nan,nan,nan,,nan,,,,
nan,nan,nan,nan,nan,nan,nan,nan,nan,nan,nan,nan,nan,nan,nan,nan,nan,0.0,0.0,0.0,0.0,0.0,0.0,0.0,0.0,0.0,0.0,0.0,0.0,0.0,0.0,0.0,0.0,0.0,nan,nan,nan,,nan,nan,nan,nan,nan,nan,nan,,,,nan,nan,nan,nan,nan,nan,nan,nan,nan,nan,nan,nan,,nan,nan,,,nan,nan,nan,nan,nan,nan,nan,nan,nan,nan,nan,nan,nan,nan,nan,nan,nan,nan,nan,nan,nan,nan,nan,nan,,nan,nan,nan,,nan,,,,
nan,nan,nan,nan,nan,nan,nan,nan,nan,nan,nan,nan,nan,nan,nan,nan,nan,0.0,0.0,0.0,0.0,0.0,0.0,0.0,0.0,0.0,0.0,0.0,0.0,0.0,0.0,0.0,0.0,0.0,nan,nan,nan,,nan,nan,nan,nan,nan,nan,nan,,,,nan,nan,nan,nan,nan,nan,nan,nan,nan,nan,nan,nan,,nan,nan,,,nan,nan,nan,nan,nan,nan,nan,nan,nan,nan,nan,nan,nan,nan,nan,nan,nan,nan,nan,nan,nan,nan,nan,nan,,nan,nan,nan,,nan,,,,
nan,nan,nan,nan,nan,nan,nan,nan,nan,nan,nan,nan,nan,nan,nan,nan,nan,0.0,0.0,0.0,0.0,0.0,0.0,0.0,0.0,0.0,0.0,0.0,0.0,0.0,0.0,0.0,0.0,0.0,nan,nan,nan,,nan,nan,nan,nan,nan,nan,nan,,,,nan,nan,nan,nan,nan,nan,nan,nan,nan,nan,nan,nan,,nan,nan,,,nan,nan,nan,nan,nan,nan,nan,nan,nan,nan,nan,nan,nan,nan,nan,nan,nan,nan,nan,nan,nan,nan,nan,nan,,nan,nan,nan,,nan,,,,
nan,nan,nan,nan,nan,nan,nan,nan,nan,nan,nan,nan,nan,nan,nan,nan,nan,0.0,0.0,0.0,0.0,0.0,0.0,0.0,0.0,0.0,0.0,0.0,0.0,0.0,0.0,0.0,0.0,0.0,nan,nan,nan,,nan,nan,nan,nan,nan,nan,nan,,,,nan,nan,nan,nan,nan,nan,nan,nan,nan,nan,nan,nan,,nan,nan,,,nan,nan,nan,nan,nan,nan,nan,nan,nan,nan,nan,nan,nan,nan,nan,nan,nan,nan,nan,nan,nan,nan,nan,nan,,nan,nan,nan,,nan,,,,
nan,nan,nan,nan,nan,nan,nan,nan,nan,nan,nan,nan,nan,nan,nan,nan,nan,0.0,0.0,0.0,0.0,0.0,0.0,0.0,0.0,0.0,0.0,0.0,0.0,0.0,0.0,0.0,0.0,0.0,nan,nan,nan,,nan,nan,nan,nan,nan,nan,nan,,,,nan,nan,nan,nan,nan,nan,nan,nan,nan,nan,nan,nan,,nan,nan,,,nan,nan,nan,nan,nan,nan,nan,nan,nan,nan,nan,nan,nan,nan,nan,nan,nan,nan,nan,nan,nan,nan,nan,nan,,nan,nan,nan,,nan,,,,
nan,nan,nan,nan,nan,nan,nan,nan,nan,nan,nan,nan,nan,nan,nan,nan,nan,0.0,0.0,0.0,0.0,0.0,0.0,0.0,0.0,0.0,0.0,0.0,0.0,0.0,0.0,0.0,0.0,0.0,nan,nan,nan,,nan,nan,nan,nan,nan,nan,nan,,,,nan,nan,nan,nan,nan,nan,nan,nan,nan,nan,nan,nan,,nan,nan,,,nan,nan,nan,nan,nan,nan,nan,nan,nan,nan,nan,nan,nan,nan,nan,nan,nan,nan,nan,nan,nan,nan,nan,nan,,nan,nan,nan,,nan,,,,
nan,nan,nan,nan,nan,nan,nan,nan,nan,nan,nan,nan,nan,nan,nan,nan,nan,0.0,0.0,0.0,0.0,0.0,0.0,0.0,0.0,0.0,0.0,0.0,0.0,0.0,0.0,0.0,0.0,0.0,nan,nan,nan,,nan,nan,nan,nan,nan,nan,nan,,,,nan,nan,nan,nan,nan,nan,nan,nan,nan,nan,nan,nan,,nan,nan,,,nan,nan,nan,nan,nan,nan,nan,nan,nan,nan,nan,nan,nan,nan,nan,nan,nan,nan,nan,nan,nan,nan,nan,nan,,nan,nan,nan,,nan,,,,
nan,nan,nan,nan,nan,nan,nan,nan,nan,nan,nan,nan,nan,nan,nan,nan,nan,0.0,0.0,0.0,0.0,0.0,0.0,0.0,0.0,0.0,0.0,0.0,0.0,0.0,0.0,0.0,0.0,0.0,nan,nan,nan,,nan,nan,nan,nan,nan,nan,nan,,,,nan,nan,nan,nan,nan,nan,nan,nan,nan,nan,nan,nan,,nan,nan,,,nan,nan,nan,nan,nan,nan,nan,nan,nan,nan,nan,nan,nan,nan,nan,nan,nan,nan,nan,nan,nan,nan,nan,nan,,nan,nan,nan,,nan,,,,
nan,nan,nan,nan,nan,nan,nan,nan,nan,nan,nan,nan,nan,nan,nan,nan,nan,0.0,0.0,0.0,0.0,0.0,0.0,0.0,0.0,1.0,0.0,0.0,0.0,0.0,0.0,0.0,0.0,1.0,nan,nan,nan,,nan,nan,nan,nan,nan,nan,nan,,,,nan,nan,nan,nan,nan,nan,nan,nan,nan,nan,nan,nan,,nan,nan,,,nan,nan,nan,nan,nan,nan,nan,nan,nan,nan,nan,nan,nan,nan,nan,nan,nan,nan,nan,nan,nan,nan,nan,nan,,nan,nan,nan,,nan,,,,
nan,nan,nan,nan,nan,nan,nan,nan,nan,nan,nan,nan,nan,nan,nan,nan,nan,0.0,0.0,0.0,0.0,0.0,0.0,0.0,0.0,0.0,0.0,0.0,0.0,0.0,0.0,0.0,0.0,0.0,nan,nan,nan,,nan,nan,nan,nan,nan,nan,nan,,,,nan,nan,nan,nan,nan,nan,nan,nan,nan,nan,nan,nan,,nan,nan,,,nan,nan,nan,nan,nan,nan,nan,nan,nan,nan,nan,nan,nan,nan,nan,nan,nan,nan,nan,nan,nan,nan,nan,nan,,nan,nan,nan,,nan,,,,
nan,nan,nan,nan,nan,nan,nan,nan,nan,nan,nan,nan,nan,nan,nan,nan,nan,0.0,0.0,0.0,0.0,0.0,0.0,0.0,0.0,0.0,0.0,0.0,0.0,0.0,0.0,0.0,0.0,0.0,nan,nan,nan,,nan,nan,nan,nan,nan,nan,nan,,,,nan,nan,nan,nan,nan,nan,nan,nan,nan,nan,nan,nan,,nan,nan,,,nan,nan,nan,nan,nan,nan,nan,nan,nan,nan,nan,nan,nan,nan,nan,nan,nan,nan,nan,nan,nan,nan,nan,nan,,nan,nan,nan,,nan,,,,
nan,nan,nan,nan,nan,nan,nan,nan,nan,nan,nan,nan,nan,nan,nan,nan,nan,0.0,0.0,0.0,0.0,0.0,0.0,0.0,0.0,0.0,0.0,0.0,0.0,0.0,0.0,0.0,0.0,0.0,nan,nan,nan,,nan,nan,nan,nan,nan,nan,nan,,,,nan,nan,nan,nan,nan,nan,nan,nan,nan,nan,nan,nan,,nan,nan,,,nan,nan,nan,nan,nan,nan,nan,nan,nan,nan,nan,nan,nan,nan,nan,nan,nan,nan,nan,nan,nan,nan,nan,nan,,nan,nan,nan,,nan,,,,
nan,nan,nan,nan,nan,nan,nan,nan,nan,nan,nan,nan,nan,nan,nan,nan,nan,0.0,0.0,0.0,0.0,0.0,0.0,0.0,0.0,0.0,0.0,0.0,0.0,0.0,0.0,0.0,0.0,0.0,nan,nan,nan,,nan,nan,nan,nan,nan,nan,nan,,,,nan,nan,nan,nan,nan,nan,nan,nan,nan,nan,nan,nan,,nan,nan,,,nan,nan,nan,nan,nan,nan,nan,nan,nan,nan,nan,nan,nan,nan,nan,nan,nan,nan,nan,nan,nan,nan,nan,nan,,nan,nan,nan,,nan,,,,
nan,nan,nan,nan,nan,nan,nan,nan,nan,nan,nan,nan,nan,nan,nan,nan,nan,0.0,0.0,0.0,0.0,0.0,0.0,0.0,0.0,1.0,0.0,0.0,0.0,0.0,0.0,0.0,0.0,1.0,nan,nan,nan,,nan,nan,nan,nan,nan,nan,nan,,,,nan,nan,nan,nan,nan,nan,nan,nan,nan,nan,nan,nan,,nan,nan,,,nan,nan,nan,nan,nan,nan,nan,nan,nan,nan,nan,nan,nan,nan,nan,nan,nan,nan,nan,nan,nan,nan,nan,nan,,nan,nan,nan,,nan,,,,
nan,nan,nan,nan,nan,nan,nan,nan,nan,nan,nan,nan,nan,nan,nan,nan,nan,0.0,0.0,0.0,0.0,0.0,0.0,0.0,0.0,0.0,0.0,0.0,0.0,0.0,0.0,0.0,0.0,0.0,nan,nan,nan,,nan,nan,nan,nan,nan,nan,nan,,,,nan,nan,nan,nan,nan,nan,nan,nan,nan,nan,nan,nan,,nan,nan,,,nan,nan,nan,nan,nan,nan,nan,nan,nan,nan,nan,nan,nan,nan,nan,nan,nan,nan,nan,nan,nan,nan,nan,nan,,nan,nan,nan,,nan,,,,
nan,nan,nan,nan,nan,nan,nan,nan,nan,nan,nan,nan,nan,nan,nan,nan,nan,0.0,0.0,0.0,0.0,0.0,0.0,0.0,0.0,0.0,0.0,0.0,0.0,0.0,0.0,0.0,0.0,0.0,nan,nan,nan,,nan,nan,nan,nan,nan,nan,nan,,,,nan,nan,nan,nan,nan,nan,nan,nan,nan,nan,nan,nan,,nan,nan,,,nan,nan,nan,nan,nan,nan,nan,nan,nan,nan,nan,nan,nan,nan,nan,nan,nan,nan,nan,nan,nan,nan,nan,nan,,nan,nan,nan,,nan,,,,
nan,nan,nan,nan,nan,nan,nan,nan,nan,nan,nan,nan,nan,nan,nan,nan,nan,0.0,0.0,0.0,0.0,0.0,0.0,0.0,0.0,1.0,0.0,0.0,0.0,0.0,0.0,0.0,0.0,1.0,nan,nan,nan,,nan,nan,nan,nan,nan,nan,nan,,,,nan,nan,nan,nan,nan,nan,nan,nan,nan,nan,nan,nan,,nan,nan,,,nan,nan,nan,nan,nan,nan,nan,nan,nan,nan,nan,nan,nan,nan,nan,nan,nan,nan,nan,nan,nan,nan,nan,nan,,nan,nan,nan,,nan,,,,
nan,nan,nan,nan,nan,nan,nan,nan,nan,nan,nan,nan,nan,nan,nan,nan,nan,0.0,0.0,0.0,0.0,0.0,0.0,0.0,0.0,0.0,0.0,0.0,0.0,0.0,0.0,0.0,0.0,0.0,nan,nan,nan,,nan,nan,nan,nan,nan,nan,nan,,,,nan,nan,nan,nan,nan,nan,nan,nan,nan,nan,nan,nan,,nan,nan,,,nan,nan,nan,nan,nan,nan,nan,nan,nan,nan,nan,nan,nan,nan,nan,nan,nan,nan,nan,nan,nan,nan,nan,nan,,nan,nan,nan,,nan,,,,
nan,nan,nan,nan,nan,nan,nan,nan,nan,nan,nan,nan,nan,nan,nan,nan,nan,0.0,0.0,0.0,0.0,0.0,0.0,0.0,0.0,0.0,0.0,0.0,0.0,0.0,0.0,0.0,0.0,0.0,nan,nan,nan,,nan,nan,nan,nan,nan,nan,nan,,,,nan,nan,nan,nan,nan,nan,nan,nan,nan,nan,nan,nan,,nan,nan,,,nan,nan,nan,nan,nan,nan,nan,nan,nan,nan,nan,nan,nan,nan,nan,nan,nan,nan,nan,nan,nan,nan,nan,nan,,nan,nan,nan,,nan,,,,
nan,nan,nan,nan,nan,nan,nan,nan,nan,nan,nan,nan,nan,nan,nan,nan,nan,0.0,0.0,0.0,0.0,0.0,0.0,0.0,0.0,0.0,0.0,0.0,0.0,0.0,0.0,0.0,0.0,0.0,nan,nan,nan,,nan,nan,nan,nan,nan,nan,nan,,,,nan,nan,nan,nan,nan,nan,nan,nan,nan,nan,nan,nan,,nan,nan,,,nan,nan,nan,nan,nan,nan,nan,nan,nan,nan,nan,nan,nan,nan,nan,nan,nan,nan,nan,nan,nan,nan,nan,nan,,nan,nan,nan,,nan,,,,
nan,nan,nan,nan,nan,nan,nan,nan,nan,nan,nan,nan,nan,nan,nan,nan,nan,0.0,0.0,0.0,0.0,0.0,0.0,0.0,0.0,0.0,0.0,0.0,0.0,0.0,0.0,0.0,0.0,0.0,nan,nan,nan,,nan,nan,nan,nan,nan,nan,nan,,,,nan,nan,nan,nan,nan,nan,nan,nan,nan,nan,nan,nan,,nan,nan,,,nan,nan,nan,nan,nan,nan,nan,nan,nan,nan,nan,nan,nan,nan,nan,nan,nan,nan,nan,nan,nan,nan,nan,nan,,nan,nan,nan,,nan,,,,
nan,nan,nan,nan,nan,nan,nan,nan,nan,nan,nan,nan,nan,nan,nan,nan,nan,0.0,0.0,0.0,0.0,0.0,0.0,0.0,0.0,0.0,0.0,0.0,0.0,0.0,0.0,0.0,0.0,0.0,nan,nan,nan,,nan,nan,nan,nan,nan,nan,nan,,,,nan,nan,nan,nan,nan,nan,nan,nan,nan,nan,nan,nan,,nan,nan,,,nan,nan,nan,nan,nan,nan,nan,nan,nan,nan,nan,nan,nan,nan,nan,nan,nan,nan,nan,nan,nan,nan,nan,nan,,nan,nan,nan,,nan,,,,
nan,nan,nan,nan,nan,nan,nan,nan,nan,nan,nan,nan,nan,nan,nan,nan,nan,0.0,0.0,0.0,0.0,0.0,0.0,0.0,0.0,0.0,0.0,0.0,0.0,0.0,0.0,0.0,0.0,0.0,nan,nan,nan,,nan,nan,nan,nan,nan,nan,nan,,,,nan,nan,nan,nan,nan,nan,nan,nan,nan,nan,nan,nan,,nan,nan,,,nan,nan,nan,nan,nan,nan,nan,nan,nan,nan,nan,nan,nan,nan,nan,nan,nan,nan,nan,nan,nan,nan,nan,nan,,nan,nan,nan,,nan,,,,
nan,nan,nan,nan,nan,nan,nan,nan,nan,nan,nan,nan,nan,nan,nan,nan,nan,0.0,0.0,0.0,0.0,0.0,0.0,0.0,0.0,0.0,0.0,0.0,0.0,0.0,0.0,0.0,0.0,0.0,nan,nan,nan,,nan,nan,nan,nan,nan,nan,nan,,,,nan,nan,nan,nan,nan,nan,nan,nan,nan,nan,nan,nan,,nan,nan,,,nan,nan,nan,nan,nan,nan,nan,nan,nan,nan,nan,nan,nan,nan,nan,nan,nan,nan,nan,nan,nan,nan,nan,nan,,nan,nan,nan,,nan,,,,
nan,nan,nan,nan,nan,nan,nan,nan,nan,nan,nan,nan,nan,nan,nan,nan,nan,0.0,0.0,0.0,0.0,0.0,0.0,0.0,0.0,0.0,0.0,0.0,0.0,0.0,0.0,0.0,0.0,0.0,nan,nan,nan,,nan,nan,nan,nan,nan,nan,nan,,,,nan,nan,nan,nan,nan,nan,nan,nan,nan,nan,nan,nan,,nan,nan,,,nan,nan,nan,nan,nan,nan,nan,nan,nan,nan,nan,nan,nan,nan,nan,nan,nan,nan,nan,nan,nan,nan,nan,nan,,nan,nan,nan,,nan,,,,
nan,nan,nan,nan,nan,nan,nan,nan,nan,nan,nan,nan,nan,nan,nan,nan,nan,0.0,0.0,0.0,0.0,0.0,0.0,0.0,0.0,0.0,0.0,0.0,0.0,0.0,0.0,0.0,0.0,0.0,nan,nan,nan,,nan,nan,nan,nan,nan,nan,nan,,,,nan,nan,nan,nan,nan,nan,nan,nan,nan,nan,nan,nan,,nan,nan,,,nan,nan,nan,nan,nan,nan,nan,nan,nan,nan,nan,nan,nan,nan,nan,nan,nan,nan,nan,nan,nan,nan,nan,nan,,nan,nan,nan,,nan,,,,
nan,nan,nan,nan,nan,nan,nan,nan,nan,nan,nan,nan,nan,nan,nan,nan,nan,0.0,0.0,0.0,0.0,0.0,0.0,0.0,0.0,0.0,0.0,0.0,0.0,0.0,0.0,0.0,0.0,0.0,nan,nan,nan,,nan,nan,nan,nan,nan,nan,nan,,,,nan,nan,nan,nan,nan,nan,nan,nan,nan,nan,nan,nan,,nan,nan,,,nan,nan,nan,nan,nan,nan,nan,nan,nan,nan,nan,nan,nan,nan,nan,nan,nan,nan,nan,nan,nan,nan,nan,nan,,nan,nan,nan,,nan,,,,
nan,nan,nan,nan,nan,nan,nan,nan,nan,nan,nan,nan,nan,nan,nan,nan,nan,0.0,0.0,0.0,0.0,0.0,0.0,0.0,0.0,0.0,0.0,0.0,0.0,0.0,0.0,0.0,0.0,0.0,nan,nan,nan,,nan,nan,nan,nan,nan,nan,nan,,,,nan,nan,nan,nan,nan,nan,nan,nan,nan,nan,nan,nan,,nan,nan,,,nan,nan,nan,nan,nan,nan,nan,nan,nan,nan,nan,nan,nan,nan,nan,nan,nan,nan,nan,nan,nan,nan,nan,nan,,nan,nan,nan,,nan,,,,
nan,nan,nan,nan,nan,nan,nan,nan,nan,nan,nan,nan,nan,nan,nan,nan,nan,0.0,0.0,0.0,0.0,0.0,0.0,0.0,0.0,0.0,0.0,0.0,0.0,0.0,0.0,0.0,0.0,0.0,nan,nan,nan,,nan,nan,nan,nan,nan,nan,nan,,,,nan,nan,nan,nan,nan,nan,nan,nan,nan,nan,nan,nan,,nan,nan,,,nan,nan,nan,nan,nan,nan,nan,nan,nan,nan,nan,nan,nan,nan,nan,nan,nan,nan,nan,nan,nan,nan,nan,nan,,nan,nan,nan,,nan,,,,
nan,nan,nan,nan,nan,nan,nan,nan,nan,nan,nan,nan,nan,nan,nan,nan,nan,0.0,0.0,0.0,0.0,0.0,0.0,0.0,0.0,0.0,0.0,0.0,0.0,0.0,0.0,0.0,0.0,0.0,nan,nan,nan,,nan,nan,nan,nan,nan,nan,nan,,,,nan,nan,nan,nan,nan,nan,nan,nan,nan,nan,nan,nan,,nan,nan,,,nan,nan,nan,nan,nan,nan,nan,nan,nan,nan,nan,nan,nan,nan,nan,nan,nan,nan,nan,nan,nan,nan,nan,nan,,nan,nan,nan,,nan,,,,
nan,nan,nan,nan,nan,nan,nan,nan,nan,nan,nan,nan,nan,nan,nan,nan,nan,0.0,0.0,0.0,0.0,0.0,0.0,0.0,0.0,0.0,0.0,0.0,0.0,0.0,0.0,0.0,0.0,0.0,nan,nan,nan,,nan,nan,nan,nan,nan,nan,nan,,,,nan,nan,nan,nan,nan,nan,nan,nan,nan,nan,nan,nan,,nan,nan,,,nan,nan,nan,nan,nan,nan,nan,nan,nan,nan,nan,nan,nan,nan,nan,nan,nan,nan,nan,nan,nan,nan,nan,nan,,nan,nan,nan,,nan,,,,
nan,nan,nan,nan,nan,nan,nan,nan,nan,nan,nan,nan,nan,nan,nan,nan,nan,0.0,0.0,0.0,0.0,0.0,0.0,0.0,0.0,0.0,0.0,0.0,0.0,0.0,0.0,0.0,0.0,0.0,nan,nan,nan,,nan,nan,nan,nan,nan,nan,nan,,,,nan,nan,nan,nan,nan,nan,nan,nan,nan,nan,nan,nan,,nan,nan,,,nan,nan,nan,nan,nan,nan,nan,nan,nan,nan,nan,nan,nan,nan,nan,nan,nan,nan,nan,nan,nan,nan,nan,nan,,nan,nan,nan,,nan,,,,
nan,nan,nan,nan,nan,nan,nan,nan,nan,nan,nan,nan,nan,nan,nan,nan,nan,0.0,0.0,0.0,0.0,0.0,0.0,0.0,0.0,0.0,0.0,0.0,0.0,0.0,0.0,0.0,0.0,0.0,nan,nan,nan,,nan,nan,nan,nan,nan,nan,nan,,,,nan,nan,nan,nan,nan,nan,nan,nan,nan,nan,nan,nan,,nan,nan,,,nan,nan,nan,nan,nan,nan,nan,nan,nan,nan,nan,nan,nan,nan,nan,nan,nan,nan,nan,nan,nan,nan,nan,nan,,nan,nan,nan,,nan,,,,
nan,nan,nan,nan,nan,nan,nan,nan,nan,nan,nan,nan,nan,nan,nan,nan,nan,0.0,0.0,0.0,0.0,0.0,0.0,0.0,0.0,0.0,0.0,0.0,0.0,0.0,0.0,0.0,0.0,0.0,nan,nan,nan,,nan,nan,nan,nan,nan,nan,nan,,,,nan,nan,nan,nan,nan,nan,nan,nan,nan,nan,nan,nan,,nan,nan,,,nan,nan,nan,nan,nan,nan,nan,nan,nan,nan,nan,nan,nan,nan,nan,nan,nan,nan,nan,nan,nan,nan,nan,nan,,nan,nan,nan,,nan,,,,
nan,nan,nan,nan,nan,nan,nan,nan,nan,nan,nan,nan,nan,nan,nan,nan,nan,0.0,0.0,0.0,0.0,0.0,0.0,0.0,0.0,0.0,0.0,0.0,0.0,0.0,0.0,0.0,0.0,0.0,nan,nan,nan,,nan,nan,nan,nan,nan,nan,nan,,,,nan,nan,nan,nan,nan,nan,nan,nan,nan,nan,nan,nan,,nan,nan,,,nan,nan,nan,nan,nan,nan,nan,nan,nan,nan,nan,nan,nan,nan,nan,nan,nan,nan,nan,nan,nan,nan,nan,nan,,nan,nan,nan,,nan,,,,
nan,nan,nan,nan,nan,nan,nan,nan,nan,nan,nan,nan,nan,nan,nan,nan,nan,0.0,0.0,0.0,0.0,0.0,0.0,0.0,0.0,0.0,0.0,0.0,0.0,0.0,0.0,0.0,0.0,0.0,nan,nan,nan,,nan,nan,nan,nan,nan,nan,nan,,,,nan,nan,nan,nan,nan,nan,nan,nan,nan,nan,nan,nan,,nan,nan,,,nan,nan,nan,nan,nan,nan,nan,nan,nan,nan,nan,nan,nan,nan,nan,nan,nan,nan,nan,nan,nan,nan,nan,nan,,nan,nan,nan,,nan,,,,
nan,nan,nan,nan,nan,nan,nan,nan,nan,nan,nan,nan,nan,nan,nan,nan,nan,0.0,0.0,0.0,0.0,0.0,0.0,0.0,0.0,1.0,0.0,0.0,0.0,0.0,0.0,0.0,0.0,1.0,nan,nan,nan,,nan,nan,nan,nan,nan,nan,nan,,,,nan,nan,nan,nan,nan,nan,nan,nan,nan,nan,nan,nan,,nan,nan,,,nan,nan,nan,nan,nan,nan,nan,nan,nan,nan,nan,nan,nan,nan,nan,nan,nan,nan,nan,nan,nan,nan,nan,nan,,nan,nan,nan,,nan,,,,
nan,nan,nan,nan,nan,nan,nan,nan,nan,nan,nan,nan,nan,nan,nan,nan,nan,0.0,0.0,0.0,0.0,0.0,0.0,0.0,0.0,0.0,0.0,0.0,0.0,0.0,0.0,0.0,0.0,0.0,nan,nan,nan,,nan,nan,nan,nan,nan,nan,nan,,,,nan,nan,nan,nan,nan,nan,nan,nan,nan,nan,nan,nan,,nan,nan,,,nan,nan,nan,nan,nan,nan,nan,nan,nan,nan,nan,nan,nan,nan,nan,nan,nan,nan,nan,nan,nan,nan,nan,nan,,nan,nan,nan,,nan,,,,
nan,nan,nan,nan,nan,nan,nan,nan,nan,nan,nan,nan,nan,nan,nan,nan,nan,0.0,0.0,0.0,0.0,0.0,0.0,0.0,0.0,0.0,0.0,0.0,0.0,0.0,0.0,0.0,0.0,0.0,nan,nan,nan,,nan,nan,nan,nan,nan,nan,nan,,,,nan,nan,nan,nan,nan,nan,nan,nan,nan,nan,nan,nan,,nan,nan,,,nan,nan,nan,nan,nan,nan,nan,nan,nan,nan,nan,nan,nan,nan,nan,nan,nan,nan,nan,nan,nan,nan,nan,nan,,nan,nan,nan,,nan,,,,
nan,nan,nan,nan,nan,nan,nan,nan,nan,nan,nan,nan,nan,nan,nan,nan,nan,0.0,0.0,0.0,0.0,0.0,0.0,0.0,0.0,0.0,0.0,0.0,0.0,0.0,0.0,0.0,0.0,0.0,nan,nan,nan,,nan,nan,nan,nan,nan,nan,nan,,,,nan,nan,nan,nan,nan,nan,nan,nan,nan,nan,nan,nan,,nan,nan,,,nan,nan,nan,nan,nan,nan,nan,nan,nan,nan,nan,nan,nan,nan,nan,nan,nan,nan,nan,nan,nan,nan,nan,nan,,nan,nan,nan,,nan,,,,
nan,nan,nan,nan,nan,nan,nan,nan,nan,nan,nan,nan,nan,nan,nan,nan,nan,0.0,0.0,0.0,0.0,0.0,0.0,0.0,0.0,0.0,0.0,0.0,0.0,0.0,0.0,0.0,0.0,0.0,nan,nan,nan,,nan,nan,nan,nan,nan,nan,nan,,,,nan,nan,nan,nan,nan,nan,nan,nan,nan,nan,nan,nan,,nan,nan,,,nan,nan,nan,nan,nan,nan,nan,nan,nan,nan,nan,nan,nan,nan,nan,nan,nan,nan,nan,nan,nan,nan,nan,nan,,nan,nan,nan,,nan,,,,
nan,nan,nan,nan,nan,nan,nan,nan,nan,nan,nan,nan,nan,nan,nan,nan,nan,0.0,0.0,0.0,0.0,0.0,0.0,0.0,0.0,0.0,0.0,0.0,0.0,0.0,0.0,0.0,0.0,0.0,nan,nan,nan,,nan,nan,nan,nan,nan,nan,nan,,,,nan,nan,nan,nan,nan,nan,nan,nan,nan,nan,nan,nan,,nan,nan,,,nan,nan,nan,nan,nan,nan,nan,nan,nan,nan,nan,nan,nan,nan,nan,nan,nan,nan,nan,nan,nan,nan,nan,nan,,nan,nan,nan,,nan,,,,
nan,nan,nan,nan,nan,nan,nan,nan,nan,nan,nan,nan,nan,nan,nan,nan,nan,0.0,0.0,0.0,0.0,0.0,0.0,0.0,0.0,0.0,0.0,0.0,0.0,0.0,0.0,0.0,0.0,0.0,nan,nan,nan,,nan,nan,nan,nan,nan,nan,nan,,,,nan,nan,nan,nan,nan,nan,nan,nan,nan,nan,nan,nan,,nan,nan,,,nan,nan,nan,nan,nan,nan,nan,nan,nan,nan,nan,nan,nan,nan,nan,nan,nan,nan,nan,nan,nan,nan,nan,nan,,nan,nan,nan,,nan,,,,
nan,nan,nan,nan,nan,nan,nan,nan,nan,nan,nan,nan,nan,nan,nan,nan,nan,0.0,0.0,0.0,0.0,0.0,0.0,0.0,0.0,1.0,0.0,0.0,0.0,0.0,0.0,0.0,0.0,1.0,nan,nan,nan,,nan,nan,nan,nan,nan,nan,nan,,,,nan,nan,nan,nan,nan,nan,nan,nan,nan,nan,nan,nan,,nan,nan,,,nan,nan,nan,nan,nan,nan,nan,nan,nan,nan,nan,nan,nan,nan,nan,nan,nan,nan,nan,nan,nan,nan,nan,nan,,nan,nan,nan,,nan,,,,
nan,nan,nan,nan,nan,nan,nan,nan,nan,nan,nan,nan,nan,nan,nan,nan,nan,0.0,0.0,0.0,0.0,0.0,0.0,0.0,0.0,0.0,0.0,0.0,0.0,0.0,0.0,0.0,0.0,0.0,nan,nan,nan,,nan,nan,nan,nan,nan,nan,nan,,,,nan,nan,nan,nan,nan,nan,nan,nan,nan,nan,nan,nan,,nan,nan,,,nan,nan,nan,nan,nan,nan,nan,nan,nan,nan,nan,nan,nan,nan,nan,nan,nan,nan,nan,nan,nan,nan,nan,nan,,nan,nan,nan,,nan,,,,
nan,nan,nan,nan,nan,nan,nan,nan,nan,nan,nan,nan,nan,nan,nan,nan,nan,0.0,0.0,0.0,0.0,0.0,0.0,0.0,0.0,0.0,0.0,0.0,0.0,0.0,0.0,0.0,0.0,0.0,nan,nan,nan,,nan,nan,nan,nan,nan,nan,nan,,,,nan,nan,nan,nan,nan,nan,nan,nan,nan,nan,nan,nan,,nan,nan,,,nan,nan,nan,nan,nan,nan,nan,nan,nan,nan,nan,nan,nan,nan,nan,nan,nan,nan,nan,nan,nan,nan,nan,nan,,nan,nan,nan,,nan,,,,
nan,nan,nan,nan,nan,nan,nan,nan,nan,nan,nan,nan,nan,nan,nan,nan,nan,0.0,0.0,0.0,0.0,0.0,0.0,0.0,0.0,0.0,0.0,0.0,0.0,0.0,0.0,0.0,0.0,0.0,nan,nan,nan,,nan,nan,nan,nan,nan,nan,nan,,,,nan,nan,nan,nan,nan,nan,nan,nan,nan,nan,nan,nan,,nan,nan,,,nan,nan,nan,nan,nan,nan,nan,nan,nan,nan,nan,nan,nan,nan,nan,nan,nan,nan,nan,nan,nan,nan,nan,nan,,nan,nan,nan,,nan,,,,
nan,nan,nan,nan,nan,nan,nan,nan,nan,nan,nan,nan,nan,nan,nan,nan,nan,0.0,0.0,0.0,0.0,0.0,0.0,0.0,0.0,0.0,0.0,0.0,0.0,0.0,0.0,0.0,0.0,0.0,nan,nan,nan,,nan,nan,nan,nan,nan,nan,nan,,,,nan,nan,nan,nan,nan,nan,nan,nan,nan,nan,nan,nan,,nan,nan,,,nan,nan,nan,nan,nan,nan,nan,nan,nan,nan,nan,nan,nan,nan,nan,nan,nan,nan,nan,nan,nan,nan,nan,nan,,nan,nan,nan,,nan,,,,
nan,nan,nan,nan,nan,nan,nan,nan,nan,nan,nan,nan,nan,nan,nan,nan,nan,0.0,0.0,0.0,0.0,0.0,0.0,0.0,0.0,0.0,0.0,0.0,0.0,0.0,0.0,0.0,0.0,0.0,nan,nan,nan,,nan,nan,nan,nan,nan,nan,nan,,,,nan,nan,nan,nan,nan,nan,nan,nan,nan,nan,nan,nan,,nan,nan,,,nan,nan,nan,nan,nan,nan,nan,nan,nan,nan,nan,nan,nan,nan,nan,nan,nan,nan,nan,nan,nan,nan,nan,nan,,nan,nan,nan,,nan,,,,
nan,nan,nan,nan,nan,nan,nan,nan,nan,nan,nan,nan,nan,nan,nan,nan,nan,0.0,0.0,0.0,0.0,0.0,0.0,0.0,0.0,0.0,0.0,0.0,0.0,0.0,0.0,0.0,0.0,0.0,nan,nan,nan,,nan,nan,nan,nan,nan,nan,nan,,,,nan,nan,nan,nan,nan,nan,nan,nan,nan,nan,nan,nan,,nan,nan,,,nan,nan,nan,nan,nan,nan,nan,nan,nan,nan,nan,nan,nan,nan,nan,nan,nan,nan,nan,nan,nan,nan,nan,nan,,nan,nan,nan,,nan,,,,
nan,nan,nan,nan,nan,nan,nan,nan,nan,nan,nan,nan,nan,nan,nan,nan,nan,0.0,0.0,0.0,0.0,0.0,0.0,0.0,0.0,0.0,0.0,0.0,0.0,0.0,0.0,0.0,0.0,0.0,nan,nan,nan,,nan,nan,nan,nan,nan,nan,nan,,,,nan,nan,nan,nan,nan,nan,nan,nan,nan,nan,nan,nan,,nan,nan,,,nan,nan,nan,nan,nan,nan,nan,nan,nan,nan,nan,nan,nan,nan,nan,nan,nan,nan,nan,nan,nan,nan,nan,nan,,nan,nan,nan,,nan,,,,
nan,nan,nan,nan,nan,nan,nan,nan,nan,nan,nan,nan,nan,nan,nan,nan,nan,0.0,0.0,0.0,0.0,0.0,0.0,0.0,0.0,0.0,0.0,0.0,0.0,0.0,0.0,0.0,0.0,0.0,nan,nan,nan,,nan,nan,nan,nan,nan,nan,nan,,,,nan,nan,nan,nan,nan,nan,nan,nan,nan,nan,nan,nan,,nan,nan,,,nan,nan,nan,nan,nan,nan,nan,nan,nan,nan,nan,nan,nan,nan,nan,nan,nan,nan,nan,nan,nan,nan,nan,nan,,nan,nan,nan,,nan,,,,
nan,nan,nan,nan,nan,nan,nan,nan,nan,nan,nan,nan,nan,nan,nan,nan,nan,0.0,0.0,0.0,0.0,0.0,0.0,0.0,0.0,0.0,0.0,0.0,0.0,0.0,0.0,0.0,0.0,0.0,nan,nan,nan,,nan,nan,nan,nan,nan,nan,nan,,,,nan,nan,nan,nan,nan,nan,nan,nan,nan,nan,nan,nan,,nan,nan,,,nan,nan,nan,nan,nan,nan,nan,nan,nan,nan,nan,nan,nan,nan,nan,nan,nan,nan,nan,nan,nan,nan,nan,nan,,nan,nan,nan,,nan,,,,
nan,nan,nan,nan,nan,nan,nan,nan,nan,nan,nan,nan,nan,nan,nan,nan,nan,0.0,0.0,0.0,0.0,0.0,0.0,0.0,0.0,0.0,0.0,0.0,0.0,0.0,0.0,0.0,0.0,0.0,nan,nan,nan,,nan,nan,nan,nan,nan,nan,nan,,,,nan,nan,nan,nan,nan,nan,nan,nan,nan,nan,nan,nan,,nan,nan,,,nan,nan,nan,nan,nan,nan,nan,nan,nan,nan,nan,nan,nan,nan,nan,nan,nan,nan,nan,nan,nan,nan,nan,nan,,nan,nan,nan,,nan,,,,
nan,nan,nan,nan,nan,nan,nan,nan,nan,nan,nan,nan,nan,nan,nan,nan,nan,0.0,0.0,0.0,0.0,0.0,0.0,0.0,0.0,1.0,0.0,0.0,0.0,0.0,0.0,0.0,0.0,1.0,nan,nan,nan,,nan,nan,nan,nan,nan,nan,nan,,,,nan,nan,nan,nan,nan,nan,nan,nan,nan,nan,nan,nan,,nan,nan,,,nan,nan,nan,nan,nan,nan,nan,nan,nan,nan,nan,nan,nan,nan,nan,nan,nan,nan,nan,nan,nan,nan,nan,nan,,nan,nan,nan,,nan,,,,
nan,nan,nan,nan,nan,nan,nan,nan,nan,nan,nan,nan,nan,nan,nan,nan,nan,0.0,0.0,0.0,0.0,0.0,0.0,0.0,0.0,0.0,0.0,0.0,0.0,0.0,0.0,0.0,0.0,0.0,nan,nan,nan,,nan,nan,nan,nan,nan,nan,nan,,,,nan,nan,nan,nan,nan,nan,nan,nan,nan,nan,nan,nan,,nan,nan,,,nan,nan,nan,nan,nan,nan,nan,nan,nan,nan,nan,nan,nan,nan,nan,nan,nan,nan,nan,nan,nan,nan,nan,nan,,nan,nan,nan,,nan,,,,
nan,nan,nan,nan,nan,nan,nan,nan,nan,nan,nan,nan,nan,nan,nan,nan,nan,0.0,0.0,0.0,0.0,0.0,0.0,0.0,0.0,0.0,0.0,0.0,0.0,0.0,0.0,0.0,0.0,0.0,nan,nan,nan,,nan,nan,nan,nan,nan,nan,nan,,,,nan,nan,nan,nan,nan,nan,nan,nan,nan,nan,nan,nan,,nan,nan,,,nan,nan,nan,nan,nan,nan,nan,nan,nan,nan,nan,nan,nan,nan,nan,nan,nan,nan,nan,nan,nan,nan,nan,nan,,nan,nan,nan,,nan,,,,
nan,nan,nan,nan,nan,nan,nan,nan,nan,nan,nan,nan,nan,nan,nan,nan,nan,0.0,0.0,0.0,0.0,0.0,0.0,0.0,0.0,0.0,0.0,0.0,0.0,0.0,0.0,0.0,0.0,0.0,nan,nan,nan,,nan,nan,nan,nan,nan,nan,nan,,,,nan,nan,nan,nan,nan,nan,nan,nan,nan,nan,nan,nan,,nan,nan,,,nan,nan,nan,nan,nan,nan,nan,nan,nan,nan,nan,nan,nan,nan,nan,nan,nan,nan,nan,nan,nan,nan,nan,nan,,nan,nan,nan,,nan,,,,
nan,nan,nan,nan,nan,nan,nan,nan,nan,nan,nan,nan,nan,nan,nan,nan,nan,0.0,0.0,0.0,0.0,0.0,0.0,0.0,0.0,0.0,0.0,0.0,0.0,0.0,0.0,0.0,0.0,0.0,nan,nan,nan,,nan,nan,nan,nan,nan,nan,nan,,,,nan,nan,nan,nan,nan,nan,nan,nan,nan,nan,nan,nan,,nan,nan,,,nan,nan,nan,nan,nan,nan,nan,nan,nan,nan,nan,nan,nan,nan,nan,nan,nan,nan,nan,nan,nan,nan,nan,nan,,nan,nan,nan,,nan,,,,
nan,nan,nan,nan,nan,nan,nan,nan,nan,nan,nan,nan,nan,nan,nan,nan,nan,0.0,0.0,0.0,0.0,0.0,0.0,0.0,0.0,1.0,0.0,0.0,0.0,0.0,0.0,0.0,0.0,1.0,nan,nan,nan,,nan,nan,nan,nan,nan,nan,nan,,,,nan,nan,nan,nan,nan,nan,nan,nan,nan,nan,nan,nan,,nan,nan,,,nan,nan,nan,nan,nan,nan,nan,nan,nan,nan,nan,nan,nan,nan,nan,nan,nan,nan,nan,nan,nan,nan,nan,nan,,nan,nan,nan,,nan,,,,
nan,nan,nan,nan,nan,nan,nan,nan,nan,nan,nan,nan,nan,nan,nan,nan,nan,0.0,0.0,0.0,0.0,0.0,0.0,0.0,0.0,1.0,0.0,0.0,0.0,0.0,0.0,0.0,0.0,1.0,nan,nan,nan,,nan,nan,nan,nan,nan,nan,nan,,,,nan,nan,nan,nan,nan,nan,nan,nan,nan,nan,nan,nan,,nan,nan,,,nan,nan,nan,nan,nan,nan,nan,nan,nan,nan,nan,nan,nan,nan,nan,nan,nan,nan,nan,nan,nan,nan,nan,nan,,nan,nan,nan,,nan,,,,
nan,nan,nan,nan,nan,nan,nan,nan,nan,nan,nan,nan,nan,nan,nan,nan,nan,0.0,0.0,0.0,0.0,0.0,0.0,0.0,0.0,0.0,0.0,0.0,0.0,0.0,0.0,0.0,0.0,0.0,nan,nan,nan,,nan,nan,nan,nan,nan,nan,nan,,,,nan,nan,nan,nan,nan,nan,nan,nan,nan,nan,nan,nan,,nan,nan,,,nan,nan,nan,nan,nan,nan,nan,nan,nan,nan,nan,nan,nan,nan,nan,nan,nan,nan,nan,nan,nan,nan,nan,nan,,nan,nan,nan,,nan,,,,
nan,nan,nan,nan,nan,nan,nan,nan,nan,nan,nan,nan,nan,nan,nan,nan,nan,0.0,0.0,0.0,0.0,0.0,0.0,0.0,0.0,0.0,0.0,0.0,0.0,0.0,0.0,0.0,0.0,0.0,nan,nan,nan,,nan,nan,nan,nan,nan,nan,nan,,,,nan,nan,nan,nan,nan,nan,nan,nan,nan,nan,nan,nan,,nan,nan,,,nan,nan,nan,nan,nan,nan,nan,nan,nan,nan,nan,nan,nan,nan,nan,nan,nan,nan,nan,nan,nan,nan,nan,nan,,nan,nan,nan,,nan,,,,
nan,nan,nan,nan,nan,nan,nan,nan,nan,nan,nan,nan,nan,nan,nan,nan,nan,0.0,0.0,0.0,0.0,0.0,0.0,0.0,0.0,0.0,0.0,0.0,0.0,0.0,0.0,0.0,0.0,0.0,nan,nan,nan,,nan,nan,nan,nan,nan,nan,nan,,,,nan,nan,nan,nan,nan,nan,nan,nan,nan,nan,nan,nan,,nan,nan,,,nan,nan,nan,nan,nan,nan,nan,nan,nan,nan,nan,nan,nan,nan,nan,nan,nan,nan,nan,nan,nan,nan,nan,nan,,nan,nan,nan,,nan,,,,
nan,nan,nan,nan,nan,nan,nan,nan,nan,nan,nan,nan,nan,nan,nan,nan,nan,0.0,0.0,0.0,0.0,0.0,0.0,0.0,0.0,0.0,0.0,0.0,0.0,0.0,0.0,0.0,0.0,0.0,nan,nan,nan,,nan,nan,nan,nan,nan,nan,nan,,,,nan,nan,nan,nan,nan,nan,nan,nan,nan,nan,nan,nan,,nan,nan,,,nan,nan,nan,nan,nan,nan,nan,nan,nan,nan,nan,nan,nan,nan,nan,nan,nan,nan,nan,nan,nan,nan,nan,nan,,nan,nan,nan,,nan,,,,
nan,nan,nan,nan,nan,nan,nan,nan,nan,nan,nan,nan,nan,nan,nan,nan,nan,0.0,0.0,0.0,0.0,0.0,0.0,0.0,0.0,1.0,0.0,0.0,0.0,0.0,0.0,0.0,0.0,1.0,nan,nan,nan,,nan,nan,nan,nan,nan,nan,nan,,,,nan,nan,nan,nan,nan,nan,nan,nan,nan,nan,nan,nan,,nan,nan,,,nan,nan,nan,nan,nan,nan,nan,nan,nan,nan,nan,nan,nan,nan,nan,nan,nan,nan,nan,nan,nan,nan,nan,nan,,nan,nan,nan,,nan,,,,
nan,nan,nan,nan,nan,nan,nan,nan,nan,nan,nan,nan,nan,nan,nan,nan,nan,0.0,0.0,0.0,0.0,0.0,0.0,0.0,0.0,0.0,0.0,0.0,0.0,0.0,0.0,0.0,0.0,0.0,nan,nan,nan,,nan,nan,nan,nan,nan,nan,nan,,,,nan,nan,nan,nan,nan,nan,nan,nan,nan,nan,nan,nan,,nan,nan,,,nan,nan,nan,nan,nan,nan,nan,nan,nan,nan,nan,nan,nan,nan,nan,nan,nan,nan,nan,nan,nan,nan,nan,nan,,nan,nan,nan,,nan,,,,
nan,nan,nan,nan,nan,nan,nan,nan,nan,nan,nan,nan,nan,nan,nan,nan,nan,0.0,0.0,0.0,0.0,0.0,0.0,0.0,0.0,0.0,0.0,0.0,0.0,0.0,0.0,0.0,0.0,0.0,nan,nan,nan,,nan,nan,nan,nan,nan,nan,nan,,,,nan,nan,nan,nan,nan,nan,nan,nan,nan,nan,nan,nan,,nan,nan,,,nan,nan,nan,nan,nan,nan,nan,nan,nan,nan,nan,nan,nan,nan,nan,nan,nan,nan,nan,nan,nan,nan,nan,nan,,nan,nan,nan,,nan,,,,
nan,nan,nan,nan,nan,nan,nan,nan,nan,nan,nan,nan,nan,nan,nan,nan,nan,0.0,0.0,0.0,0.0,0.0,0.0,0.0,0.0,0.0,0.0,0.0,0.0,0.0,0.0,0.0,0.0,0.0,nan,nan,nan,,nan,nan,nan,nan,nan,nan,nan,,,,nan,nan,nan,nan,nan,nan,nan,nan,nan,nan,nan,nan,,nan,nan,,,nan,nan,nan,nan,nan,nan,nan,nan,nan,nan,nan,nan,nan,nan,nan,nan,nan,nan,nan,nan,nan,nan,nan,nan,,nan,nan,nan,,nan,,,,
nan,nan,nan,nan,nan,nan,nan,nan,nan,nan,nan,nan,nan,nan,nan,nan,nan,0.0,0.0,0.0,0.0,0.0,0.0,0.0,0.0,0.0,0.0,0.0,0.0,0.0,0.0,0.0,0.0,0.0,nan,nan,nan,,nan,nan,nan,nan,nan,nan,nan,,,,nan,nan,nan,nan,nan,nan,nan,nan,nan,nan,nan,nan,,nan,nan,,,nan,nan,nan,nan,nan,nan,nan,nan,nan,nan,nan,nan,nan,nan,nan,nan,nan,nan,nan,nan,nan,nan,nan,nan,,nan,nan,nan,,nan,,,,
nan,nan,nan,nan,nan,nan,nan,nan,nan,nan,nan,nan,nan,nan,nan,nan,nan,0.0,0.0,0.0,0.0,0.0,0.0,0.0,0.0,0.0,0.0,0.0,0.0,0.0,0.0,0.0,0.0,0.0,nan,nan,nan,,nan,nan,nan,nan,nan,nan,nan,,,,nan,nan,nan,nan,nan,nan,nan,nan,nan,nan,nan,nan,,nan,nan,,,nan,nan,nan,nan,nan,nan,nan,nan,nan,nan,nan,nan,nan,nan,nan,nan,nan,nan,nan,nan,nan,nan,nan,nan,,nan,nan,nan,,nan,,,,
nan,nan,nan,nan,nan,nan,nan,nan,nan,nan,nan,nan,nan,nan,nan,nan,nan,0.0,0.0,0.0,0.0,0.0,0.0,0.0,0.0,0.0,0.0,0.0,0.0,0.0,0.0,0.0,0.0,0.0,nan,nan,nan,,nan,nan,nan,nan,nan,nan,nan,,,,nan,nan,nan,nan,nan,nan,nan,nan,nan,nan,nan,nan,,nan,nan,,,nan,nan,nan,nan,nan,nan,nan,nan,nan,nan,nan,nan,nan,nan,nan,nan,nan,nan,nan,nan,nan,nan,nan,nan,,nan,nan,nan,,nan,,,,
nan,nan,nan,nan,nan,nan,nan,nan,nan,nan,nan,nan,nan,nan,nan,nan,nan,0.0,0.0,0.0,0.0,0.0,0.0,0.0,0.0,0.0,0.0,0.0,0.0,0.0,0.0,0.0,0.0,0.0,nan,nan,nan,,nan,nan,nan,nan,nan,nan,nan,,,,nan,nan,nan,nan,nan,nan,nan,nan,nan,nan,nan,nan,,nan,nan,,,nan,nan,nan,nan,nan,nan,nan,nan,nan,nan,nan,nan,nan,nan,nan,nan,nan,nan,nan,nan,nan,nan,nan,nan,,nan,nan,nan,,nan,,,,
nan,nan,nan,nan,nan,nan,nan,nan,nan,nan,nan,nan,nan,nan,nan,nan,nan,0.0,0.0,0.0,0.0,0.0,0.0,0.0,0.0,0.0,0.0,0.0,0.0,0.0,0.0,0.0,0.0,0.0,nan,nan,nan,,nan,nan,nan,nan,nan,nan,nan,,,,nan,nan,nan,nan,nan,nan,nan,nan,nan,nan,nan,nan,,nan,nan,,,nan,nan,nan,nan,nan,nan,nan,nan,nan,nan,nan,nan,nan,nan,nan,nan,nan,nan,nan,nan,nan,nan,nan,nan,,nan,nan,nan,,nan,,,,
nan,nan,nan,nan,nan,nan,nan,nan,nan,nan,nan,nan,nan,nan,nan,nan,nan,0.0,0.0,0.0,0.0,0.0,0.0,0.0,0.0,0.0,0.0,0.0,0.0,0.0,0.0,0.0,0.0,0.0,nan,nan,nan,,nan,nan,nan,nan,nan,nan,nan,,,,nan,nan,nan,nan,nan,nan,nan,nan,nan,nan,nan,nan,,nan,nan,,,nan,nan,nan,nan,nan,nan,nan,nan,nan,nan,nan,nan,nan,nan,nan,nan,nan,nan,nan,nan,nan,nan,nan,nan,,nan,nan,nan,,nan,,,,
nan,nan,nan,nan,nan,nan,nan,nan,nan,nan,nan,nan,nan,nan,nan,nan,nan,0.0,0.0,0.0,0.0,0.0,0.0,0.0,0.0,0.0,0.0,0.0,0.0,0.0,0.0,0.0,0.0,0.0,nan,nan,nan,,nan,nan,nan,nan,nan,nan,nan,,,,nan,nan,nan,nan,nan,nan,nan,nan,nan,nan,nan,nan,,nan,nan,,,nan,nan,nan,nan,nan,nan,nan,nan,nan,nan,nan,nan,nan,nan,nan,nan,nan,nan,nan,nan,nan,nan,nan,nan,,nan,nan,nan,,nan,,,,
nan,nan,nan,nan,nan,nan,nan,nan,nan,nan,nan,nan,nan,nan,nan,nan,nan,0.0,0.0,0.0,0.0,0.0,0.0,0.0,0.0,0.0,0.0,0.0,0.0,0.0,0.0,0.0,0.0,0.0,nan,nan,nan,,nan,nan,nan,nan,nan,nan,nan,,,,nan,nan,nan,nan,nan,nan,nan,nan,nan,nan,nan,nan,,nan,nan,,,nan,nan,nan,nan,nan,nan,nan,nan,nan,nan,nan,nan,nan,nan,nan,nan,nan,nan,nan,nan,nan,nan,nan,nan,,nan,nan,nan,,nan,,,,
nan,nan,nan,nan,nan,nan,nan,nan,nan,nan,nan,nan,nan,nan,nan,nan,nan,0.0,0.0,0.0,0.0,0.0,0.0,0.0,0.0,0.0,0.0,0.0,0.0,0.0,0.0,0.0,0.0,0.0,nan,nan,nan,,nan,nan,nan,nan,nan,nan,nan,,,,nan,nan,nan,nan,nan,nan,nan,nan,nan,nan,nan,nan,,nan,nan,,,nan,nan,nan,nan,nan,nan,nan,nan,nan,nan,nan,nan,nan,nan,nan,nan,nan,nan,nan,nan,nan,nan,nan,nan,,nan,nan,nan,,nan,,,,
nan,nan,nan,nan,nan,nan,nan,nan,nan,nan,nan,nan,nan,nan,nan,nan,nan,0.0,0.0,0.0,0.0,0.0,0.0,0.0,0.0,0.0,0.0,0.0,0.0,0.0,0.0,0.0,0.0,0.0,nan,nan,nan,,nan,nan,nan,nan,nan,nan,nan,,,,nan,nan,nan,nan,nan,nan,nan,nan,nan,nan,nan,nan,,nan,nan,,,nan,nan,nan,nan,nan,nan,nan,nan,nan,nan,nan,nan,nan,nan,nan,nan,nan,nan,nan,nan,nan,nan,nan,nan,,nan,nan,nan,,nan,,,,
nan,nan,nan,nan,nan,nan,nan,nan,nan,nan,nan,nan,nan,nan,nan,nan,nan,0.0,0.0,0.0,0.0,0.0,0.0,0.0,0.0,1.0,0.0,0.0,0.0,0.0,0.0,0.0,0.0,1.0,nan,nan,nan,,nan,nan,nan,nan,nan,nan,nan,,,,nan,nan,nan,nan,nan,nan,nan,nan,nan,nan,nan,nan,,nan,nan,,,nan,nan,nan,nan,nan,nan,nan,nan,nan,nan,nan,nan,nan,nan,nan,nan,nan,nan,nan,nan,nan,nan,nan,nan,,nan,nan,nan,,nan,,,,
nan,nan,nan,nan,nan,nan,nan,nan,nan,nan,nan,nan,nan,nan,nan,nan,nan,0.0,0.0,0.0,0.0,0.0,0.0,0.0,0.0,0.0,0.0,0.0,0.0,0.0,0.0,0.0,0.0,0.0,nan,nan,nan,,nan,nan,nan,nan,nan,nan,nan,,,,nan,nan,nan,nan,nan,nan,nan,nan,nan,nan,nan,nan,,nan,nan,,,nan,nan,nan,nan,nan,nan,nan,nan,nan,nan,nan,nan,nan,nan,nan,nan,nan,nan,nan,nan,nan,nan,nan,nan,,nan,nan,nan,,nan,,,,
nan,nan,nan,nan,nan,nan,nan,nan,nan,nan,nan,nan,nan,nan,nan,nan,nan,0.0,0.0,0.0,0.0,0.0,0.0,0.0,0.0,0.0,0.0,0.0,0.0,0.0,0.0,0.0,0.0,0.0,nan,nan,nan,,nan,nan,nan,nan,nan,nan,nan,,,,nan,nan,nan,nan,nan,nan,nan,nan,nan,nan,nan,nan,,nan,nan,,,nan,nan,nan,nan,nan,nan,nan,nan,nan,nan,nan,nan,nan,nan,nan,nan,nan,nan,nan,nan,nan,nan,nan,nan,,nan,nan,nan,,nan,,,,
nan,nan,nan,nan,nan,nan,nan,nan,nan,nan,nan,nan,nan,nan,nan,nan,nan,0.0,0.0,0.0,0.0,0.0,0.0,0.0,0.0,0.0,0.0,0.0,0.0,0.0,0.0,0.0,0.0,0.0,nan,nan,nan,,nan,nan,nan,nan,nan,nan,nan,,,,nan,nan,nan,nan,nan,nan,nan,nan,nan,nan,nan,nan,,nan,nan,,,nan,nan,nan,nan,nan,nan,nan,nan,nan,nan,nan,nan,nan,nan,nan,nan,nan,nan,nan,nan,nan,nan,nan,nan,,nan,nan,nan,,nan,,,,
nan,nan,nan,nan,nan,nan,nan,nan,nan,nan,nan,nan,nan,nan,nan,nan,nan,0.0,0.0,0.0,0.0,0.0,0.0,0.0,0.0,0.0,0.0,0.0,0.0,0.0,0.0,0.0,0.0,0.0,nan,nan,nan,,nan,nan,nan,nan,nan,nan,nan,,,,nan,nan,nan,nan,nan,nan,nan,nan,nan,nan,nan,nan,,nan,nan,,,nan,nan,nan,nan,nan,nan,nan,nan,nan,nan,nan,nan,nan,nan,nan,nan,nan,nan,nan,nan,nan,nan,nan,nan,,nan,nan,nan,,nan,,,,
nan,nan,nan,nan,nan,nan,nan,nan,nan,nan,nan,nan,nan,nan,nan,nan,nan,0.0,0.0,0.0,0.0,0.0,0.0,0.0,0.0,0.0,0.0,0.0,0.0,0.0,0.0,0.0,0.0,0.0,nan,nan,nan,,nan,nan,nan,nan,nan,nan,nan,,,,nan,nan,nan,nan,nan,nan,nan,nan,nan,nan,nan,nan,,nan,nan,,,nan,nan,nan,nan,nan,nan,nan,nan,nan,nan,nan,nan,nan,nan,nan,nan,nan,nan,nan,nan,nan,nan,nan,nan,,nan,nan,nan,,nan,,,,
nan,nan,nan,nan,nan,nan,nan,nan,nan,nan,nan,nan,nan,nan,nan,nan,nan,0.0,0.0,0.0,0.0,0.0,0.0,0.0,0.0,0.0,0.0,0.0,0.0,0.0,0.0,0.0,0.0,0.0,nan,nan,nan,,nan,nan,nan,nan,nan,nan,nan,,,,nan,nan,nan,nan,nan,nan,nan,nan,nan,nan,nan,nan,,nan,nan,,,nan,nan,nan,nan,nan,nan,nan,nan,nan,nan,nan,nan,nan,nan,nan,nan,nan,nan,nan,nan,nan,nan,nan,nan,,nan,nan,nan,,nan,,,,
nan,nan,nan,nan,nan,nan,nan,nan,nan,nan,nan,nan,nan,nan,nan,nan,nan,0.0,0.0,0.0,0.0,0.0,0.0,0.0,0.0,0.0,0.0,0.0,0.0,0.0,0.0,0.0,0.0,0.0,nan,nan,nan,,nan,nan,nan,nan,nan,nan,nan,,,,nan,nan,nan,nan,nan,nan,nan,nan,nan,nan,nan,nan,,nan,nan,,,nan,nan,nan,nan,nan,nan,nan,nan,nan,nan,nan,nan,nan,nan,nan,nan,nan,nan,nan,nan,nan,nan,nan,nan,,nan,nan,nan,,nan,,,,
nan,nan,nan,nan,nan,nan,nan,nan,nan,nan,nan,nan,nan,nan,nan,nan,nan,0.0,0.0,0.0,0.0,0.0,0.0,0.0,0.0,0.0,0.0,0.0,0.0,0.0,0.0,0.0,0.0,0.0,nan,nan,nan,,nan,nan,nan,nan,nan,nan,nan,,,,nan,nan,nan,nan,nan,nan,nan,nan,nan,nan,nan,nan,,nan,nan,,,nan,nan,nan,nan,nan,nan,nan,nan,nan,nan,nan,nan,nan,nan,nan,nan,nan,nan,nan,nan,nan,nan,nan,nan,,nan,nan,nan,,nan,,,,
nan,nan,nan,nan,nan,nan,nan,nan,nan,nan,nan,nan,nan,nan,nan,nan,nan,0.0,0.0,0.0,0.0,0.0,0.0,0.0,0.0,0.0,0.0,0.0,0.0,0.0,0.0,0.0,0.0,0.0,nan,nan,nan,,nan,nan,nan,nan,nan,nan,nan,,,,nan,nan,nan,nan,nan,nan,nan,nan,nan,nan,nan,nan,,nan,nan,,,nan,nan,nan,nan,nan,nan,nan,nan,nan,nan,nan,nan,nan,nan,nan,nan,nan,nan,nan,nan,nan,nan,nan,nan,,nan,nan,nan,,nan,,,,
nan,nan,nan,nan,nan,nan,nan,nan,nan,nan,nan,nan,nan,nan,nan,nan,nan,0.0,0.0,0.0,0.0,0.0,0.0,0.0,0.0,0.0,0.0,0.0,0.0,0.0,0.0,0.0,0.0,0.0,nan,nan,nan,,nan,nan,nan,nan,nan,nan,nan,,,,nan,nan,nan,nan,nan,nan,nan,nan,nan,nan,nan,nan,,nan,nan,,,nan,nan,nan,nan,nan,nan,nan,nan,nan,nan,nan,nan,nan,nan,nan,nan,nan,nan,nan,nan,nan,nan,nan,nan,,nan,nan,nan,,nan,,,,
nan,nan,nan,nan,nan,nan,nan,nan,nan,nan,nan,nan,nan,nan,nan,nan,nan,0.0,0.0,0.0,0.0,0.0,0.0,0.0,0.0,0.0,0.0,0.0,0.0,0.0,0.0,0.0,0.0,0.0,nan,nan,nan,,nan,nan,nan,nan,nan,nan,nan,,,,nan,nan,nan,nan,nan,nan,nan,nan,nan,nan,nan,nan,,nan,nan,,,nan,nan,nan,nan,nan,nan,nan,nan,nan,nan,nan,nan,nan,nan,nan,nan,nan,nan,nan,nan,nan,nan,nan,nan,,nan,nan,nan,,nan,,,,
nan,nan,nan,nan,nan,nan,nan,nan,nan,nan,nan,nan,nan,nan,nan,nan,nan,0.0,0.0,0.0,0.0,0.0,0.0,0.0,0.0,0.0,0.0,0.0,0.0,0.0,0.0,0.0,0.0,0.0,nan,nan,nan,,nan,nan,nan,nan,nan,nan,nan,,,,nan,nan,nan,nan,nan,nan,nan,nan,nan,nan,nan,nan,,nan,nan,,,nan,nan,nan,nan,nan,nan,nan,nan,nan,nan,nan,nan,nan,nan,nan,nan,nan,nan,nan,nan,nan,nan,nan,nan,,nan,nan,nan,,nan,,,,
nan,nan,nan,nan,nan,nan,nan,nan,nan,nan,nan,nan,nan,nan,nan,nan,nan,0.0,0.0,0.0,0.0,0.0,0.0,0.0,0.0,0.0,0.0,0.0,0.0,0.0,0.0,0.0,0.0,0.0,nan,nan,nan,,nan,nan,nan,nan,nan,nan,nan,,,,nan,nan,nan,nan,nan,nan,nan,nan,nan,nan,nan,nan,,nan,nan,,,nan,nan,nan,nan,nan,nan,nan,nan,nan,nan,nan,nan,nan,nan,nan,nan,nan,nan,nan,nan,nan,nan,nan,nan,,nan,nan,nan,,nan,,,,
nan,nan,nan,nan,nan,nan,nan,nan,nan,nan,nan,nan,nan,nan,nan,nan,nan,0.0,0.0,0.0,0.0,0.0,0.0,0.0,0.0,0.0,0.0,0.0,0.0,0.0,0.0,0.0,0.0,0.0,nan,nan,nan,,nan,nan,nan,nan,nan,nan,nan,,,,nan,nan,nan,nan,nan,nan,nan,nan,nan,nan,nan,nan,,nan,nan,,,nan,nan,nan,nan,nan,nan,nan,nan,nan,nan,nan,nan,nan,nan,nan,nan,nan,nan,nan,nan,nan,nan,nan,nan,,nan,nan,nan,,nan,,,,
nan,nan,nan,nan,nan,nan,nan,nan,nan,nan,nan,nan,nan,nan,nan,nan,nan,0.0,0.0,0.0,0.0,0.0,0.0,0.0,0.0,0.0,0.0,0.0,0.0,0.0,0.0,0.0,0.0,0.0,nan,nan,nan,,nan,nan,nan,nan,nan,nan,nan,,,,nan,nan,nan,nan,nan,nan,nan,nan,nan,nan,nan,nan,,nan,nan,,,nan,nan,nan,nan,nan,nan,nan,nan,nan,nan,nan,nan,nan,nan,nan,nan,nan,nan,nan,nan,nan,nan,nan,nan,,nan,nan,nan,,nan,,,,
nan,nan,nan,nan,nan,nan,nan,nan,nan,nan,nan,nan,nan,nan,nan,nan,nan,0.0,0.0,0.0,0.0,0.0,0.0,0.0,0.0,0.0,0.0,0.0,0.0,0.0,0.0,0.0,0.0,0.0,nan,nan,nan,,nan,nan,nan,nan,nan,nan,nan,,,,nan,nan,nan,nan,nan,nan,nan,nan,nan,nan,nan,nan,,nan,nan,,,nan,nan,nan,nan,nan,nan,nan,nan,nan,nan,nan,nan,nan,nan,nan,nan,nan,nan,nan,nan,nan,nan,nan,nan,,nan,nan,nan,,nan,,,,
nan,nan,nan,nan,nan,nan,nan,nan,nan,nan,nan,nan,nan,nan,nan,nan,nan,0.0,0.0,0.0,0.0,0.0,0.0,0.0,0.0,0.0,0.0,0.0,0.0,0.0,0.0,0.0,0.0,0.0,nan,nan,nan,,nan,nan,nan,nan,nan,nan,nan,,,,nan,nan,nan,nan,nan,nan,nan,nan,nan,nan,nan,nan,,nan,nan,,,nan,nan,nan,nan,nan,nan,nan,nan,nan,nan,nan,nan,nan,nan,nan,nan,nan,nan,nan,nan,nan,nan,nan,nan,,nan,nan,nan,,nan,,,,
nan,nan,nan,nan,nan,nan,nan,nan,nan,nan,nan,nan,nan,nan,nan,nan,nan,0.0,0.0,0.0,0.0,0.0,0.0,0.0,0.0,0.0,0.0,0.0,0.0,0.0,0.0,0.0,0.0,0.0,nan,nan,nan,,nan,nan,nan,nan,nan,nan,nan,,,,nan,nan,nan,nan,nan,nan,nan,nan,nan,nan,nan,nan,,nan,nan,,,nan,nan,nan,nan,nan,nan,nan,nan,nan,nan,nan,nan,nan,nan,nan,nan,nan,nan,nan,nan,nan,nan,nan,nan,,nan,nan,nan,,nan,,,,
nan,nan,nan,nan,nan,nan,nan,nan,nan,nan,nan,nan,nan,nan,nan,nan,nan,0.0,0.0,0.0,0.0,0.0,0.0,0.0,0.0,0.0,0.0,0.0,0.0,0.0,0.0,0.0,0.0,0.0,nan,nan,nan,,nan,nan,nan,nan,nan,nan,nan,,,,nan,nan,nan,nan,nan,nan,nan,nan,nan,nan,nan,nan,,nan,nan,,,nan,nan,nan,nan,nan,nan,nan,nan,nan,nan,nan,nan,nan,nan,nan,nan,nan,nan,nan,nan,nan,nan,nan,nan,,nan,nan,nan,,nan,,,,
nan,nan,nan,nan,nan,nan,nan,nan,nan,nan,nan,nan,nan,nan,nan,nan,nan,0.0,0.0,0.0,0.0,0.0,0.0,0.0,0.0,0.0,0.0,0.0,0.0,0.0,0.0,0.0,0.0,0.0,nan,nan,nan,,nan,nan,nan,nan,nan,nan,nan,,,,nan,nan,nan,nan,nan,nan,nan,nan,nan,nan,nan,nan,,nan,nan,,,nan,nan,nan,nan,nan,nan,nan,nan,nan,nan,nan,nan,nan,nan,nan,nan,nan,nan,nan,nan,nan,nan,nan,nan,,nan,nan,nan,,nan,,,,
nan,nan,nan,nan,nan,nan,nan,nan,nan,nan,nan,nan,nan,nan,nan,nan,nan,0.0,0.0,0.0,0.0,0.0,0.0,0.0,0.0,0.0,0.0,0.0,0.0,0.0,0.0,0.0,0.0,0.0,nan,nan,nan,,nan,nan,nan,nan,nan,nan,nan,,,,nan,nan,nan,nan,nan,nan,nan,nan,nan,nan,nan,nan,,nan,nan,,,nan,nan,nan,nan,nan,nan,nan,nan,nan,nan,nan,nan,nan,nan,nan,nan,nan,nan,nan,nan,nan,nan,nan,nan,,nan,nan,nan,,nan,,,,
nan,nan,nan,nan,nan,nan,nan,nan,nan,nan,nan,nan,nan,nan,nan,nan,nan,0.0,0.0,0.0,0.0,0.0,0.0,0.0,0.0,0.0,0.0,0.0,0.0,0.0,0.0,0.0,0.0,0.0,nan,nan,nan,,nan,nan,nan,nan,nan,nan,nan,,,,nan,nan,nan,nan,nan,nan,nan,nan,nan,nan,nan,nan,,nan,nan,,,nan,nan,nan,nan,nan,nan,nan,nan,nan,nan,nan,nan,nan,nan,nan,nan,nan,nan,nan,nan,nan,nan,nan,nan,,nan,nan,nan,,nan,,,,
nan,nan,nan,nan,nan,nan,nan,nan,nan,nan,nan,nan,nan,nan,nan,nan,nan,0.0,0.0,0.0,0.0,0.0,0.0,0.0,0.0,0.0,0.0,0.0,0.0,0.0,0.0,0.0,0.0,0.0,nan,nan,nan,,nan,nan,nan,nan,nan,nan,nan,,,,nan,nan,nan,nan,nan,nan,nan,nan,nan,nan,nan,nan,,nan,nan,,,nan,nan,nan,nan,nan,nan,nan,nan,nan,nan,nan,nan,nan,nan,nan,nan,nan,nan,nan,nan,nan,nan,nan,nan,,nan,nan,nan,,nan,,,,
nan,nan,nan,nan,nan,nan,nan,nan,nan,nan,nan,nan,nan,nan,nan,nan,nan,0.0,0.0,0.0,0.0,0.0,0.0,0.0,0.0,0.0,0.0,0.0,0.0,0.0,0.0,0.0,0.0,0.0,nan,nan,nan,,nan,nan,nan,nan,nan,nan,nan,,,,nan,nan,nan,nan,nan,nan,nan,nan,nan,nan,nan,nan,,nan,nan,,,nan,nan,nan,nan,nan,nan,nan,nan,nan,nan,nan,nan,nan,nan,nan,nan,nan,nan,nan,nan,nan,nan,nan,nan,,nan,nan,nan,,nan,,,,
nan,nan,nan,nan,nan,nan,nan,nan,nan,nan,nan,nan,nan,nan,nan,nan,nan,0.0,0.0,0.0,0.0,0.0,0.0,0.0,0.0,0.0,0.0,0.0,0.0,0.0,0.0,0.0,0.0,0.0,nan,nan,nan,,nan,nan,nan,nan,nan,nan,nan,,,,nan,nan,nan,nan,nan,nan,nan,nan,nan,nan,nan,nan,,nan,nan,,,nan,nan,nan,nan,nan,nan,nan,nan,nan,nan,nan,nan,nan,nan,nan,nan,nan,nan,nan,nan,nan,nan,nan,nan,,nan,nan,nan,,nan,,,,
nan,nan,nan,nan,nan,nan,nan,nan,nan,nan,nan,nan,nan,nan,nan,nan,nan,0.0,0.0,0.0,0.0,0.0,0.0,0.0,0.0,0.0,0.0,0.0,0.0,0.0,0.0,0.0,0.0,0.0,nan,nan,nan,,nan,nan,nan,nan,nan,nan,nan,,,,nan,nan,nan,nan,nan,nan,nan,nan,nan,nan,nan,nan,,nan,nan,,,nan,nan,nan,nan,nan,nan,nan,nan,nan,nan,nan,nan,nan,nan,nan,nan,nan,nan,nan,nan,nan,nan,nan,nan,,nan,nan,nan,,nan,,,,
nan,nan,nan,nan,nan,nan,nan,nan,nan,nan,nan,nan,nan,nan,nan,nan,nan,0.0,0.0,0.0,0.0,0.0,0.0,0.0,0.0,0.0,0.0,0.0,0.0,0.0,0.0,0.0,0.0,0.0,nan,nan,nan,,nan,nan,nan,nan,nan,nan,nan,,,,nan,nan,nan,nan,nan,nan,nan,nan,nan,nan,nan,nan,,nan,nan,,,nan,nan,nan,nan,nan,nan,nan,nan,nan,nan,nan,nan,nan,nan,nan,nan,nan,nan,nan,nan,nan,nan,nan,nan,,nan,nan,nan,,nan,,,,
nan,nan,nan,nan,nan,nan,nan,nan,nan,nan,nan,nan,nan,nan,nan,nan,nan,0.0,0.0,0.0,0.0,0.0,0.0,0.0,0.0,0.0,0.0,0.0,0.0,0.0,0.0,0.0,0.0,0.0,nan,nan,nan,,nan,nan,nan,nan,nan,nan,nan,,,,nan,nan,nan,nan,nan,nan,nan,nan,nan,nan,nan,nan,,nan,nan,,,nan,nan,nan,nan,nan,nan,nan,nan,nan,nan,nan,nan,nan,nan,nan,nan,nan,nan,nan,nan,nan,nan,nan,nan,,nan,nan,nan,,nan,,,,
nan,nan,nan,nan,nan,nan,nan,nan,nan,nan,nan,nan,nan,nan,nan,nan,nan,0.0,0.0,0.0,0.0,0.0,0.0,0.0,0.0,0.0,0.0,0.0,0.0,0.0,0.0,0.0,0.0,0.0,nan,nan,nan,,nan,nan,nan,nan,nan,nan,nan,,,,nan,nan,nan,nan,nan,nan,nan,nan,nan,nan,nan,nan,,nan,nan,,,nan,nan,nan,nan,nan,nan,nan,nan,nan,nan,nan,nan,nan,nan,nan,nan,nan,nan,nan,nan,nan,nan,nan,nan,,nan,nan,nan,,nan,,,,
nan,nan,nan,nan,nan,nan,nan,nan,nan,nan,nan,nan,nan,nan,nan,nan,nan,0.0,0.0,0.0,0.0,0.0,0.0,0.0,0.0,0.0,0.0,0.0,0.0,0.0,0.0,0.0,0.0,0.0,nan,nan,nan,,nan,nan,nan,nan,nan,nan,nan,,,,nan,nan,nan,nan,nan,nan,nan,nan,nan,nan,nan,nan,,nan,nan,,,nan,nan,nan,nan,nan,nan,nan,nan,nan,nan,nan,nan,nan,nan,nan,nan,nan,nan,nan,nan,nan,nan,nan,nan,,nan,nan,nan,,nan,,,,
nan,nan,nan,nan,nan,nan,nan,nan,nan,nan,nan,nan,nan,nan,nan,nan,nan,0.0,0.0,0.0,0.0,0.0,0.0,0.0,0.0,2.0,0.0,0.0,0.0,0.0,0.0,0.0,0.0,2.0,nan,nan,nan,,nan,nan,nan,nan,nan,nan,nan,,,,nan,nan,nan,nan,nan,nan,nan,nan,nan,nan,nan,nan,,nan,nan,,,nan,nan,nan,nan,nan,nan,nan,nan,nan,nan,nan,nan,nan,nan,nan,nan,nan,nan,nan,nan,nan,nan,nan,nan,,nan,nan,nan,,nan,,,,
nan,nan,nan,nan,nan,nan,nan,nan,nan,nan,nan,nan,nan,nan,nan,nan,nan,0.0,0.0,0.0,0.0,0.0,0.0,0.0,0.0,1.0,0.0,0.0,0.0,0.0,0.0,0.0,0.0,1.0,nan,nan,nan,,nan,nan,nan,nan,nan,nan,nan,,,,nan,nan,nan,nan,nan,nan,nan,nan,nan,nan,nan,nan,,nan,nan,,,nan,nan,nan,nan,nan,nan,nan,nan,nan,nan,nan,nan,nan,nan,nan,nan,nan,nan,nan,nan,nan,nan,nan,nan,,nan,nan,nan,,nan,,,,
nan,nan,nan,nan,nan,nan,nan,nan,nan,nan,nan,nan,nan,nan,nan,nan,nan,0.0,0.0,0.0,0.0,0.0,0.0,0.0,0.0,1.0,0.0,0.0,0.0,0.0,0.0,0.0,0.0,1.0,nan,nan,nan,,nan,nan,nan,nan,nan,nan,nan,,,,nan,nan,nan,nan,nan,nan,nan,nan,nan,nan,nan,nan,,nan,nan,,,nan,nan,nan,nan,nan,nan,nan,nan,nan,nan,nan,nan,nan,nan,nan,nan,nan,nan,nan,nan,nan,nan,nan,nan,,nan,nan,nan,,nan,,,,
nan,nan,nan,nan,nan,nan,nan,nan,nan,nan,nan,nan,nan,nan,nan,nan,nan,0.0,0.0,0.0,0.0,0.0,0.0,0.0,0.0,0.0,0.0,0.0,0.0,0.0,0.0,0.0,0.0,0.0,nan,nan,nan,,nan,nan,nan,nan,nan,nan,nan,,,,nan,nan,nan,nan,nan,nan,nan,nan,nan,nan,nan,nan,,nan,nan,,,nan,nan,nan,nan,nan,nan,nan,nan,nan,nan,nan,nan,nan,nan,nan,nan,nan,nan,nan,nan,nan,nan,nan,nan,,nan,nan,nan,,nan,,,,
nan,nan,nan,nan,nan,nan,nan,nan,nan,nan,nan,nan,nan,nan,nan,nan,nan,0.0,0.0,0.0,0.0,0.0,0.0,0.0,0.0,0.0,0.0,0.0,0.0,0.0,0.0,0.0,0.0,0.0,nan,nan,nan,,nan,nan,nan,nan,nan,nan,nan,,,,nan,nan,nan,nan,nan,nan,nan,nan,nan,nan,nan,nan,,nan,nan,,,nan,nan,nan,nan,nan,nan,nan,nan,nan,nan,nan,nan,nan,nan,nan,nan,nan,nan,nan,nan,nan,nan,nan,nan,,nan,nan,nan,,nan,,,,
nan,nan,nan,nan,nan,nan,nan,nan,nan,nan,nan,nan,nan,nan,nan,nan,nan,0.0,0.0,0.0,0.0,0.0,0.0,0.0,0.0,0.0,0.0,0.0,0.0,0.0,0.0,0.0,0.0,0.0,nan,nan,nan,,nan,nan,nan,nan,nan,nan,nan,,,,nan,nan,nan,nan,nan,nan,nan,nan,nan,nan,nan,nan,,nan,nan,,,nan,nan,nan,nan,nan,nan,nan,nan,nan,nan,nan,nan,nan,nan,nan,nan,nan,nan,nan,nan,nan,nan,nan,nan,,nan,nan,nan,,nan,,,,
nan,nan,nan,nan,nan,nan,nan,nan,nan,nan,nan,nan,nan,nan,nan,nan,nan,0.0,0.0,0.0,0.0,0.0,0.0,0.0,0.0,1.0,0.0,0.0,0.0,0.0,0.0,0.0,0.0,1.0,nan,nan,nan,,nan,nan,nan,nan,nan,nan,nan,,,,nan,nan,nan,nan,nan,nan,nan,nan,nan,nan,nan,nan,,nan,nan,,,nan,nan,nan,nan,nan,nan,nan,nan,nan,nan,nan,nan,nan,nan,nan,nan,nan,nan,nan,nan,nan,nan,nan,nan,,nan,nan,nan,,nan,,,,
nan,nan,nan,nan,nan,nan,nan,nan,nan,nan,nan,nan,nan,nan,nan,nan,nan,0.0,0.0,0.0,0.0,0.0,0.0,0.0,0.0,0.0,0.0,0.0,0.0,0.0,0.0,0.0,0.0,0.0,nan,nan,nan,,nan,nan,nan,nan,nan,nan,nan,,,,nan,nan,nan,nan,nan,nan,nan,nan,nan,nan,nan,nan,,nan,nan,,,nan,nan,nan,nan,nan,nan,nan,nan,nan,nan,nan,nan,nan,nan,nan,nan,nan,nan,nan,nan,nan,nan,nan,nan,,nan,nan,nan,,nan,,,,
nan,nan,nan,nan,nan,nan,nan,nan,nan,nan,nan,nan,nan,nan,nan,nan,nan,0.0,0.0,0.0,0.0,0.0,0.0,0.0,0.0,0.0,0.0,0.0,0.0,0.0,0.0,0.0,0.0,0.0,nan,nan,nan,,nan,nan,nan,nan,nan,nan,nan,,,,nan,nan,nan,nan,nan,nan,nan,nan,nan,nan,nan,nan,,nan,nan,,,nan,nan,nan,nan,nan,nan,nan,nan,nan,nan,nan,nan,nan,nan,nan,nan,nan,nan,nan,nan,nan,nan,nan,nan,,nan,nan,nan,,nan,,,,
nan,nan,nan,nan,nan,nan,nan,nan,nan,nan,nan,nan,nan,nan,nan,nan,nan,0.0,0.0,0.0,0.0,0.0,0.0,0.0,0.0,0.0,0.0,0.0,0.0,0.0,0.0,0.0,0.0,0.0,nan,nan,nan,,nan,nan,nan,nan,nan,nan,nan,,,,nan,nan,nan,nan,nan,nan,nan,nan,nan,nan,nan,nan,,nan,nan,,,nan,nan,nan,nan,nan,nan,nan,nan,nan,nan,nan,nan,nan,nan,nan,nan,nan,nan,nan,nan,nan,nan,nan,nan,,nan,nan,nan,,nan,,,,
nan,nan,nan,nan,nan,nan,nan,nan,nan,nan,nan,nan,nan,nan,nan,nan,nan,0.0,0.0,0.0,0.0,0.0,0.0,0.0,0.0,0.0,0.0,0.0,0.0,0.0,0.0,0.0,0.0,0.0,nan,nan,nan,,nan,nan,nan,nan,nan,nan,nan,,,,nan,nan,nan,nan,nan,nan,nan,nan,nan,nan,nan,nan,,nan,nan,,,nan,nan,nan,nan,nan,nan,nan,nan,nan,nan,nan,nan,nan,nan,nan,nan,nan,nan,nan,nan,nan,nan,nan,nan,,nan,nan,nan,,nan,,,,
nan,nan,nan,nan,nan,nan,nan,nan,nan,nan,nan,nan,nan,nan,nan,nan,nan,0.0,0.0,0.0,0.0,0.0,0.0,0.0,0.0,0.0,0.0,0.0,0.0,0.0,0.0,0.0,0.0,0.0,nan,nan,nan,,nan,nan,nan,nan,nan,nan,nan,,,,nan,nan,nan,nan,nan,nan,nan,nan,nan,nan,nan,nan,,nan,nan,,,nan,nan,nan,nan,nan,nan,nan,nan,nan,nan,nan,nan,nan,nan,nan,nan,nan,nan,nan,nan,nan,nan,nan,nan,,nan,nan,nan,,nan,,,,
nan,nan,nan,nan,nan,nan,nan,nan,nan,nan,nan,nan,nan,nan,nan,nan,nan,0.0,0.0,0.0,0.0,0.0,0.0,0.0,0.0,0.0,0.0,0.0,0.0,0.0,0.0,0.0,0.0,0.0,nan,nan,nan,,nan,nan,nan,nan,nan,nan,nan,,,,nan,nan,nan,nan,nan,nan,nan,nan,nan,nan,nan,nan,,nan,nan,,,nan,nan,nan,nan,nan,nan,nan,nan,nan,nan,nan,nan,nan,nan,nan,nan,nan,nan,nan,nan,nan,nan,nan,nan,,nan,nan,nan,,nan,,,,
nan,nan,nan,nan,nan,nan,nan,nan,nan,nan,nan,nan,nan,nan,nan,nan,nan,0.0,0.0,0.0,0.0,0.0,0.0,0.0,0.0,0.0,0.0,0.0,0.0,0.0,0.0,0.0,0.0,0.0,nan,nan,nan,,nan,nan,nan,nan,nan,nan,nan,,,,nan,nan,nan,nan,nan,nan,nan,nan,nan,nan,nan,nan,,nan,nan,,,nan,nan,nan,nan,nan,nan,nan,nan,nan,nan,nan,nan,nan,nan,nan,nan,nan,nan,nan,nan,nan,nan,nan,nan,,nan,nan,nan,,nan,,,,
nan,nan,nan,nan,nan,nan,nan,nan,nan,nan,nan,nan,nan,nan,nan,nan,nan,0.0,0.0,0.0,0.0,0.0,0.0,0.0,0.0,0.0,0.0,0.0,0.0,0.0,0.0,0.0,0.0,0.0,nan,nan,nan,,nan,nan,nan,nan,nan,nan,nan,,,,nan,nan,nan,nan,nan,nan,nan,nan,nan,nan,nan,nan,,nan,nan,,,nan,nan,nan,nan,nan,nan,nan,nan,nan,nan,nan,nan,nan,nan,nan,nan,nan,nan,nan,nan,nan,nan,nan,nan,,nan,nan,nan,,nan,,,,
nan,nan,nan,nan,nan,nan,nan,nan,nan,nan,nan,nan,nan,nan,nan,nan,nan,0.0,0.0,0.0,0.0,0.0,0.0,0.0,0.0,0.0,0.0,0.0,0.0,0.0,0.0,0.0,0.0,0.0,nan,nan,nan,,nan,nan,nan,nan,nan,nan,nan,,,,nan,nan,nan,nan,nan,nan,nan,nan,nan,nan,nan,nan,,nan,nan,,,nan,nan,nan,nan,nan,nan,nan,nan,nan,nan,nan,nan,nan,nan,nan,nan,nan,nan,nan,nan,nan,nan,nan,nan,,nan,nan,nan,,nan,,,,
nan,nan,nan,nan,nan,nan,nan,nan,nan,nan,nan,nan,nan,nan,nan,nan,nan,0.0,0.0,0.0,0.0,0.0,0.0,0.0,0.0,0.0,0.0,0.0,0.0,0.0,0.0,0.0,0.0,0.0,nan,nan,nan,,nan,nan,nan,nan,nan,nan,nan,,,,nan,nan,nan,nan,nan,nan,nan,nan,nan,nan,nan,nan,,nan,nan,,,nan,nan,nan,nan,nan,nan,nan,nan,nan,nan,nan,nan,nan,nan,nan,nan,nan,nan,nan,nan,nan,nan,nan,nan,,nan,nan,nan,,nan,,,,
nan,nan,nan,nan,nan,nan,nan,nan,nan,nan,nan,nan,nan,nan,nan,nan,nan,0.0,0.0,0.0,0.0,0.0,0.0,0.0,0.0,1.0,0.0,0.0,0.0,0.0,0.0,0.0,0.0,1.0,nan,nan,nan,,nan,nan,nan,nan,nan,nan,nan,,,,nan,nan,nan,nan,nan,nan,nan,nan,nan,nan,nan,nan,,nan,nan,,,nan,nan,nan,nan,nan,nan,nan,nan,nan,nan,nan,nan,nan,nan,nan,nan,nan,nan,nan,nan,nan,nan,nan,nan,,nan,nan,nan,,nan,,,,
nan,nan,nan,nan,nan,nan,nan,nan,nan,nan,nan,nan,nan,nan,nan,nan,nan,0.0,0.0,0.0,0.0,0.0,0.0,0.0,0.0,0.0,0.0,0.0,0.0,0.0,0.0,0.0,0.0,0.0,nan,nan,nan,,nan,nan,nan,nan,nan,nan,nan,,,,nan,nan,nan,nan,nan,nan,nan,nan,nan,nan,nan,nan,,nan,nan,,,nan,nan,nan,nan,nan,nan,nan,nan,nan,nan,nan,nan,nan,nan,nan,nan,nan,nan,nan,nan,nan,nan,nan,nan,,nan,nan,nan,,nan,,,,
nan,nan,nan,nan,nan,nan,nan,nan,nan,nan,nan,nan,nan,nan,nan,nan,nan,0.0,0.0,0.0,0.0,0.0,0.0,0.0,0.0,0.0,0.0,0.0,0.0,0.0,0.0,0.0,0.0,0.0,nan,nan,nan,,nan,nan,nan,nan,nan,nan,nan,,,,nan,nan,nan,nan,nan,nan,nan,nan,nan,nan,nan,nan,,nan,nan,,,nan,nan,nan,nan,nan,nan,nan,nan,nan,nan,nan,nan,nan,nan,nan,nan,nan,nan,nan,nan,nan,nan,nan,nan,,nan,nan,nan,,nan,,,,
nan,nan,nan,nan,nan,nan,nan,nan,nan,nan,nan,nan,nan,nan,nan,nan,nan,0.0,0.0,0.0,0.0,0.0,0.0,0.0,0.0,0.0,0.0,0.0,0.0,0.0,0.0,0.0,0.0,0.0,nan,nan,nan,,nan,nan,nan,nan,nan,nan,nan,,,,nan,nan,nan,nan,nan,nan,nan,nan,nan,nan,nan,nan,,nan,nan,,,nan,nan,nan,nan,nan,nan,nan,nan,nan,nan,nan,nan,nan,nan,nan,nan,nan,nan,nan,nan,nan,nan,nan,nan,,nan,nan,nan,,nan,,,,
nan,nan,nan,nan,nan,nan,nan,nan,nan,nan,nan,nan,nan,nan,nan,nan,nan,0.0,0.0,0.0,0.0,0.0,0.0,0.0,0.0,0.0,0.0,0.0,0.0,0.0,0.0,0.0,0.0,0.0,nan,nan,nan,,nan,nan,nan,nan,nan,nan,nan,,,,nan,nan,nan,nan,nan,nan,nan,nan,nan,nan,nan,nan,,nan,nan,,,nan,nan,nan,nan,nan,nan,nan,nan,nan,nan,nan,nan,nan,nan,nan,nan,nan,nan,nan,nan,nan,nan,nan,nan,,nan,nan,nan,,nan,,,,
nan,nan,nan,nan,nan,nan,nan,nan,nan,nan,nan,nan,nan,nan,nan,nan,nan,0.0,0.0,0.0,0.0,0.0,0.0,0.0,0.0,0.0,0.0,0.0,0.0,0.0,0.0,0.0,0.0,0.0,nan,nan,nan,,nan,nan,nan,nan,nan,nan,nan,,,,nan,nan,nan,nan,nan,nan,nan,nan,nan,nan,nan,nan,,nan,nan,,,nan,nan,nan,nan,nan,nan,nan,nan,nan,nan,nan,nan,nan,nan,nan,nan,nan,nan,nan,nan,nan,nan,nan,nan,,nan,nan,nan,,nan,,,,
nan,nan,nan,nan,nan,nan,nan,nan,nan,nan,nan,nan,nan,nan,nan,nan,nan,0.0,0.0,0.0,0.0,0.0,0.0,0.0,0.0,0.0,0.0,0.0,0.0,0.0,0.0,0.0,0.0,0.0,nan,nan,nan,,nan,nan,nan,nan,nan,nan,nan,,,,nan,nan,nan,nan,nan,nan,nan,nan,nan,nan,nan,nan,,nan,nan,,,nan,nan,nan,nan,nan,nan,nan,nan,nan,nan,nan,nan,nan,nan,nan,nan,nan,nan,nan,nan,nan,nan,nan,nan,,nan,nan,nan,,nan,,,,
nan,nan,nan,nan,nan,nan,nan,nan,nan,nan,nan,nan,nan,nan,nan,nan,nan,0.0,0.0,0.0,0.0,0.0,0.0,0.0,0.0,0.0,0.0,0.0,0.0,0.0,0.0,0.0,0.0,0.0,nan,nan,nan,,nan,nan,nan,nan,nan,nan,nan,,,,nan,nan,nan,nan,nan,nan,nan,nan,nan,nan,nan,nan,,nan,nan,,,nan,nan,nan,nan,nan,nan,nan,nan,nan,nan,nan,nan,nan,nan,nan,nan,nan,nan,nan,nan,nan,nan,nan,nan,,nan,nan,nan,,nan,,,,
nan,nan,nan,nan,nan,nan,nan,nan,nan,nan,nan,nan,nan,nan,nan,nan,nan,0.0,0.0,0.0,0.0,0.0,0.0,0.0,0.0,0.0,0.0,0.0,0.0,0.0,0.0,0.0,0.0,0.0,nan,nan,nan,,nan,nan,nan,nan,nan,nan,nan,,,,nan,nan,nan,nan,nan,nan,nan,nan,nan,nan,nan,nan,,nan,nan,,,nan,nan,nan,nan,nan,nan,nan,nan,nan,nan,nan,nan,nan,nan,nan,nan,nan,nan,nan,nan,nan,nan,nan,nan,,nan,nan,nan,,nan,,,,
nan,nan,nan,nan,nan,nan,nan,nan,nan,nan,nan,nan,nan,nan,nan,nan,nan,0.0,0.0,0.0,0.0,0.0,0.0,0.0,0.0,0.0,0.0,0.0,0.0,0.0,0.0,0.0,0.0,0.0,nan,nan,nan,,nan,nan,nan,nan,nan,nan,nan,,,,nan,nan,nan,nan,nan,nan,nan,nan,nan,nan,nan,nan,,nan,nan,,,nan,nan,nan,nan,nan,nan,nan,nan,nan,nan,nan,nan,nan,nan,nan,nan,nan,nan,nan,nan,nan,nan,nan,nan,,nan,nan,nan,,nan,,,,
nan,nan,nan,nan,nan,nan,nan,nan,nan,nan,nan,nan,nan,nan,nan,nan,nan,0.0,0.0,0.0,0.0,0.0,0.0,0.0,0.0,0.0,0.0,0.0,0.0,0.0,0.0,0.0,0.0,0.0,nan,nan,nan,,nan,nan,nan,nan,nan,nan,nan,,,,nan,nan,nan,nan,nan,nan,nan,nan,nan,nan,nan,nan,,nan,nan,,,nan,nan,nan,nan,nan,nan,nan,nan,nan,nan,nan,nan,nan,nan,nan,nan,nan,nan,nan,nan,nan,nan,nan,nan,,nan,nan,nan,,nan,,,,
nan,nan,nan,nan,nan,nan,nan,nan,nan,nan,nan,nan,nan,nan,nan,nan,nan,0.0,0.0,0.0,0.0,0.0,0.0,0.0,0.0,0.0,0.0,0.0,0.0,0.0,0.0,0.0,0.0,0.0,nan,nan,nan,,nan,nan,nan,nan,nan,nan,nan,,,,nan,nan,nan,nan,nan,nan,nan,nan,nan,nan,nan,nan,,nan,nan,,,nan,nan,nan,nan,nan,nan,nan,nan,nan,nan,nan,nan,nan,nan,nan,nan,nan,nan,nan,nan,nan,nan,nan,nan,,nan,nan,nan,,nan,,,,
nan,nan,nan,nan,nan,nan,nan,nan,nan,nan,nan,nan,nan,nan,nan,nan,nan,0.0,0.0,0.0,0.0,0.0,0.0,0.0,0.0,1.0,0.0,0.0,0.0,0.0,0.0,0.0,0.0,1.0,nan,nan,nan,,nan,nan,nan,nan,nan,nan,nan,,,,nan,nan,nan,nan,nan,nan,nan,nan,nan,nan,nan,nan,,nan,nan,,,nan,nan,nan,nan,nan,nan,nan,nan,nan,nan,nan,nan,nan,nan,nan,nan,nan,nan,nan,nan,nan,nan,nan,nan,,nan,nan,nan,,nan,,,,
nan,nan,nan,nan,nan,nan,nan,nan,nan,nan,nan,nan,nan,nan,nan,nan,nan,0.0,0.0,0.0,0.0,0.0,0.0,0.0,0.0,0.0,0.0,0.0,0.0,0.0,0.0,0.0,0.0,0.0,nan,nan,nan,,nan,nan,nan,nan,nan,nan,nan,,,,nan,nan,nan,nan,nan,nan,nan,nan,nan,nan,nan,nan,,nan,nan,,,nan,nan,nan,nan,nan,nan,nan,nan,nan,nan,nan,nan,nan,nan,nan,nan,nan,nan,nan,nan,nan,nan,nan,nan,,nan,nan,nan,,nan,,,,
nan,nan,nan,nan,nan,nan,nan,nan,nan,nan,nan,nan,nan,nan,nan,nan,nan,0.0,0.0,0.0,0.0,0.0,0.0,0.0,0.0,0.0,0.0,0.0,0.0,0.0,0.0,0.0,0.0,0.0,nan,nan,nan,,nan,nan,nan,nan,nan,nan,nan,,,,nan,nan,nan,nan,nan,nan,nan,nan,nan,nan,nan,nan,,nan,nan,,,nan,nan,nan,nan,nan,nan,nan,nan,nan,nan,nan,nan,nan,nan,nan,nan,nan,nan,nan,nan,nan,nan,nan,nan,,nan,nan,nan,,nan,,,,
nan,nan,nan,nan,nan,nan,nan,nan,nan,nan,nan,nan,nan,nan,nan,nan,nan,0.0,0.0,0.0,0.0,0.0,0.0,0.0,0.0,0.0,0.0,0.0,0.0,0.0,0.0,0.0,0.0,0.0,nan,nan,nan,,nan,nan,nan,nan,nan,nan,nan,,,,nan,nan,nan,nan,nan,nan,nan,nan,nan,nan,nan,nan,,nan,nan,,,nan,nan,nan,nan,nan,nan,nan,nan,nan,nan,nan,nan,nan,nan,nan,nan,nan,nan,nan,nan,nan,nan,nan,nan,,nan,nan,nan,,nan,,,,
nan,nan,nan,nan,nan,nan,nan,nan,nan,nan,nan,nan,nan,nan,nan,nan,nan,0.0,0.0,0.0,0.0,0.0,0.0,0.0,0.0,0.0,0.0,0.0,0.0,0.0,0.0,0.0,0.0,0.0,nan,nan,nan,,nan,nan,nan,nan,nan,nan,nan,,,,nan,nan,nan,nan,nan,nan,nan,nan,nan,nan,nan,nan,,nan,nan,,,nan,nan,nan,nan,nan,nan,nan,nan,nan,nan,nan,nan,nan,nan,nan,nan,nan,nan,nan,nan,nan,nan,nan,nan,,nan,nan,nan,,nan,,,,
nan,nan,nan,nan,nan,nan,nan,nan,nan,nan,nan,nan,nan,nan,nan,nan,nan,0.0,0.0,0.0,0.0,0.0,0.0,0.0,0.0,0.0,0.0,0.0,0.0,0.0,0.0,0.0,0.0,0.0,nan,nan,nan,,nan,nan,nan,nan,nan,nan,nan,,,,nan,nan,nan,nan,nan,nan,nan,nan,nan,nan,nan,nan,,nan,nan,,,nan,nan,nan,nan,nan,nan,nan,nan,nan,nan,nan,nan,nan,nan,nan,nan,nan,nan,nan,nan,nan,nan,nan,nan,,nan,nan,nan,,nan,,,,
nan,nan,nan,nan,nan,nan,nan,nan,nan,nan,nan,nan,nan,nan,nan,nan,nan,0.0,0.0,0.0,0.0,0.0,0.0,0.0,0.0,0.0,0.0,0.0,0.0,0.0,0.0,0.0,0.0,0.0,nan,nan,nan,,nan,nan,nan,nan,nan,nan,nan,,,,nan,nan,nan,nan,nan,nan,nan,nan,nan,nan,nan,nan,,nan,nan,,,nan,nan,nan,nan,nan,nan,nan,nan,nan,nan,nan,nan,nan,nan,nan,nan,nan,nan,nan,nan,nan,nan,nan,nan,,nan,nan,nan,,nan,,,,
nan,nan,nan,nan,nan,nan,nan,nan,nan,nan,nan,nan,nan,nan,nan,nan,nan,0.0,0.0,0.0,0.0,0.0,0.0,0.0,0.0,0.0,0.0,0.0,0.0,0.0,0.0,0.0,0.0,0.0,nan,nan,nan,,nan,nan,nan,nan,nan,nan,nan,,,,nan,nan,nan,nan,nan,nan,nan,nan,nan,nan,nan,nan,,nan,nan,,,nan,nan,nan,nan,nan,nan,nan,nan,nan,nan,nan,nan,nan,nan,nan,nan,nan,nan,nan,nan,nan,nan,nan,nan,,nan,nan,nan,,nan,,,,
nan,nan,nan,nan,nan,nan,nan,nan,nan,nan,nan,nan,nan,nan,nan,nan,nan,0.0,0.0,0.0,0.0,0.0,0.0,0.0,0.0,0.0,0.0,0.0,0.0,0.0,0.0,0.0,0.0,0.0,nan,nan,nan,,nan,nan,nan,nan,nan,nan,nan,,,,nan,nan,nan,nan,nan,nan,nan,nan,nan,nan,nan,nan,,nan,nan,,,nan,nan,nan,nan,nan,nan,nan,nan,nan,nan,nan,nan,nan,nan,nan,nan,nan,nan,nan,nan,nan,nan,nan,nan,,nan,nan,nan,,nan,,,,
nan,nan,nan,nan,nan,nan,nan,nan,nan,nan,nan,nan,nan,nan,nan,nan,nan,0.0,0.0,0.0,0.0,0.0,0.0,0.0,0.0,0.0,0.0,0.0,0.0,0.0,0.0,0.0,0.0,0.0,nan,nan,nan,,nan,nan,nan,nan,nan,nan,nan,,,,nan,nan,nan,nan,nan,nan,nan,nan,nan,nan,nan,nan,,nan,nan,,,nan,nan,nan,nan,nan,nan,nan,nan,nan,nan,nan,nan,nan,nan,nan,nan,nan,nan,nan,nan,nan,nan,nan,nan,,nan,nan,nan,,nan,,,,
nan,nan,nan,nan,nan,nan,nan,nan,nan,nan,nan,nan,nan,nan,nan,nan,nan,0.0,0.0,0.0,0.0,0.0,0.0,0.0,0.0,0.0,0.0,0.0,0.0,0.0,0.0,0.0,0.0,0.0,nan,nan,nan,,nan,nan,nan,nan,nan,nan,nan,,,,nan,nan,nan,nan,nan,nan,nan,nan,nan,nan,nan,nan,,nan,nan,,,nan,nan,nan,nan,nan,nan,nan,nan,nan,nan,nan,nan,nan,nan,nan,nan,nan,nan,nan,nan,nan,nan,nan,nan,,nan,nan,nan,,nan,,,,
nan,nan,nan,nan,nan,nan,nan,nan,nan,nan,nan,nan,nan,nan,nan,nan,nan,0.0,0.0,0.0,0.0,0.0,0.0,0.0,0.0,0.0,0.0,0.0,0.0,0.0,0.0,0.0,0.0,0.0,nan,nan,nan,,nan,nan,nan,nan,nan,nan,nan,,,,nan,nan,nan,nan,nan,nan,nan,nan,nan,nan,nan,nan,,nan,nan,,,nan,nan,nan,nan,nan,nan,nan,nan,nan,nan,nan,nan,nan,nan,nan,nan,nan,nan,nan,nan,nan,nan,nan,nan,,nan,nan,nan,,nan,,,,
nan,nan,nan,nan,nan,nan,nan,nan,nan,nan,nan,nan,nan,nan,nan,nan,nan,0.0,0.0,0.0,0.0,0.0,0.0,0.0,0.0,1.0,0.0,0.0,0.0,0.0,0.0,0.0,0.0,1.0,nan,nan,nan,,nan,nan,nan,nan,nan,nan,nan,,,,nan,nan,nan,nan,nan,nan,nan,nan,nan,nan,nan,nan,,nan,nan,,,nan,nan,nan,nan,nan,nan,nan,nan,nan,nan,nan,nan,nan,nan,nan,nan,nan,nan,nan,nan,nan,nan,nan,nan,,nan,nan,nan,,nan,,,,
nan,nan,nan,nan,nan,nan,nan,nan,nan,nan,nan,nan,nan,nan,nan,nan,nan,0.0,0.0,0.0,0.0,0.0,0.0,0.0,0.0,0.0,0.0,0.0,0.0,0.0,0.0,0.0,0.0,0.0,nan,nan,nan,,nan,nan,nan,nan,nan,nan,nan,,,,nan,nan,nan,nan,nan,nan,nan,nan,nan,nan,nan,nan,,nan,nan,,,nan,nan,nan,nan,nan,nan,nan,nan,nan,nan,nan,nan,nan,nan,nan,nan,nan,nan,nan,nan,nan,nan,nan,nan,,nan,nan,nan,,nan,,,,
nan,nan,nan,nan,nan,nan,nan,nan,nan,nan,nan,nan,nan,nan,nan,nan,nan,0.0,0.0,0.0,0.0,0.0,0.0,0.0,0.0,0.0,0.0,0.0,0.0,0.0,0.0,0.0,0.0,0.0,nan,nan,nan,,nan,nan,nan,nan,nan,nan,nan,,,,nan,nan,nan,nan,nan,nan,nan,nan,nan,nan,nan,nan,,nan,nan,,,nan,nan,nan,nan,nan,nan,nan,nan,nan,nan,nan,nan,nan,nan,nan,nan,nan,nan,nan,nan,nan,nan,nan,nan,,nan,nan,nan,,nan,,,,
nan,nan,nan,nan,nan,nan,nan,nan,nan,nan,nan,nan,nan,nan,nan,nan,nan,0.0,0.0,0.0,0.0,0.0,0.0,0.0,0.0,0.0,0.0,0.0,0.0,0.0,0.0,0.0,0.0,0.0,nan,nan,nan,,nan,nan,nan,nan,nan,nan,nan,,,,nan,nan,nan,nan,nan,nan,nan,nan,nan,nan,nan,nan,,nan,nan,,,nan,nan,nan,nan,nan,nan,nan,nan,nan,nan,nan,nan,nan,nan,nan,nan,nan,nan,nan,nan,nan,nan,nan,nan,,nan,nan,nan,,nan,,,,
nan,nan,nan,nan,nan,nan,nan,nan,nan,nan,nan,nan,nan,nan,nan,nan,nan,0.0,0.0,0.0,0.0,0.0,0.0,0.0,0.0,0.0,0.0,0.0,0.0,0.0,0.0,0.0,0.0,0.0,nan,nan,nan,,nan,nan,nan,nan,nan,nan,nan,,,,nan,nan,nan,nan,nan,nan,nan,nan,nan,nan,nan,nan,,nan,nan,,,nan,nan,nan,nan,nan,nan,nan,nan,nan,nan,nan,nan,nan,nan,nan,nan,nan,nan,nan,nan,nan,nan,nan,nan,,nan,nan,nan,,nan,,,,
nan,nan,nan,nan,nan,nan,nan,nan,nan,nan,nan,nan,nan,nan,nan,nan,nan,0.0,0.0,0.0,0.0,0.0,0.0,0.0,0.0,1.0,0.0,0.0,0.0,0.0,0.0,0.0,0.0,1.0,nan,nan,nan,,nan,nan,nan,nan,nan,nan,nan,,,,nan,nan,nan,nan,nan,nan,nan,nan,nan,nan,nan,nan,,nan,nan,,,nan,nan,nan,nan,nan,nan,nan,nan,nan,nan,nan,nan,nan,nan,nan,nan,nan,nan,nan,nan,nan,nan,nan,nan,,nan,nan,nan,,nan,,,,
nan,nan,nan,nan,nan,nan,nan,nan,nan,nan,nan,nan,nan,nan,nan,nan,nan,0.0,0.0,0.0,0.0,0.0,0.0,0.0,0.0,0.0,0.0,0.0,0.0,0.0,0.0,0.0,0.0,0.0,nan,nan,nan,,nan,nan,nan,nan,nan,nan,nan,,,,nan,nan,nan,nan,nan,nan,nan,nan,nan,nan,nan,nan,,nan,nan,,,nan,nan,nan,nan,nan,nan,nan,nan,nan,nan,nan,nan,nan,nan,nan,nan,nan,nan,nan,nan,nan,nan,nan,nan,,nan,nan,nan,,nan,,,,
nan,nan,nan,nan,nan,nan,nan,nan,nan,nan,nan,nan,nan,nan,nan,nan,nan,0.0,0.0,0.0,0.0,0.0,0.0,0.0,0.0,0.0,0.0,0.0,0.0,0.0,0.0,0.0,0.0,0.0,nan,nan,nan,,nan,nan,nan,nan,nan,nan,nan,,,,nan,nan,nan,nan,nan,nan,nan,nan,nan,nan,nan,nan,,nan,nan,,,nan,nan,nan,nan,nan,nan,nan,nan,nan,nan,nan,nan,nan,nan,nan,nan,nan,nan,nan,nan,nan,nan,nan,nan,,nan,nan,nan,,nan,,,,
nan,nan,nan,nan,nan,nan,nan,nan,nan,nan,nan,nan,nan,nan,nan,nan,nan,0.0,0.0,0.0,0.0,0.0,0.0,0.0,0.0,0.0,0.0,0.0,0.0,0.0,0.0,0.0,0.0,0.0,nan,nan,nan,,nan,nan,nan,nan,nan,nan,nan,,,,nan,nan,nan,nan,nan,nan,nan,nan,nan,nan,nan,nan,,nan,nan,,,nan,nan,nan,nan,nan,nan,nan,nan,nan,nan,nan,nan,nan,nan,nan,nan,nan,nan,nan,nan,nan,nan,nan,nan,,nan,nan,nan,,nan,,,,
nan,nan,nan,nan,nan,nan,nan,nan,nan,nan,nan,nan,nan,nan,nan,nan,nan,0.0,0.0,0.0,0.0,0.0,0.0,0.0,0.0,1.0,0.0,0.0,0.0,0.0,0.0,0.0,0.0,1.0,nan,nan,nan,,nan,nan,nan,nan,nan,nan,nan,,,,nan,nan,nan,nan,nan,nan,nan,nan,nan,nan,nan,nan,,nan,nan,,,nan,nan,nan,nan,nan,nan,nan,nan,nan,nan,nan,nan,nan,nan,nan,nan,nan,nan,nan,nan,nan,nan,nan,nan,,nan,nan,nan,,nan,,,,
nan,nan,nan,nan,nan,nan,nan,nan,nan,nan,nan,nan,nan,nan,nan,nan,nan,0.0,0.0,0.0,0.0,0.0,0.0,0.0,0.0,0.0,0.0,0.0,0.0,0.0,0.0,0.0,0.0,0.0,nan,nan,nan,,nan,nan,nan,nan,nan,nan,nan,,,,nan,nan,nan,nan,nan,nan,nan,nan,nan,nan,nan,nan,,nan,nan,,,nan,nan,nan,nan,nan,nan,nan,nan,nan,nan,nan,nan,nan,nan,nan,nan,nan,nan,nan,nan,nan,nan,nan,nan,,nan,nan,nan,,nan,,,,
nan,nan,nan,nan,nan,nan,nan,nan,nan,nan,nan,nan,nan,nan,nan,nan,nan,0.0,0.0,0.0,0.0,0.0,0.0,0.0,0.0,0.0,0.0,0.0,0.0,0.0,0.0,0.0,0.0,0.0,nan,nan,nan,,nan,nan,nan,nan,nan,nan,nan,,,,nan,nan,nan,nan,nan,nan,nan,nan,nan,nan,nan,nan,,nan,nan,,,nan,nan,nan,nan,nan,nan,nan,nan,nan,nan,nan,nan,nan,nan,nan,nan,nan,nan,nan,nan,nan,nan,nan,nan,,nan,nan,nan,,nan,,,,
nan,nan,nan,nan,nan,nan,nan,nan,nan,nan,nan,nan,nan,nan,nan,nan,nan,0.0,0.0,0.0,0.0,0.0,0.0,0.0,0.0,0.0,0.0,0.0,0.0,0.0,0.0,0.0,0.0,0.0,nan,nan,nan,,nan,nan,nan,nan,nan,nan,nan,,,,nan,nan,nan,nan,nan,nan,nan,nan,nan,nan,nan,nan,,nan,nan,,,nan,nan,nan,nan,nan,nan,nan,nan,nan,nan,nan,nan,nan,nan,nan,nan,nan,nan,nan,nan,nan,nan,nan,nan,,nan,nan,nan,,nan,,,,
nan,nan,nan,nan,nan,nan,nan,nan,nan,nan,nan,nan,nan,nan,nan,nan,nan,0.0,0.0,0.0,0.0,0.0,0.0,0.0,0.0,0.0,0.0,0.0,0.0,0.0,0.0,0.0,0.0,0.0,nan,nan,nan,,nan,nan,nan,nan,nan,nan,nan,,,,nan,nan,nan,nan,nan,nan,nan,nan,nan,nan,nan,nan,,nan,nan,,,nan,nan,nan,nan,nan,nan,nan,nan,nan,nan,nan,nan,nan,nan,nan,nan,nan,nan,nan,nan,nan,nan,nan,nan,,nan,nan,nan,,nan,,,,
nan,nan,nan,nan,nan,nan,nan,nan,nan,nan,nan,nan,nan,nan,nan,nan,nan,0.0,0.0,0.0,0.0,0.0,0.0,0.0,0.0,0.0,0.0,0.0,0.0,0.0,0.0,0.0,0.0,0.0,nan,nan,nan,,nan,nan,nan,nan,nan,nan,nan,,,,nan,nan,nan,nan,nan,nan,nan,nan,nan,nan,nan,nan,,nan,nan,,,nan,nan,nan,nan,nan,nan,nan,nan,nan,nan,nan,nan,nan,nan,nan,nan,nan,nan,nan,nan,nan,nan,nan,nan,,nan,nan,nan,,nan,,,,
nan,nan,nan,nan,nan,nan,nan,nan,nan,nan,nan,nan,nan,nan,nan,nan,nan,0.0,0.0,0.0,0.0,0.0,0.0,0.0,0.0,1.0,0.0,0.0,0.0,0.0,0.0,0.0,0.0,1.0,nan,nan,nan,,nan,nan,nan,nan,nan,nan,nan,,,,nan,nan,nan,nan,nan,nan,nan,nan,nan,nan,nan,nan,,nan,nan,,,nan,nan,nan,nan,nan,nan,nan,nan,nan,nan,nan,nan,nan,nan,nan,nan,nan,nan,nan,nan,nan,nan,nan,nan,,nan,nan,nan,,nan,,,,
nan,nan,nan,nan,nan,nan,nan,nan,nan,nan,nan,nan,nan,nan,nan,nan,nan,0.0,0.0,0.0,0.0,0.0,0.0,0.0,0.0,0.0,0.0,0.0,0.0,0.0,0.0,0.0,0.0,0.0,nan,nan,nan,,nan,nan,nan,nan,nan,nan,nan,,,,nan,nan,nan,nan,nan,nan,nan,nan,nan,nan,nan,nan,,nan,nan,,,nan,nan,nan,nan,nan,nan,nan,nan,nan,nan,nan,nan,nan,nan,nan,nan,nan,nan,nan,nan,nan,nan,nan,nan,,nan,nan,nan,,nan,,,,
nan,nan,nan,nan,nan,nan,nan,nan,nan,nan,nan,nan,nan,nan,nan,nan,nan,0.0,0.0,0.0,0.0,0.0,0.0,0.0,0.0,0.0,0.0,0.0,0.0,0.0,0.0,0.0,0.0,0.0,nan,nan,nan,,nan,nan,nan,nan,nan,nan,nan,,,,nan,nan,nan,nan,nan,nan,nan,nan,nan,nan,nan,nan,,nan,nan,,,nan,nan,nan,nan,nan,nan,nan,nan,nan,nan,nan,nan,nan,nan,nan,nan,nan,nan,nan,nan,nan,nan,nan,nan,,nan,nan,nan,,nan,,,,
nan,nan,nan,nan,nan,nan,nan,nan,nan,nan,nan,nan,nan,nan,nan,nan,nan,0.0,0.0,0.0,0.0,0.0,0.0,0.0,0.0,0.0,0.0,0.0,0.0,0.0,0.0,0.0,0.0,0.0,nan,nan,nan,,nan,nan,nan,nan,nan,nan,nan,,,,nan,nan,nan,nan,nan,nan,nan,nan,nan,nan,nan,nan,,nan,nan,,,nan,nan,nan,nan,nan,nan,nan,nan,nan,nan,nan,nan,nan,nan,nan,nan,nan,nan,nan,nan,nan,nan,nan,nan,,nan,nan,nan,,nan,,,,
nan,nan,nan,nan,nan,nan,nan,nan,nan,nan,nan,nan,nan,nan,nan,nan,nan,0.0,0.0,0.0,0.0,0.0,0.0,0.0,0.0,0.0,0.0,0.0,0.0,0.0,0.0,0.0,0.0,0.0,nan,nan,nan,,nan,nan,nan,nan,nan,nan,nan,,,,nan,nan,nan,nan,nan,nan,nan,nan,nan,nan,nan,nan,,nan,nan,,,nan,nan,nan,nan,nan,nan,nan,nan,nan,nan,nan,nan,nan,nan,nan,nan,nan,nan,nan,nan,nan,nan,nan,nan,,nan,nan,nan,,nan,,,,
nan,nan,nan,nan,nan,nan,nan,nan,nan,nan,nan,nan,nan,nan,nan,nan,nan,0.0,0.0,0.0,0.0,0.0,0.0,0.0,0.0,0.0,0.0,0.0,0.0,0.0,0.0,0.0,0.0,0.0,nan,nan,nan,,nan,nan,nan,nan,nan,nan,nan,,,,nan,nan,nan,nan,nan,nan,nan,nan,nan,nan,nan,nan,,nan,nan,,,nan,nan,nan,nan,nan,nan,nan,nan,nan,nan,nan,nan,nan,nan,nan,nan,nan,nan,nan,nan,nan,nan,nan,nan,,nan,nan,nan,,nan,,,,
nan,nan,nan,nan,nan,nan,nan,nan,nan,nan,nan,nan,nan,nan,nan,nan,nan,0.0,0.0,0.0,0.0,0.0,0.0,0.0,0.0,0.0,0.0,0.0,0.0,0.0,0.0,0.0,0.0,0.0,nan,nan,nan,,nan,nan,nan,nan,nan,nan,nan,,,,nan,nan,nan,nan,nan,nan,nan,nan,nan,nan,nan,nan,,nan,nan,,,nan,nan,nan,nan,nan,nan,nan,nan,nan,nan,nan,nan,nan,nan,nan,nan,nan,nan,nan,nan,nan,nan,nan,nan,,nan,nan,nan,,nan,,,,
nan,nan,nan,nan,nan,nan,nan,nan,nan,nan,nan,nan,nan,nan,nan,nan,nan,0.0,0.0,0.0,0.0,0.0,0.0,0.0,0.0,0.0,0.0,0.0,0.0,0.0,0.0,0.0,0.0,0.0,nan,nan,nan,,nan,nan,nan,nan,nan,nan,nan,,,,nan,nan,nan,nan,nan,nan,nan,nan,nan,nan,nan,nan,,nan,nan,,,nan,nan,nan,nan,nan,nan,nan,nan,nan,nan,nan,nan,nan,nan,nan,nan,nan,nan,nan,nan,nan,nan,nan,nan,,nan,nan,nan,,nan,,,,
nan,nan,nan,nan,nan,nan,nan,nan,nan,nan,nan,nan,nan,nan,nan,nan,nan,0.0,0.0,0.0,0.0,0.0,0.0,0.0,0.0,0.0,0.0,0.0,0.0,0.0,0.0,0.0,0.0,0.0,nan,nan,nan,,nan,nan,nan,nan,nan,nan,nan,,,,nan,nan,nan,nan,nan,nan,nan,nan,nan,nan,nan,nan,,nan,nan,,,nan,nan,nan,nan,nan,nan,nan,nan,nan,nan,nan,nan,nan,nan,nan,nan,nan,nan,nan,nan,nan,nan,nan,nan,,nan,nan,nan,,nan,,,,
nan,nan,nan,nan,nan,nan,nan,nan,nan,nan,nan,nan,nan,nan,nan,nan,nan,0.0,0.0,0.0,0.0,0.0,0.0,0.0,0.0,0.0,0.0,0.0,0.0,0.0,0.0,0.0,0.0,0.0,nan,nan,nan,,nan,nan,nan,nan,nan,nan,nan,,,,nan,nan,nan,nan,nan,nan,nan,nan,nan,nan,nan,nan,,nan,nan,,,nan,nan,nan,nan,nan,nan,nan,nan,nan,nan,nan,nan,nan,nan,nan,nan,nan,nan,nan,nan,nan,nan,nan,nan,,nan,nan,nan,,nan,,,,
nan,nan,nan,nan,nan,nan,nan,nan,nan,nan,nan,nan,nan,nan,nan,nan,nan,0.0,0.0,0.0,0.0,0.0,0.0,0.0,0.0,0.0,0.0,0.0,0.0,0.0,0.0,0.0,0.0,0.0,nan,nan,nan,,nan,nan,nan,nan,nan,nan,nan,,,,nan,nan,nan,nan,nan,nan,nan,nan,nan,nan,nan,nan,,nan,nan,,,nan,nan,nan,nan,nan,nan,nan,nan,nan,nan,nan,nan,nan,nan,nan,nan,nan,nan,nan,nan,nan,nan,nan,nan,,nan,nan,nan,,nan,,,,
nan,nan,nan,nan,nan,nan,nan,nan,nan,nan,nan,nan,nan,nan,nan,nan,nan,0.0,0.0,0.0,0.0,0.0,0.0,0.0,0.0,0.0,0.0,0.0,0.0,0.0,0.0,0.0,0.0,0.0,nan,nan,nan,,nan,nan,nan,nan,nan,nan,nan,,,,nan,nan,nan,nan,nan,nan,nan,nan,nan,nan,nan,nan,,nan,nan,,,nan,nan,nan,nan,nan,nan,nan,nan,nan,nan,nan,nan,nan,nan,nan,nan,nan,nan,nan,nan,nan,nan,nan,nan,,nan,nan,nan,,nan,,,,
nan,nan,nan,nan,nan,nan,nan,nan,nan,nan,nan,nan,nan,nan,nan,nan,nan,0.0,0.0,0.0,0.0,0.0,0.0,0.0,0.0,0.0,0.0,0.0,0.0,0.0,0.0,0.0,0.0,0.0,nan,nan,nan,,nan,nan,nan,nan,nan,nan,nan,,,,nan,nan,nan,nan,nan,nan,nan,nan,nan,nan,nan,nan,,nan,nan,,,nan,nan,nan,nan,nan,nan,nan,nan,nan,nan,nan,nan,nan,nan,nan,nan,nan,nan,nan,nan,nan,nan,nan,nan,,nan,nan,nan,,nan,,,,
nan,nan,nan,nan,nan,nan,nan,nan,nan,nan,nan,nan,nan,nan,nan,nan,nan,0.0,0.0,0.0,0.0,0.0,0.0,0.0,0.0,1.0,0.0,0.0,0.0,0.0,0.0,0.0,0.0,1.0,nan,nan,nan,,nan,nan,nan,nan,nan,nan,nan,,,,nan,nan,nan,nan,nan,nan,nan,nan,nan,nan,nan,nan,,nan,nan,,,nan,nan,nan,nan,nan,nan,nan,nan,nan,nan,nan,nan,nan,nan,nan,nan,nan,nan,nan,nan,nan,nan,nan,nan,,nan,nan,nan,,nan,,,,
nan,nan,nan,nan,nan,nan,nan,nan,nan,nan,nan,nan,nan,nan,nan,nan,nan,0.0,0.0,0.0,0.0,0.0,0.0,0.0,0.0,0.0,0.0,0.0,0.0,0.0,0.0,0.0,0.0,0.0,nan,nan,nan,,nan,nan,nan,nan,nan,nan,nan,,,,nan,nan,nan,nan,nan,nan,nan,nan,nan,nan,nan,nan,,nan,nan,,,nan,nan,nan,nan,nan,nan,nan,nan,nan,nan,nan,nan,nan,nan,nan,nan,nan,nan,nan,nan,nan,nan,nan,nan,,nan,nan,nan,,nan,,,,
nan,nan,nan,nan,nan,nan,nan,nan,nan,nan,nan,nan,nan,nan,nan,nan,nan,0.0,0.0,0.0,0.0,0.0,0.0,0.0,0.0,1.0,0.0,0.0,0.0,0.0,0.0,0.0,0.0,1.0,nan,nan,nan,,nan,nan,nan,nan,nan,nan,nan,,,,nan,nan,nan,nan,nan,nan,nan,nan,nan,nan,nan,nan,,nan,nan,,,nan,nan,nan,nan,nan,nan,nan,nan,nan,nan,nan,nan,nan,nan,nan,nan,nan,nan,nan,nan,nan,nan,nan,nan,,nan,nan,nan,,nan,,,,
nan,nan,nan,nan,nan,nan,nan,nan,nan,nan,nan,nan,nan,nan,nan,nan,nan,0.0,0.0,0.0,0.0,0.0,0.0,0.0,0.0,0.0,0.0,0.0,0.0,0.0,0.0,0.0,0.0,0.0,nan,nan,nan,,nan,nan,nan,nan,nan,nan,nan,,,,nan,nan,nan,nan,nan,nan,nan,nan,nan,nan,nan,nan,,nan,nan,,,nan,nan,nan,nan,nan,nan,nan,nan,nan,nan,nan,nan,nan,nan,nan,nan,nan,nan,nan,nan,nan,nan,nan,nan,,nan,nan,nan,,nan,,,,
nan,nan,nan,nan,nan,nan,nan,nan,nan,nan,nan,nan,nan,nan,nan,nan,nan,0.0,0.0,0.0,0.0,0.0,0.0,0.0,0.0,0.0,0.0,0.0,0.0,0.0,0.0,0.0,0.0,0.0,nan,nan,nan,,nan,nan,nan,nan,nan,nan,nan,,,,nan,nan,nan,nan,nan,nan,nan,nan,nan,nan,nan,nan,,nan,nan,,,nan,nan,nan,nan,nan,nan,nan,nan,nan,nan,nan,nan,nan,nan,nan,nan,nan,nan,nan,nan,nan,nan,nan,nan,,nan,nan,nan,,nan,,,,
nan,nan,nan,nan,nan,nan,nan,nan,nan,nan,nan,nan,nan,nan,nan,nan,nan,0.0,0.0,0.0,0.0,0.0,0.0,0.0,0.0,0.0,0.0,0.0,0.0,0.0,0.0,0.0,0.0,0.0,nan,nan,nan,,nan,nan,nan,nan,nan,nan,nan,,,,nan,nan,nan,nan,nan,nan,nan,nan,nan,nan,nan,nan,,nan,nan,,,nan,nan,nan,nan,nan,nan,nan,nan,nan,nan,nan,nan,nan,nan,nan,nan,nan,nan,nan,nan,nan,nan,nan,nan,,nan,nan,nan,,nan,,,,
nan,nan,nan,nan,nan,nan,nan,nan,nan,nan,nan,nan,nan,nan,nan,nan,nan,0.0,0.0,0.0,0.0,0.0,0.0,0.0,0.0,0.0,0.0,0.0,0.0,0.0,0.0,0.0,0.0,0.0,nan,nan,nan,,nan,nan,nan,nan,nan,nan,nan,,,,nan,nan,nan,nan,nan,nan,nan,nan,nan,nan,nan,nan,,nan,nan,,,nan,nan,nan,nan,nan,nan,nan,nan,nan,nan,nan,nan,nan,nan,nan,nan,nan,nan,nan,nan,nan,nan,nan,nan,,nan,nan,nan,,nan,,,,
nan,nan,nan,nan,nan,nan,nan,nan,nan,nan,nan,nan,nan,nan,nan,nan,nan,0.0,0.0,0.0,0.0,0.0,0.0,0.0,0.0,0.0,0.0,0.0,0.0,0.0,0.0,0.0,0.0,0.0,nan,nan,nan,,nan,nan,nan,nan,nan,nan,nan,,,,nan,nan,nan,nan,nan,nan,nan,nan,nan,nan,nan,nan,,nan,nan,,,nan,nan,nan,nan,nan,nan,nan,nan,nan,nan,nan,nan,nan,nan,nan,nan,nan,nan,nan,nan,nan,nan,nan,nan,,nan,nan,nan,,nan,,,,
nan,nan,nan,nan,nan,nan,nan,nan,nan,nan,nan,nan,nan,nan,nan,nan,nan,0.0,0.0,0.0,0.0,0.0,0.0,0.0,0.0,0.0,0.0,0.0,0.0,0.0,0.0,0.0,0.0,0.0,nan,nan,nan,,nan,nan,nan,nan,nan,nan,nan,,,,nan,nan,nan,nan,nan,nan,nan,nan,nan,nan,nan,nan,,nan,nan,,,nan,nan,nan,nan,nan,nan,nan,nan,nan,nan,nan,nan,nan,nan,nan,nan,nan,nan,nan,nan,nan,nan,nan,nan,,nan,nan,nan,,nan,,,,
nan,nan,nan,nan,nan,nan,nan,nan,nan,nan,nan,nan,nan,nan,nan,nan,nan,0.0,0.0,0.0,0.0,0.0,0.0,0.0,0.0,0.0,0.0,0.0,0.0,0.0,0.0,0.0,0.0,0.0,nan,nan,nan,,nan,nan,nan,nan,nan,nan,nan,,,,nan,nan,nan,nan,nan,nan,nan,nan,nan,nan,nan,nan,,nan,nan,,,nan,nan,nan,nan,nan,nan,nan,nan,nan,nan,nan,nan,nan,nan,nan,nan,nan,nan,nan,nan,nan,nan,nan,nan,,nan,nan,nan,,nan,,,,
nan,nan,nan,nan,nan,nan,nan,nan,nan,nan,nan,nan,nan,nan,nan,nan,nan,0.0,0.0,0.0,0.0,0.0,0.0,0.0,0.0,0.0,0.0,0.0,0.0,0.0,0.0,0.0,0.0,0.0,nan,nan,nan,,nan,nan,nan,nan,nan,nan,nan,,,,nan,nan,nan,nan,nan,nan,nan,nan,nan,nan,nan,nan,,nan,nan,,,nan,nan,nan,nan,nan,nan,nan,nan,nan,nan,nan,nan,nan,nan,nan,nan,nan,nan,nan,nan,nan,nan,nan,nan,,nan,nan,nan,,nan,,,,
nan,nan,nan,nan,nan,nan,nan,nan,nan,nan,nan,nan,nan,nan,nan,nan,nan,0.0,0.0,0.0,0.0,0.0,0.0,0.0,0.0,0.0,0.0,0.0,0.0,0.0,0.0,0.0,0.0,0.0,nan,nan,nan,,nan,nan,nan,nan,nan,nan,nan,,,,nan,nan,nan,nan,nan,nan,nan,nan,nan,nan,nan,nan,,nan,nan,,,nan,nan,nan,nan,nan,nan,nan,nan,nan,nan,nan,nan,nan,nan,nan,nan,nan,nan,nan,nan,nan,nan,nan,nan,,nan,nan,nan,,nan,,,,
nan,nan,nan,nan,nan,nan,nan,nan,nan,nan,nan,nan,nan,nan,nan,nan,nan,0.0,0.0,0.0,0.0,0.0,0.0,0.0,0.0,0.0,0.0,0.0,0.0,0.0,0.0,0.0,0.0,0.0,nan,nan,nan,,nan,nan,nan,nan,nan,nan,nan,,,,nan,nan,nan,nan,nan,nan,nan,nan,nan,nan,nan,nan,,nan,nan,,,nan,nan,nan,nan,nan,nan,nan,nan,nan,nan,nan,nan,nan,nan,nan,nan,nan,nan,nan,nan,nan,nan,nan,nan,,nan,nan,nan,,nan,,,,
nan,nan,nan,nan,nan,nan,nan,nan,nan,nan,nan,nan,nan,nan,nan,nan,nan,0.0,0.0,0.0,0.0,0.0,0.0,0.0,0.0,0.0,0.0,0.0,0.0,0.0,0.0,0.0,0.0,0.0,nan,nan,nan,,nan,nan,nan,nan,nan,nan,nan,,,,nan,nan,nan,nan,nan,nan,nan,nan,nan,nan,nan,nan,,nan,nan,,,nan,nan,nan,nan,nan,nan,nan,nan,nan,nan,nan,nan,nan,nan,nan,nan,nan,nan,nan,nan,nan,nan,nan,nan,,nan,nan,nan,,nan,,,,
nan,nan,nan,nan,nan,nan,nan,nan,nan,nan,nan,nan,nan,nan,nan,nan,nan,0.0,0.0,0.0,0.0,0.0,0.0,0.0,0.0,1.0,0.0,0.0,0.0,0.0,0.0,0.0,0.0,1.0,nan,nan,nan,,nan,nan,nan,nan,nan,nan,nan,,,,nan,nan,nan,nan,nan,nan,nan,nan,nan,nan,nan,nan,,nan,nan,,,nan,nan,nan,nan,nan,nan,nan,nan,nan,nan,nan,nan,nan,nan,nan,nan,nan,nan,nan,nan,nan,nan,nan,nan,,nan,nan,nan,,nan,,,,
nan,nan,nan,nan,nan,nan,nan,nan,nan,nan,nan,nan,nan,nan,nan,nan,nan,0.0,0.0,0.0,0.0,0.0,0.0,0.0,0.0,0.0,0.0,0.0,0.0,0.0,0.0,0.0,0.0,0.0,nan,nan,nan,,nan,nan,nan,nan,nan,nan,nan,,,,nan,nan,nan,nan,nan,nan,nan,nan,nan,nan,nan,nan,,nan,nan,,,nan,nan,nan,nan,nan,nan,nan,nan,nan,nan,nan,nan,nan,nan,nan,nan,nan,nan,nan,nan,nan,nan,nan,nan,,nan,nan,nan,,nan,,,,
nan,nan,nan,nan,nan,nan,nan,nan,nan,nan,nan,nan,nan,nan,nan,nan,nan,0.0,0.0,0.0,0.0,0.0,0.0,0.0,0.0,0.0,0.0,0.0,0.0,0.0,0.0,0.0,0.0,0.0,nan,nan,nan,,nan,nan,nan,nan,nan,nan,nan,,,,nan,nan,nan,nan,nan,nan,nan,nan,nan,nan,nan,nan,,nan,nan,,,nan,nan,nan,nan,nan,nan,nan,nan,nan,nan,nan,nan,nan,nan,nan,nan,nan,nan,nan,nan,nan,nan,nan,nan,,nan,nan,nan,,nan,,,,
nan,nan,nan,nan,nan,nan,nan,nan,nan,nan,nan,nan,nan,nan,nan,nan,nan,0.0,0.0,0.0,0.0,0.0,0.0,0.0,0.0,0.0,0.0,0.0,0.0,0.0,0.0,0.0,0.0,0.0,nan,nan,nan,,nan,nan,nan,nan,nan,nan,nan,,,,nan,nan,nan,nan,nan,nan,nan,nan,nan,nan,nan,nan,,nan,nan,,,nan,nan,nan,nan,nan,nan,nan,nan,nan,nan,nan,nan,nan,nan,nan,nan,nan,nan,nan,nan,nan,nan,nan,nan,,nan,nan,nan,,nan,,,,
nan,nan,nan,nan,nan,nan,nan,nan,nan,nan,nan,nan,nan,nan,nan,nan,nan,0.0,0.0,0.0,0.0,0.0,0.0,0.0,0.0,1.0,0.0,0.0,0.0,0.0,0.0,0.0,0.0,1.0,nan,nan,nan,,nan,nan,nan,nan,nan,nan,nan,,,,nan,nan,nan,nan,nan,nan,nan,nan,nan,nan,nan,nan,,nan,nan,,,nan,nan,nan,nan,nan,nan,nan,nan,nan,nan,nan,nan,nan,nan,nan,nan,nan,nan,nan,nan,nan,nan,nan,nan,,nan,nan,nan,,nan,,,,
nan,nan,nan,nan,nan,nan,nan,nan,nan,nan,nan,nan,nan,nan,nan,nan,nan,0.0,0.0,0.0,0.0,0.0,0.0,0.0,0.0,0.0,0.0,0.0,0.0,0.0,0.0,0.0,0.0,0.0,nan,nan,nan,,nan,nan,nan,nan,nan,nan,nan,,,,nan,nan,nan,nan,nan,nan,nan,nan,nan,nan,nan,nan,,nan,nan,,,nan,nan,nan,nan,nan,nan,nan,nan,nan,nan,nan,nan,nan,nan,nan,nan,nan,nan,nan,nan,nan,nan,nan,nan,,nan,nan,nan,,nan,,,,
nan,nan,nan,nan,nan,nan,nan,nan,nan,nan,nan,nan,nan,nan,nan,nan,nan,0.0,0.0,0.0,0.0,0.0,0.0,0.0,0.0,0.0,0.0,0.0,0.0,0.0,0.0,0.0,0.0,0.0,nan,nan,nan,,nan,nan,nan,nan,nan,nan,nan,,,,nan,nan,nan,nan,nan,nan,nan,nan,nan,nan,nan,nan,,nan,nan,,,nan,nan,nan,nan,nan,nan,nan,nan,nan,nan,nan,nan,nan,nan,nan,nan,nan,nan,nan,nan,nan,nan,nan,nan,,nan,nan,nan,,nan,,,,
nan,nan,nan,nan,nan,nan,nan,nan,nan,nan,nan,nan,nan,nan,nan,nan,nan,0.0,0.0,0.0,0.0,0.0,0.0,0.0,0.0,1.0,0.0,0.0,0.0,0.0,0.0,0.0,0.0,1.0,nan,nan,nan,,nan,nan,nan,nan,nan,nan,nan,,,,nan,nan,nan,nan,nan,nan,nan,nan,nan,nan,nan,nan,,nan,nan,,,nan,nan,nan,nan,nan,nan,nan,nan,nan,nan,nan,nan,nan,nan,nan,nan,nan,nan,nan,nan,nan,nan,nan,nan,,nan,nan,nan,,nan,,,,
nan,nan,nan,nan,nan,nan,nan,nan,nan,nan,nan,nan,nan,nan,nan,nan,nan,0.0,0.0,0.0,0.0,0.0,0.0,0.0,0.0,0.0,0.0,0.0,0.0,0.0,0.0,0.0,0.0,0.0,nan,nan,nan,,nan,nan,nan,nan,nan,nan,nan,,,,nan,nan,nan,nan,nan,nan,nan,nan,nan,nan,nan,nan,,nan,nan,,,nan,nan,nan,nan,nan,nan,nan,nan,nan,nan,nan,nan,nan,nan,nan,nan,nan,nan,nan,nan,nan,nan,nan,nan,,nan,nan,nan,,nan,,,,
nan,nan,nan,nan,nan,nan,nan,nan,nan,nan,nan,nan,nan,nan,nan,nan,nan,0.0,0.0,0.0,0.0,0.0,0.0,0.0,0.0,0.0,0.0,0.0,0.0,0.0,0.0,0.0,0.0,0.0,nan,nan,nan,,nan,nan,nan,nan,nan,nan,nan,,,,nan,nan,nan,nan,nan,nan,nan,nan,nan,nan,nan,nan,,nan,nan,,,nan,nan,nan,nan,nan,nan,nan,nan,nan,nan,nan,nan,nan,nan,nan,nan,nan,nan,nan,nan,nan,nan,nan,nan,,nan,nan,nan,,nan,,,,
nan,nan,nan,nan,nan,nan,nan,nan,nan,nan,nan,nan,nan,nan,nan,nan,nan,0.0,0.0,0.0,0.0,0.0,0.0,0.0,0.0,0.0,0.0,0.0,0.0,0.0,0.0,0.0,0.0,0.0,nan,nan,nan,,nan,nan,nan,nan,nan,nan,nan,,,,nan,nan,nan,nan,nan,nan,nan,nan,nan,nan,nan,nan,,nan,nan,,,nan,nan,nan,nan,nan,nan,nan,nan,nan,nan,nan,nan,nan,nan,nan,nan,nan,nan,nan,nan,nan,nan,nan,nan,,nan,nan,nan,,nan,,,,
nan,nan,nan,nan,nan,nan,nan,nan,nan,nan,nan,nan,nan,nan,nan,nan,nan,0.0,0.0,0.0,0.0,0.0,0.0,0.0,0.0,0.0,0.0,0.0,0.0,0.0,0.0,0.0,0.0,0.0,nan,nan,nan,,nan,nan,nan,nan,nan,nan,nan,,,,nan,nan,nan,nan,nan,nan,nan,nan,nan,nan,nan,nan,,nan,nan,,,nan,nan,nan,nan,nan,nan,nan,nan,nan,nan,nan,nan,nan,nan,nan,nan,nan,nan,nan,nan,nan,nan,nan,nan,,nan,nan,nan,,nan,,,,
nan,nan,nan,nan,nan,nan,nan,nan,nan,nan,nan,nan,nan,nan,nan,nan,nan,0.0,0.0,0.0,0.0,0.0,0.0,0.0,0.0,0.0,0.0,0.0,0.0,0.0,0.0,0.0,0.0,0.0,nan,nan,nan,,nan,nan,nan,nan,nan,nan,nan,,,,nan,nan,nan,nan,nan,nan,nan,nan,nan,nan,nan,nan,,nan,nan,,,nan,nan,nan,nan,nan,nan,nan,nan,nan,nan,nan,nan,nan,nan,nan,nan,nan,nan,nan,nan,nan,nan,nan,nan,,nan,nan,nan,,nan,,,,
nan,nan,nan,nan,nan,nan,nan,nan,nan,nan,nan,nan,nan,nan,nan,nan,nan,0.0,0.0,0.0,0.0,0.0,0.0,0.0,0.0,0.0,0.0,0.0,0.0,0.0,0.0,0.0,0.0,0.0,nan,nan,nan,,nan,nan,nan,nan,nan,nan,nan,,,,nan,nan,nan,nan,nan,nan,nan,nan,nan,nan,nan,nan,,nan,nan,,,nan,nan,nan,nan,nan,nan,nan,nan,nan,nan,nan,nan,nan,nan,nan,nan,nan,nan,nan,nan,nan,nan,nan,nan,,nan,nan,nan,,nan,,,,
nan,nan,nan,nan,nan,nan,nan,nan,nan,nan,nan,nan,nan,nan,nan,nan,nan,0.0,0.0,0.0,0.0,0.0,0.0,0.0,0.0,0.0,0.0,0.0,0.0,0.0,0.0,0.0,0.0,0.0,nan,nan,nan,,nan,nan,nan,nan,nan,nan,nan,,,,nan,nan,nan,nan,nan,nan,nan,nan,nan,nan,nan,nan,,nan,nan,,,nan,nan,nan,nan,nan,nan,nan,nan,nan,nan,nan,nan,nan,nan,nan,nan,nan,nan,nan,nan,nan,nan,nan,nan,,nan,nan,nan,,nan,,,,
nan,nan,nan,nan,nan,nan,nan,nan,nan,nan,nan,nan,nan,nan,nan,nan,nan,0.0,0.0,0.0,0.0,0.0,0.0,0.0,0.0,0.0,0.0,0.0,0.0,0.0,0.0,0.0,0.0,0.0,nan,nan,nan,,nan,nan,nan,nan,nan,nan,nan,,,,nan,nan,nan,nan,nan,nan,nan,nan,nan,nan,nan,nan,,nan,nan,,,nan,nan,nan,nan,nan,nan,nan,nan,nan,nan,nan,nan,nan,nan,nan,nan,nan,nan,nan,nan,nan,nan,nan,nan,,nan,nan,nan,,nan,,,,
nan,nan,nan,nan,nan,nan,nan,nan,nan,nan,nan,nan,nan,nan,nan,nan,nan,0.0,0.0,0.0,0.0,0.0,0.0,0.0,0.0,0.0,0.0,0.0,0.0,0.0,0.0,0.0,0.0,0.0,nan,nan,nan,,nan,nan,nan,nan,nan,nan,nan,,,,nan,nan,nan,nan,nan,nan,nan,nan,nan,nan,nan,nan,,nan,nan,,,nan,nan,nan,nan,nan,nan,nan,nan,nan,nan,nan,nan,nan,nan,nan,nan,nan,nan,nan,nan,nan,nan,nan,nan,,nan,nan,nan,,nan,,,,
nan,nan,nan,nan,nan,nan,nan,nan,nan,nan,nan,nan,nan,nan,nan,nan,nan,0.0,0.0,0.0,0.0,0.0,0.0,0.0,0.0,2.0,0.0,0.0,0.0,0.0,0.0,0.0,0.0,2.0,nan,nan,nan,,nan,nan,nan,nan,nan,nan,nan,,,,nan,nan,nan,nan,nan,nan,nan,nan,nan,nan,nan,nan,,nan,nan,,,nan,nan,nan,nan,nan,nan,nan,nan,nan,nan,nan,nan,nan,nan,nan,nan,nan,nan,nan,nan,nan,nan,nan,nan,,nan,nan,nan,,nan,,,,
nan,nan,nan,nan,nan,nan,nan,nan,nan,nan,nan,nan,nan,nan,nan,nan,nan,0.0,0.0,0.0,0.0,0.0,0.0,0.0,0.0,0.0,0.0,0.0,0.0,0.0,0.0,0.0,0.0,0.0,nan,nan,nan,,nan,nan,nan,nan,nan,nan,nan,,,,nan,nan,nan,nan,nan,nan,nan,nan,nan,nan,nan,nan,,nan,nan,,,nan,nan,nan,nan,nan,nan,nan,nan,nan,nan,nan,nan,nan,nan,nan,nan,nan,nan,nan,nan,nan,nan,nan,nan,,nan,nan,nan,,nan,,,,
nan,nan,nan,nan,nan,nan,nan,nan,nan,nan,nan,nan,nan,nan,nan,nan,nan,0.0,0.0,0.0,0.0,0.0,0.0,0.0,0.0,0.0,0.0,0.0,0.0,0.0,0.0,0.0,0.0,0.0,nan,nan,nan,,nan,nan,nan,nan,nan,nan,nan,,,,nan,nan,nan,nan,nan,nan,nan,nan,nan,nan,nan,nan,,nan,nan,,,nan,nan,nan,nan,nan,nan,nan,nan,nan,nan,nan,nan,nan,nan,nan,nan,nan,nan,nan,nan,nan,nan,nan,nan,,nan,nan,nan,,nan,,,,
nan,nan,nan,nan,nan,nan,nan,nan,nan,nan,nan,nan,nan,nan,nan,nan,nan,0.0,0.0,0.0,0.0,0.0,0.0,0.0,0.0,1.0,0.0,0.0,0.0,0.0,0.0,0.0,0.0,1.0,nan,nan,nan,,nan,nan,nan,nan,nan,nan,nan,,,,nan,nan,nan,nan,nan,nan,nan,nan,nan,nan,nan,nan,,nan,nan,,,nan,nan,nan,nan,nan,nan,nan,nan,nan,nan,nan,nan,nan,nan,nan,nan,nan,nan,nan,nan,nan,nan,nan,nan,,nan,nan,nan,,nan,,,,
nan,nan,nan,nan,nan,nan,nan,nan,nan,nan,nan,nan,nan,nan,nan,nan,nan,0.0,0.0,0.0,0.0,0.0,0.0,0.0,0.0,0.0,0.0,0.0,0.0,0.0,0.0,0.0,0.0,0.0,nan,nan,nan,,nan,nan,nan,nan,nan,nan,nan,,,,nan,nan,nan,nan,nan,nan,nan,nan,nan,nan,nan,nan,,nan,nan,,,nan,nan,nan,nan,nan,nan,nan,nan,nan,nan,nan,nan,nan,nan,nan,nan,nan,nan,nan,nan,nan,nan,nan,nan,,nan,nan,nan,,nan,,,,
nan,nan,nan,nan,nan,nan,nan,nan,nan,nan,nan,nan,nan,nan,nan,nan,nan,0.0,0.0,0.0,0.0,0.0,0.0,0.0,0.0,0.0,0.0,0.0,0.0,0.0,0.0,0.0,0.0,0.0,nan,nan,nan,,nan,nan,nan,nan,nan,nan,nan,,,,nan,nan,nan,nan,nan,nan,nan,nan,nan,nan,nan,nan,,nan,nan,,,nan,nan,nan,nan,nan,nan,nan,nan,nan,nan,nan,nan,nan,nan,nan,nan,nan,nan,nan,nan,nan,nan,nan,nan,,nan,nan,nan,,nan,,,,
nan,nan,nan,nan,nan,nan,nan,nan,nan,nan,nan,nan,nan,nan,nan,nan,nan,0.0,0.0,0.0,0.0,0.0,0.0,0.0,0.0,0.0,0.0,0.0,0.0,0.0,0.0,0.0,0.0,0.0,nan,nan,nan,,nan,nan,nan,nan,nan,nan,nan,,,,nan,nan,nan,nan,nan,nan,nan,nan,nan,nan,nan,nan,,nan,nan,,,nan,nan,nan,nan,nan,nan,nan,nan,nan,nan,nan,nan,nan,nan,nan,nan,nan,nan,nan,nan,nan,nan,nan,nan,,nan,nan,nan,,nan,,,,
nan,nan,nan,nan,nan,nan,nan,nan,nan,nan,nan,nan,nan,nan,nan,nan,nan,0.0,0.0,0.0,0.0,0.0,0.0,0.0,0.0,0.0,0.0,0.0,0.0,0.0,0.0,0.0,0.0,0.0,nan,nan,nan,,nan,nan,nan,nan,nan,nan,nan,,,,nan,nan,nan,nan,nan,nan,nan,nan,nan,nan,nan,nan,,nan,nan,,,nan,nan,nan,nan,nan,nan,nan,nan,nan,nan,nan,nan,nan,nan,nan,nan,nan,nan,nan,nan,nan,nan,nan,nan,,nan,nan,nan,,nan,,,,
nan,nan,nan,nan,nan,nan,nan,nan,nan,nan,nan,nan,nan,nan,nan,nan,nan,0.0,0.0,0.0,0.0,0.0,0.0,0.0,0.0,0.0,0.0,0.0,0.0,0.0,0.0,0.0,0.0,0.0,nan,nan,nan,,nan,nan,nan,nan,nan,nan,nan,,,,nan,nan,nan,nan,nan,nan,nan,nan,nan,nan,nan,nan,,nan,nan,,,nan,nan,nan,nan,nan,nan,nan,nan,nan,nan,nan,nan,nan,nan,nan,nan,nan,nan,nan,nan,nan,nan,nan,nan,,nan,nan,nan,,nan,,,,
nan,nan,nan,nan,nan,nan,nan,nan,nan,nan,nan,nan,nan,nan,nan,nan,nan,0.0,0.0,0.0,0.0,0.0,0.0,0.0,0.0,0.0,0.0,0.0,0.0,0.0,0.0,0.0,0.0,0.0,nan,nan,nan,,nan,nan,nan,nan,nan,nan,nan,,,,nan,nan,nan,nan,nan,nan,nan,nan,nan,nan,nan,nan,,nan,nan,,,nan,nan,nan,nan,nan,nan,nan,nan,nan,nan,nan,nan,nan,nan,nan,nan,nan,nan,nan,nan,nan,nan,nan,nan,,nan,nan,nan,,nan,,,,
nan,nan,nan,nan,nan,nan,nan,nan,nan,nan,nan,nan,nan,nan,nan,nan,nan,0.0,0.0,0.0,0.0,0.0,0.0,0.0,0.0,0.0,0.0,0.0,0.0,0.0,0.0,0.0,0.0,0.0,nan,nan,nan,,nan,nan,nan,nan,nan,nan,nan,,,,nan,nan,nan,nan,nan,nan,nan,nan,nan,nan,nan,nan,,nan,nan,,,nan,nan,nan,nan,nan,nan,nan,nan,nan,nan,nan,nan,nan,nan,nan,nan,nan,nan,nan,nan,nan,nan,nan,nan,,nan,nan,nan,,nan,,,,
nan,nan,nan,nan,nan,nan,nan,nan,nan,nan,nan,nan,nan,nan,nan,nan,nan,0.0,0.0,0.0,0.0,0.0,0.0,0.0,0.0,0.0,0.0,0.0,0.0,0.0,0.0,0.0,0.0,0.0,nan,nan,nan,,nan,nan,nan,nan,nan,nan,nan,,,,nan,nan,nan,nan,nan,nan,nan,nan,nan,nan,nan,nan,,nan,nan,,,nan,nan,nan,nan,nan,nan,nan,nan,nan,nan,nan,nan,nan,nan,nan,nan,nan,nan,nan,nan,nan,nan,nan,nan,,nan,nan,nan,,nan,,,,
nan,nan,nan,nan,nan,nan,nan,nan,nan,nan,nan,nan,nan,nan,nan,nan,nan,0.0,0.0,0.0,0.0,0.0,0.0,0.0,0.0,0.0,0.0,0.0,0.0,0.0,0.0,0.0,0.0,0.0,nan,nan,nan,,nan,nan,nan,nan,nan,nan,nan,,,,nan,nan,nan,nan,nan,nan,nan,nan,nan,nan,nan,nan,,nan,nan,,,nan,nan,nan,nan,nan,nan,nan,nan,nan,nan,nan,nan,nan,nan,nan,nan,nan,nan,nan,nan,nan,nan,nan,nan,,nan,nan,nan,,nan,,,,
nan,nan,nan,nan,nan,nan,nan,nan,nan,nan,nan,nan,nan,nan,nan,nan,nan,0.0,0.0,0.0,0.0,0.0,0.0,0.0,0.0,1.0,0.0,0.0,0.0,0.0,0.0,0.0,0.0,1.0,nan,nan,nan,,nan,nan,nan,nan,nan,nan,nan,,,,nan,nan,nan,nan,nan,nan,nan,nan,nan,nan,nan,nan,,nan,nan,,,nan,nan,nan,nan,nan,nan,nan,nan,nan,nan,nan,nan,nan,nan,nan,nan,nan,nan,nan,nan,nan,nan,nan,nan,,nan,nan,nan,,nan,,,,
nan,nan,nan,nan,nan,nan,nan,nan,nan,nan,nan,nan,nan,nan,nan,nan,nan,0.0,0.0,0.0,0.0,0.0,0.0,0.0,0.0,0.0,0.0,0.0,0.0,0.0,0.0,0.0,0.0,0.0,nan,nan,nan,,nan,nan,nan,nan,nan,nan,nan,,,,nan,nan,nan,nan,nan,nan,nan,nan,nan,nan,nan,nan,,nan,nan,,,nan,nan,nan,nan,nan,nan,nan,nan,nan,nan,nan,nan,nan,nan,nan,nan,nan,nan,nan,nan,nan,nan,nan,nan,,nan,nan,nan,,nan,,,,
nan,nan,nan,nan,nan,nan,nan,nan,nan,nan,nan,nan,nan,nan,nan,nan,nan,0.0,0.0,0.0,0.0,0.0,0.0,0.0,0.0,0.0,0.0,0.0,0.0,0.0,0.0,0.0,0.0,0.0,nan,nan,nan,,nan,nan,nan,nan,nan,nan,nan,,,,nan,nan,nan,nan,nan,nan,nan,nan,nan,nan,nan,nan,,nan,nan,,,nan,nan,nan,nan,nan,nan,nan,nan,nan,nan,nan,nan,nan,nan,nan,nan,nan,nan,nan,nan,nan,nan,nan,nan,,nan,nan,nan,,nan,,,,
nan,nan,nan,nan,nan,nan,nan,nan,nan,nan,nan,nan,nan,nan,nan,nan,nan,0.0,0.0,0.0,0.0,0.0,0.0,0.0,0.0,0.0,0.0,0.0,0.0,0.0,0.0,0.0,0.0,0.0,nan,nan,nan,,nan,nan,nan,nan,nan,nan,nan,,,,nan,nan,nan,nan,nan,nan,nan,nan,nan,nan,nan,nan,,nan,nan,,,nan,nan,nan,nan,nan,nan,nan,nan,nan,nan,nan,nan,nan,nan,nan,nan,nan,nan,nan,nan,nan,nan,nan,nan,,nan,nan,nan,,nan,,,,
nan,nan,nan,nan,nan,nan,nan,nan,nan,nan,nan,nan,nan,nan,nan,nan,nan,0.0,0.0,0.0,0.0,0.0,0.0,0.0,0.0,1.0,0.0,0.0,0.0,0.0,0.0,0.0,0.0,1.0,nan,nan,nan,,nan,nan,nan,nan,nan,nan,nan,,,,nan,nan,nan,nan,nan,nan,nan,nan,nan,nan,nan,nan,,nan,nan,,,nan,nan,nan,nan,nan,nan,nan,nan,nan,nan,nan,nan,nan,nan,nan,nan,nan,nan,nan,nan,nan,nan,nan,nan,,nan,nan,nan,,nan,,,,
nan,nan,nan,nan,nan,nan,nan,nan,nan,nan,nan,nan,nan,nan,nan,nan,nan,0.0,0.0,0.0,0.0,0.0,0.0,0.0,0.0,0.0,0.0,0.0,0.0,0.0,0.0,0.0,0.0,0.0,nan,nan,nan,,nan,nan,nan,nan,nan,nan,nan,,,,nan,nan,nan,nan,nan,nan,nan,nan,nan,nan,nan,nan,,nan,nan,,,nan,nan,nan,nan,nan,nan,nan,nan,nan,nan,nan,nan,nan,nan,nan,nan,nan,nan,nan,nan,nan,nan,nan,nan,,nan,nan,nan,,nan,,,,
nan,nan,nan,nan,nan,nan,nan,nan,nan,nan,nan,nan,nan,nan,nan,nan,nan,0.0,0.0,0.0,0.0,0.0,0.0,0.0,0.0,0.0,0.0,0.0,0.0,0.0,0.0,0.0,0.0,0.0,nan,nan,nan,,nan,nan,nan,nan,nan,nan,nan,,,,nan,nan,nan,nan,nan,nan,nan,nan,nan,nan,nan,nan,,nan,nan,,,nan,nan,nan,nan,nan,nan,nan,nan,nan,nan,nan,nan,nan,nan,nan,nan,nan,nan,nan,nan,nan,nan,nan,nan,,nan,nan,nan,,nan,,,,
nan,nan,nan,nan,nan,nan,nan,nan,nan,nan,nan,nan,nan,nan,nan,nan,nan,0.0,0.0,0.0,0.0,0.0,0.0,0.0,0.0,0.0,0.0,0.0,0.0,0.0,0.0,0.0,0.0,0.0,nan,nan,nan,,nan,nan,nan,nan,nan,nan,nan,,,,nan,nan,nan,nan,nan,nan,nan,nan,nan,nan,nan,nan,,nan,nan,,,nan,nan,nan,nan,nan,nan,nan,nan,nan,nan,nan,nan,nan,nan,nan,nan,nan,nan,nan,nan,nan,nan,nan,nan,,nan,nan,nan,,nan,,,,
nan,nan,nan,nan,nan,nan,nan,nan,nan,nan,nan,nan,nan,nan,nan,nan,nan,0.0,0.0,0.0,0.0,0.0,0.0,0.0,0.0,1.0,0.0,0.0,0.0,0.0,0.0,0.0,0.0,1.0,nan,nan,nan,,nan,nan,nan,nan,nan,nan,nan,,,,nan,nan,nan,nan,nan,nan,nan,nan,nan,nan,nan,nan,,nan,nan,,,nan,nan,nan,nan,nan,nan,nan,nan,nan,nan,nan,nan,nan,nan,nan,nan,nan,nan,nan,nan,nan,nan,nan,nan,,nan,nan,nan,,nan,,,,
nan,nan,nan,nan,nan,nan,nan,nan,nan,nan,nan,nan,nan,nan,nan,nan,nan,0.0,0.0,0.0,0.0,0.0,0.0,0.0,0.0,1.0,0.0,0.0,0.0,0.0,0.0,0.0,0.0,1.0,nan,nan,nan,,nan,nan,nan,nan,nan,nan,nan,,,,nan,nan,nan,nan,nan,nan,nan,nan,nan,nan,nan,nan,,nan,nan,,,nan,nan,nan,nan,nan,nan,nan,nan,nan,nan,nan,nan,nan,nan,nan,nan,nan,nan,nan,nan,nan,nan,nan,nan,,nan,nan,nan,,nan,,,,
nan,nan,nan,nan,nan,nan,nan,nan,nan,nan,nan,nan,nan,nan,nan,nan,nan,0.0,0.0,0.0,0.0,0.0,0.0,0.0,0.0,0.0,0.0,0.0,0.0,0.0,0.0,0.0,0.0,0.0,nan,nan,nan,,nan,nan,nan,nan,nan,nan,nan,,,,nan,nan,nan,nan,nan,nan,nan,nan,nan,nan,nan,nan,,nan,nan,,,nan,nan,nan,nan,nan,nan,nan,nan,nan,nan,nan,nan,nan,nan,nan,nan,nan,nan,nan,nan,nan,nan,nan,nan,,nan,nan,nan,,nan,,,,
nan,nan,nan,nan,nan,nan,nan,nan,nan,nan,nan,nan,nan,nan,nan,nan,nan,0.0,0.0,0.0,0.0,0.0,0.0,0.0,0.0,1.0,0.0,0.0,0.0,0.0,0.0,0.0,0.0,1.0,nan,nan,nan,,nan,nan,nan,nan,nan,nan,nan,,,,nan,nan,nan,nan,nan,nan,nan,nan,nan,nan,nan,nan,,nan,nan,,,nan,nan,nan,nan,nan,nan,nan,nan,nan,nan,nan,nan,nan,nan,nan,nan,nan,nan,nan,nan,nan,nan,nan,nan,,nan,nan,nan,,nan,,,,
nan,nan,nan,nan,nan,nan,nan,nan,nan,nan,nan,nan,nan,nan,nan,nan,nan,0.0,0.0,0.0,0.0,0.0,0.0,0.0,0.0,0.0,0.0,0.0,0.0,0.0,0.0,0.0,0.0,0.0,nan,nan,nan,,nan,nan,nan,nan,nan,nan,nan,,,,nan,nan,nan,nan,nan,nan,nan,nan,nan,nan,nan,nan,,nan,nan,,,nan,nan,nan,nan,nan,nan,nan,nan,nan,nan,nan,nan,nan,nan,nan,nan,nan,nan,nan,nan,nan,nan,nan,nan,,nan,nan,nan,,nan,,,,
nan,nan,nan,nan,nan,nan,nan,nan,nan,nan,nan,nan,nan,nan,nan,nan,nan,0.0,0.0,0.0,0.0,0.0,0.0,0.0,0.0,0.0,0.0,0.0,0.0,0.0,0.0,0.0,0.0,0.0,nan,nan,nan,,nan,nan,nan,nan,nan,nan,nan,,,,nan,nan,nan,nan,nan,nan,nan,nan,nan,nan,nan,nan,,nan,nan,,,nan,nan,nan,nan,nan,nan,nan,nan,nan,nan,nan,nan,nan,nan,nan,nan,nan,nan,nan,nan,nan,nan,nan,nan,,nan,nan,nan,,nan,,,,
nan,nan,nan,nan,nan,nan,nan,nan,nan,nan,nan,nan,nan,nan,nan,nan,nan,0.0,0.0,0.0,0.0,0.0,0.0,0.0,0.0,1.0,0.0,0.0,0.0,0.0,0.0,0.0,0.0,1.0,nan,nan,nan,,nan,nan,nan,nan,nan,nan,nan,,,,nan,nan,nan,nan,nan,nan,nan,nan,nan,nan,nan,nan,,nan,nan,,,nan,nan,nan,nan,nan,nan,nan,nan,nan,nan,nan,nan,nan,nan,nan,nan,nan,nan,nan,nan,nan,nan,nan,nan,,nan,nan,nan,,nan,,,,
nan,nan,nan,nan,nan,nan,nan,nan,nan,nan,nan,nan,nan,nan,nan,nan,nan,0.0,0.0,0.0,0.0,0.0,0.0,0.0,0.0,0.0,0.0,0.0,0.0,0.0,0.0,0.0,0.0,0.0,nan,nan,nan,,nan,nan,nan,nan,nan,nan,nan,,,,nan,nan,nan,nan,nan,nan,nan,nan,nan,nan,nan,nan,,nan,nan,,,nan,nan,nan,nan,nan,nan,nan,nan,nan,nan,nan,nan,nan,nan,nan,nan,nan,nan,nan,nan,nan,nan,nan,nan,,nan,nan,nan,,nan,,,,
nan,nan,nan,nan,nan,nan,nan,nan,nan,nan,nan,nan,nan,nan,nan,nan,nan,0.0,0.0,0.0,0.0,0.0,0.0,0.0,0.0,0.0,0.0,0.0,0.0,0.0,0.0,0.0,0.0,0.0,nan,nan,nan,,nan,nan,nan,nan,nan,nan,nan,,,,nan,nan,nan,nan,nan,nan,nan,nan,nan,nan,nan,nan,,nan,nan,,,nan,nan,nan,nan,nan,nan,nan,nan,nan,nan,nan,nan,nan,nan,nan,nan,nan,nan,nan,nan,nan,nan,nan,nan,,nan,nan,nan,,nan,,,,
nan,nan,nan,nan,nan,nan,nan,nan,nan,nan,nan,nan,nan,nan,nan,nan,nan,0.0,0.0,0.0,0.0,0.0,0.0,0.0,0.0,0.0,0.0,0.0,0.0,0.0,0.0,0.0,0.0,0.0,nan,nan,nan,,nan,nan,nan,nan,nan,nan,nan,,,,nan,nan,nan,nan,nan,nan,nan,nan,nan,nan,nan,nan,,nan,nan,,,nan,nan,nan,nan,nan,nan,nan,nan,nan,nan,nan,nan,nan,nan,nan,nan,nan,nan,nan,nan,nan,nan,nan,nan,,nan,nan,nan,,nan,,,,
nan,nan,nan,nan,nan,nan,nan,nan,nan,nan,nan,nan,nan,nan,nan,nan,nan,0.0,0.0,0.0,0.0,0.0,0.0,0.0,0.0,0.0,0.0,0.0,0.0,0.0,0.0,0.0,0.0,0.0,nan,nan,nan,,nan,nan,nan,nan,nan,nan,nan,,,,nan,nan,nan,nan,nan,nan,nan,nan,nan,nan,nan,nan,,nan,nan,,,nan,nan,nan,nan,nan,nan,nan,nan,nan,nan,nan,nan,nan,nan,nan,nan,nan,nan,nan,nan,nan,nan,nan,nan,,nan,nan,nan,,nan,,,,
nan,nan,nan,nan,nan,nan,nan,nan,nan,nan,nan,nan,nan,nan,nan,nan,nan,0.0,0.0,0.0,0.0,0.0,0.0,0.0,0.0,0.0,0.0,0.0,0.0,0.0,0.0,0.0,0.0,0.0,nan,nan,nan,,nan,nan,nan,nan,nan,nan,nan,,,,nan,nan,nan,nan,nan,nan,nan,nan,nan,nan,nan,nan,,nan,nan,,,nan,nan,nan,nan,nan,nan,nan,nan,nan,nan,nan,nan,nan,nan,nan,nan,nan,nan,nan,nan,nan,nan,nan,nan,,nan,nan,nan,,nan,,,,
nan,nan,nan,nan,nan,nan,nan,nan,nan,nan,nan,nan,nan,nan,nan,nan,nan,0.0,0.0,0.0,0.0,0.0,0.0,0.0,0.0,0.0,0.0,0.0,0.0,0.0,0.0,0.0,0.0,0.0,nan,nan,nan,,nan,nan,nan,nan,nan,nan,nan,,,,nan,nan,nan,nan,nan,nan,nan,nan,nan,nan,nan,nan,,nan,nan,,,nan,nan,nan,nan,nan,nan,nan,nan,nan,nan,nan,nan,nan,nan,nan,nan,nan,nan,nan,nan,nan,nan,nan,nan,,nan,nan,nan,,nan,,,,
nan,nan,nan,nan,nan,nan,nan,nan,nan,nan,nan,nan,nan,nan,nan,nan,nan,0.0,0.0,0.0,0.0,0.0,0.0,0.0,0.0,0.0,0.0,0.0,0.0,0.0,0.0,0.0,0.0,0.0,nan,nan,nan,,nan,nan,nan,nan,nan,nan,nan,,,,nan,nan,nan,nan,nan,nan,nan,nan,nan,nan,nan,nan,,nan,nan,,,nan,nan,nan,nan,nan,nan,nan,nan,nan,nan,nan,nan,nan,nan,nan,nan,nan,nan,nan,nan,nan,nan,nan,nan,,nan,nan,nan,,nan,,,,
nan,nan,nan,nan,nan,nan,nan,nan,nan,nan,nan,nan,nan,nan,nan,nan,nan,0.0,0.0,0.0,0.0,0.0,0.0,0.0,0.0,1.0,0.0,0.0,0.0,0.0,0.0,0.0,0.0,1.0,nan,nan,nan,,nan,nan,nan,nan,nan,nan,nan,,,,nan,nan,nan,nan,nan,nan,nan,nan,nan,nan,nan,nan,,nan,nan,,,nan,nan,nan,nan,nan,nan,nan,nan,nan,nan,nan,nan,nan,nan,nan,nan,nan,nan,nan,nan,nan,nan,nan,nan,,nan,nan,nan,,nan,,,,
nan,nan,nan,nan,nan,nan,nan,nan,nan,nan,nan,nan,nan,nan,nan,nan,nan,0.0,0.0,0.0,0.0,0.0,0.0,0.0,0.0,0.0,0.0,0.0,0.0,0.0,0.0,0.0,0.0,0.0,nan,nan,nan,,nan,nan,nan,nan,nan,nan,nan,,,,nan,nan,nan,nan,nan,nan,nan,nan,nan,nan,nan,nan,,nan,nan,,,nan,nan,nan,nan,nan,nan,nan,nan,nan,nan,nan,nan,nan,nan,nan,nan,nan,nan,nan,nan,nan,nan,nan,nan,,nan,nan,nan,,nan,,,,
nan,nan,nan,nan,nan,nan,nan,nan,nan,nan,nan,nan,nan,nan,nan,nan,nan,0.0,0.0,0.0,0.0,0.0,0.0,0.0,0.0,0.0,0.0,0.0,0.0,0.0,0.0,0.0,0.0,0.0,nan,nan,nan,,nan,nan,nan,nan,nan,nan,nan,,,,nan,nan,nan,nan,nan,nan,nan,nan,nan,nan,nan,nan,,nan,nan,,,nan,nan,nan,nan,nan,nan,nan,nan,nan,nan,nan,nan,nan,nan,nan,nan,nan,nan,nan,nan,nan,nan,nan,nan,,nan,nan,nan,,nan,,,,
nan,nan,nan,nan,nan,nan,nan,nan,nan,nan,nan,nan,nan,nan,nan,nan,nan,0.0,0.0,0.0,0.0,0.0,0.0,0.0,0.0,1.0,0.0,0.0,0.0,0.0,0.0,0.0,0.0,1.0,nan,nan,nan,,nan,nan,nan,nan,nan,nan,nan,,,,nan,nan,nan,nan,nan,nan,nan,nan,nan,nan,nan,nan,,nan,nan,,,nan,nan,nan,nan,nan,nan,nan,nan,nan,nan,nan,nan,nan,nan,nan,nan,nan,nan,nan,nan,nan,nan,nan,nan,,nan,nan,nan,,nan,,,,
nan,nan,nan,nan,nan,nan,nan,nan,nan,nan,nan,nan,nan,nan,nan,nan,nan,0.0,0.0,0.0,0.0,0.0,0.0,0.0,0.0,0.0,0.0,0.0,0.0,0.0,0.0,0.0,0.0,0.0,nan,nan,nan,,nan,nan,nan,nan,nan,nan,nan,,,,nan,nan,nan,nan,nan,nan,nan,nan,nan,nan,nan,nan,,nan,nan,,,nan,nan,nan,nan,nan,nan,nan,nan,nan,nan,nan,nan,nan,nan,nan,nan,nan,nan,nan,nan,nan,nan,nan,nan,,nan,nan,nan,,nan,,,,
nan,nan,nan,nan,nan,nan,nan,nan,nan,nan,nan,nan,nan,nan,nan,nan,nan,0.0,0.0,0.0,0.0,0.0,0.0,0.0,0.0,0.0,0.0,0.0,0.0,0.0,0.0,0.0,0.0,0.0,nan,nan,nan,,nan,nan,nan,nan,nan,nan,nan,,,,nan,nan,nan,nan,nan,nan,nan,nan,nan,nan,nan,nan,,nan,nan,,,nan,nan,nan,nan,nan,nan,nan,nan,nan,nan,nan,nan,nan,nan,nan,nan,nan,nan,nan,nan,nan,nan,nan,nan,,nan,nan,nan,,nan,,,,
nan,nan,nan,nan,nan,nan,nan,nan,nan,nan,nan,nan,nan,nan,nan,nan,nan,0.0,0.0,0.0,0.0,0.0,0.0,0.0,0.0,0.0,0.0,0.0,0.0,0.0,0.0,0.0,0.0,0.0,nan,nan,nan,,nan,nan,nan,nan,nan,nan,nan,,,,nan,nan,nan,nan,nan,nan,nan,nan,nan,nan,nan,nan,,nan,nan,,,nan,nan,nan,nan,nan,nan,nan,nan,nan,nan,nan,nan,nan,nan,nan,nan,nan,nan,nan,nan,nan,nan,nan,nan,,nan,nan,nan,,nan,,,,
nan,nan,nan,nan,nan,nan,nan,nan,nan,nan,nan,nan,nan,nan,nan,nan,nan,0.0,0.0,0.0,0.0,0.0,0.0,0.0,0.0,0.0,0.0,0.0,0.0,0.0,0.0,0.0,0.0,0.0,nan,nan,nan,,nan,nan,nan,nan,nan,nan,nan,,,,nan,nan,nan,nan,nan,nan,nan,nan,nan,nan,nan,nan,,nan,nan,,,nan,nan,nan,nan,nan,nan,nan,nan,nan,nan,nan,nan,nan,nan,nan,nan,nan,nan,nan,nan,nan,nan,nan,nan,,nan,nan,nan,,nan,,,,
nan,nan,nan,nan,nan,nan,nan,nan,nan,nan,nan,nan,nan,nan,nan,nan,nan,0.0,0.0,0.0,0.0,0.0,0.0,0.0,0.0,0.0,0.0,0.0,0.0,0.0,0.0,0.0,0.0,0.0,nan,nan,nan,,nan,nan,nan,nan,nan,nan,nan,,,,nan,nan,nan,nan,nan,nan,nan,nan,nan,nan,nan,nan,,nan,nan,,,nan,nan,nan,nan,nan,nan,nan,nan,nan,nan,nan,nan,nan,nan,nan,nan,nan,nan,nan,nan,nan,nan,nan,nan,,nan,nan,nan,,nan,,,,
nan,nan,nan,nan,nan,nan,nan,nan,nan,nan,nan,nan,nan,nan,nan,nan,nan,0.0,0.0,0.0,0.0,0.0,0.0,0.0,0.0,0.0,0.0,0.0,0.0,0.0,0.0,0.0,0.0,0.0,nan,nan,nan,,nan,nan,nan,nan,nan,nan,nan,,,,nan,nan,nan,nan,nan,nan,nan,nan,nan,nan,nan,nan,,nan,nan,,,nan,nan,nan,nan,nan,nan,nan,nan,nan,nan,nan,nan,nan,nan,nan,nan,nan,nan,nan,nan,nan,nan,nan,nan,,nan,nan,nan,,nan,,,,
nan,nan,nan,nan,nan,nan,nan,nan,nan,nan,nan,nan,nan,nan,nan,nan,nan,0.0,0.0,0.0,0.0,0.0,0.0,0.0,0.0,0.0,0.0,0.0,0.0,0.0,0.0,0.0,0.0,0.0,nan,nan,nan,,nan,nan,nan,nan,nan,nan,nan,,,,nan,nan,nan,nan,nan,nan,nan,nan,nan,nan,nan,nan,,nan,nan,,,nan,nan,nan,nan,nan,nan,nan,nan,nan,nan,nan,nan,nan,nan,nan,nan,nan,nan,nan,nan,nan,nan,nan,nan,,nan,nan,nan,,nan,,,,
nan,nan,nan,nan,nan,nan,nan,nan,nan,nan,nan,nan,nan,nan,nan,nan,nan,0.0,0.0,0.0,0.0,0.0,0.0,0.0,0.0,0.0,0.0,0.0,0.0,0.0,0.0,0.0,0.0,0.0,nan,nan,nan,,nan,nan,nan,nan,nan,nan,nan,,,,nan,nan,nan,nan,nan,nan,nan,nan,nan,nan,nan,nan,,nan,nan,,,nan,nan,nan,nan,nan,nan,nan,nan,nan,nan,nan,nan,nan,nan,nan,nan,nan,nan,nan,nan,nan,nan,nan,nan,,nan,nan,nan,,nan,,,,
nan,nan,nan,nan,nan,nan,nan,nan,nan,nan,nan,nan,nan,nan,nan,nan,nan,0.0,0.0,0.0,0.0,0.0,0.0,0.0,0.0,0.0,0.0,0.0,0.0,0.0,0.0,0.0,0.0,0.0,nan,nan,nan,,nan,nan,nan,nan,nan,nan,nan,,,,nan,nan,nan,nan,nan,nan,nan,nan,nan,nan,nan,nan,,nan,nan,,,nan,nan,nan,nan,nan,nan,nan,nan,nan,nan,nan,nan,nan,nan,nan,nan,nan,nan,nan,nan,nan,nan,nan,nan,,nan,nan,nan,,nan,,,,
nan,nan,nan,nan,nan,nan,nan,nan,nan,nan,nan,nan,nan,nan,nan,nan,nan,0.0,0.0,0.0,0.0,0.0,0.0,0.0,0.0,0.0,0.0,0.0,0.0,0.0,0.0,0.0,0.0,0.0,nan,nan,nan,,nan,nan,nan,nan,nan,nan,nan,,,,nan,nan,nan,nan,nan,nan,nan,nan,nan,nan,nan,nan,,nan,nan,,,nan,nan,nan,nan,nan,nan,nan,nan,nan,nan,nan,nan,nan,nan,nan,nan,nan,nan,nan,nan,nan,nan,nan,nan,,nan,nan,nan,,nan,,,,
nan,nan,nan,nan,nan,nan,nan,nan,nan,nan,nan,nan,nan,nan,nan,nan,nan,0.0,0.0,0.0,0.0,0.0,0.0,0.0,0.0,0.0,0.0,0.0,0.0,0.0,0.0,0.0,0.0,0.0,nan,nan,nan,,nan,nan,nan,nan,nan,nan,nan,,,,nan,nan,nan,nan,nan,nan,nan,nan,nan,nan,nan,nan,,nan,nan,,,nan,nan,nan,nan,nan,nan,nan,nan,nan,nan,nan,nan,nan,nan,nan,nan,nan,nan,nan,nan,nan,nan,nan,nan,,nan,nan,nan,,nan,,,,
nan,nan,nan,nan,nan,nan,nan,nan,nan,nan,nan,nan,nan,nan,nan,nan,nan,0.0,0.0,0.0,0.0,0.0,0.0,0.0,0.0,0.0,0.0,0.0,0.0,0.0,0.0,0.0,0.0,0.0,nan,nan,nan,,nan,nan,nan,nan,nan,nan,nan,,,,nan,nan,nan,nan,nan,nan,nan,nan,nan,nan,nan,nan,,nan,nan,,,nan,nan,nan,nan,nan,nan,nan,nan,nan,nan,nan,nan,nan,nan,nan,nan,nan,nan,nan,nan,nan,nan,nan,nan,,nan,nan,nan,,nan,,,,
nan,nan,nan,nan,nan,nan,nan,nan,nan,nan,nan,nan,nan,nan,nan,nan,nan,0.0,0.0,0.0,0.0,0.0,0.0,0.0,0.0,0.0,0.0,0.0,0.0,0.0,0.0,0.0,0.0,0.0,nan,nan,nan,,nan,nan,nan,nan,nan,nan,nan,,,,nan,nan,nan,nan,nan,nan,nan,nan,nan,nan,nan,nan,,nan,nan,,,nan,nan,nan,nan,nan,nan,nan,nan,nan,nan,nan,nan,nan,nan,nan,nan,nan,nan,nan,nan,nan,nan,nan,nan,,nan,nan,nan,,nan,,,,
nan,nan,nan,nan,nan,nan,nan,nan,nan,nan,nan,nan,nan,nan,nan,nan,nan,0.0,0.0,0.0,0.0,0.0,0.0,0.0,0.0,0.0,0.0,0.0,0.0,0.0,0.0,0.0,0.0,0.0,nan,nan,nan,,nan,nan,nan,nan,nan,nan,nan,,,,nan,nan,nan,nan,nan,nan,nan,nan,nan,nan,nan,nan,,nan,nan,,,nan,nan,nan,nan,nan,nan,nan,nan,nan,nan,nan,nan,nan,nan,nan,nan,nan,nan,nan,nan,nan,nan,nan,nan,,nan,nan,nan,,nan,,,,
nan,nan,nan,nan,nan,nan,nan,nan,nan,nan,nan,nan,nan,nan,nan,nan,nan,0.0,0.0,0.0,0.0,0.0,0.0,0.0,0.0,1.0,0.0,0.0,0.0,0.0,0.0,0.0,0.0,1.0,nan,nan,nan,,nan,nan,nan,nan,nan,nan,nan,,,,nan,nan,nan,nan,nan,nan,nan,nan,nan,nan,nan,nan,,nan,nan,,,nan,nan,nan,nan,nan,nan,nan,nan,nan,nan,nan,nan,nan,nan,nan,nan,nan,nan,nan,nan,nan,nan,nan,nan,,nan,nan,nan,,nan,,,,
nan,nan,nan,nan,nan,nan,nan,nan,nan,nan,nan,nan,nan,nan,nan,nan,nan,0.0,0.0,0.0,0.0,0.0,0.0,0.0,0.0,0.0,0.0,0.0,0.0,0.0,0.0,0.0,0.0,0.0,nan,nan,nan,,nan,nan,nan,nan,nan,nan,nan,,,,nan,nan,nan,nan,nan,nan,nan,nan,nan,nan,nan,nan,,nan,nan,,,nan,nan,nan,nan,nan,nan,nan,nan,nan,nan,nan,nan,nan,nan,nan,nan,nan,nan,nan,nan,nan,nan,nan,nan,,nan,nan,nan,,nan,,,,
nan,nan,nan,nan,nan,nan,nan,nan,nan,nan,nan,nan,nan,nan,nan,nan,nan,0.0,0.0,0.0,0.0,0.0,0.0,0.0,0.0,0.0,0.0,0.0,0.0,0.0,0.0,0.0,0.0,0.0,nan,nan,nan,,nan,nan,nan,nan,nan,nan,nan,,,,nan,nan,nan,nan,nan,nan,nan,nan,nan,nan,nan,nan,,nan,nan,,,nan,nan,nan,nan,nan,nan,nan,nan,nan,nan,nan,nan,nan,nan,nan,nan,nan,nan,nan,nan,nan,nan,nan,nan,,nan,nan,nan,,nan,,,,
nan,nan,nan,nan,nan,nan,nan,nan,nan,nan,nan,nan,nan,nan,nan,nan,nan,0.0,0.0,0.0,0.0,0.0,0.0,0.0,0.0,0.0,0.0,0.0,0.0,0.0,0.0,0.0,0.0,0.0,nan,nan,nan,,nan,nan,nan,nan,nan,nan,nan,,,,nan,nan,nan,nan,nan,nan,nan,nan,nan,nan,nan,nan,,nan,nan,,,nan,nan,nan,nan,nan,nan,nan,nan,nan,nan,nan,nan,nan,nan,nan,nan,nan,nan,nan,nan,nan,nan,nan,nan,,nan,nan,nan,,nan,,,,
nan,nan,nan,nan,nan,nan,nan,nan,nan,nan,nan,nan,nan,nan,nan,nan,nan,0.0,0.0,0.0,0.0,0.0,0.0,0.0,0.0,0.0,0.0,0.0,0.0,0.0,0.0,0.0,0.0,0.0,nan,nan,nan,,nan,nan,nan,nan,nan,nan,nan,,,,nan,nan,nan,nan,nan,nan,nan,nan,nan,nan,nan,nan,,nan,nan,,,nan,nan,nan,nan,nan,nan,nan,nan,nan,nan,nan,nan,nan,nan,nan,nan,nan,nan,nan,nan,nan,nan,nan,nan,,nan,nan,nan,,nan,,,,
nan,nan,nan,nan,nan,nan,nan,nan,nan,nan,nan,nan,nan,nan,nan,nan,nan,0.0,0.0,0.0,0.0,0.0,0.0,0.0,0.0,0.0,0.0,0.0,0.0,0.0,0.0,0.0,0.0,0.0,nan,nan,nan,,nan,nan,nan,nan,nan,nan,nan,,,,nan,nan,nan,nan,nan,nan,nan,nan,nan,nan,nan,nan,,nan,nan,,,nan,nan,nan,nan,nan,nan,nan,nan,nan,nan,nan,nan,nan,nan,nan,nan,nan,nan,nan,nan,nan,nan,nan,nan,,nan,nan,nan,,nan,,,,
nan,nan,nan,nan,nan,nan,nan,nan,nan,nan,nan,nan,nan,nan,nan,nan,nan,0.0,0.0,0.0,0.0,0.0,0.0,0.0,0.0,0.0,0.0,0.0,0.0,0.0,0.0,0.0,0.0,0.0,nan,nan,nan,,nan,nan,nan,nan,nan,nan,nan,,,,nan,nan,nan,nan,nan,nan,nan,nan,nan,nan,nan,nan,,nan,nan,,,nan,nan,nan,nan,nan,nan,nan,nan,nan,nan,nan,nan,nan,nan,nan,nan,nan,nan,nan,nan,nan,nan,nan,nan,,nan,nan,nan,,nan,,,,
nan,nan,nan,nan,nan,nan,nan,nan,nan,nan,nan,nan,nan,nan,nan,nan,nan,0.0,0.0,0.0,0.0,0.0,0.0,0.0,0.0,0.0,0.0,0.0,0.0,0.0,0.0,0.0,0.0,0.0,nan,nan,nan,,nan,nan,nan,nan,nan,nan,nan,,,,nan,nan,nan,nan,nan,nan,nan,nan,nan,nan,nan,nan,,nan,nan,,,nan,nan,nan,nan,nan,nan,nan,nan,nan,nan,nan,nan,nan,nan,nan,nan,nan,nan,nan,nan,nan,nan,nan,nan,,nan,nan,nan,,nan,,,,
nan,nan,nan,nan,nan,nan,nan,nan,nan,nan,nan,nan,nan,nan,nan,nan,nan,0.0,0.0,0.0,0.0,0.0,0.0,0.0,0.0,1.0,0.0,0.0,0.0,0.0,0.0,0.0,0.0,1.0,nan,nan,nan,,nan,nan,nan,nan,nan,nan,nan,,,,nan,nan,nan,nan,nan,nan,nan,nan,nan,nan,nan,nan,,nan,nan,,,nan,nan,nan,nan,nan,nan,nan,nan,nan,nan,nan,nan,nan,nan,nan,nan,nan,nan,nan,nan,nan,nan,nan,nan,,nan,nan,nan,,nan,,,,
nan,nan,nan,nan,nan,nan,nan,nan,nan,nan,nan,nan,nan,nan,nan,nan,nan,0.0,0.0,0.0,0.0,0.0,0.0,0.0,0.0,0.0,0.0,0.0,0.0,0.0,0.0,0.0,0.0,0.0,nan,nan,nan,,nan,nan,nan,nan,nan,nan,nan,,,,nan,nan,nan,nan,nan,nan,nan,nan,nan,nan,nan,nan,,nan,nan,,,nan,nan,nan,nan,nan,nan,nan,nan,nan,nan,nan,nan,nan,nan,nan,nan,nan,nan,nan,nan,nan,nan,nan,nan,,nan,nan,nan,,nan,,,,
nan,nan,nan,nan,nan,nan,nan,nan,nan,nan,nan,nan,nan,nan,nan,nan,nan,0.0,0.0,0.0,0.0,0.0,0.0,0.0,0.0,0.0,0.0,0.0,0.0,0.0,0.0,0.0,0.0,0.0,nan,nan,nan,,nan,nan,nan,nan,nan,nan,nan,,,,nan,nan,nan,nan,nan,nan,nan,nan,nan,nan,nan,nan,,nan,nan,,,nan,nan,nan,nan,nan,nan,nan,nan,nan,nan,nan,nan,nan,nan,nan,nan,nan,nan,nan,nan,nan,nan,nan,nan,,nan,nan,nan,,nan,,,,
nan,nan,nan,nan,nan,nan,nan,nan,nan,nan,nan,nan,nan,nan,nan,nan,nan,0.0,0.0,0.0,0.0,0.0,0.0,0.0,0.0,0.0,0.0,0.0,0.0,0.0,0.0,0.0,0.0,0.0,nan,nan,nan,,nan,nan,nan,nan,nan,nan,nan,,,,nan,nan,nan,nan,nan,nan,nan,nan,nan,nan,nan,nan,,nan,nan,,,nan,nan,nan,nan,nan,nan,nan,nan,nan,nan,nan,nan,nan,nan,nan,nan,nan,nan,nan,nan,nan,nan,nan,nan,,nan,nan,nan,,nan,,,,
nan,nan,nan,nan,nan,nan,nan,nan,nan,nan,nan,nan,nan,nan,nan,nan,nan,0.0,0.0,0.0,0.0,0.0,0.0,0.0,0.0,0.0,0.0,0.0,0.0,0.0,0.0,0.0,0.0,0.0,nan,nan,nan,,nan,nan,nan,nan,nan,nan,nan,,,,nan,nan,nan,nan,nan,nan,nan,nan,nan,nan,nan,nan,,nan,nan,,,nan,nan,nan,nan,nan,nan,nan,nan,nan,nan,nan,nan,nan,nan,nan,nan,nan,nan,nan,nan,nan,nan,nan,nan,,nan,nan,nan,,nan,,,,
nan,nan,nan,nan,nan,nan,nan,nan,nan,nan,nan,nan,nan,nan,nan,nan,nan,0.0,0.0,0.0,0.0,0.0,0.0,0.0,0.0,0.0,0.0,0.0,0.0,0.0,0.0,0.0,0.0,0.0,nan,nan,nan,,nan,nan,nan,nan,nan,nan,nan,,,,nan,nan,nan,nan,nan,nan,nan,nan,nan,nan,nan,nan,,nan,nan,,,nan,nan,nan,nan,nan,nan,nan,nan,nan,nan,nan,nan,nan,nan,nan,nan,nan,nan,nan,nan,nan,nan,nan,nan,,nan,nan,nan,,nan,,,,
nan,nan,nan,nan,nan,nan,nan,nan,nan,nan,nan,nan,nan,nan,nan,nan,nan,0.0,0.0,0.0,0.0,0.0,0.0,0.0,0.0,0.0,0.0,0.0,0.0,0.0,0.0,0.0,0.0,0.0,nan,nan,nan,,nan,nan,nan,nan,nan,nan,nan,,,,nan,nan,nan,nan,nan,nan,nan,nan,nan,nan,nan,nan,,nan,nan,,,nan,nan,nan,nan,nan,nan,nan,nan,nan,nan,nan,nan,nan,nan,nan,nan,nan,nan,nan,nan,nan,nan,nan,nan,,nan,nan,nan,,nan,,,,
nan,nan,nan,nan,nan,nan,nan,nan,nan,nan,nan,nan,nan,nan,nan,nan,nan,0.0,0.0,0.0,0.0,0.0,0.0,0.0,0.0,0.0,0.0,0.0,0.0,0.0,0.0,0.0,0.0,0.0,nan,nan,nan,,nan,nan,nan,nan,nan,nan,nan,,,,nan,nan,nan,nan,nan,nan,nan,nan,nan,nan,nan,nan,,nan,nan,,,nan,nan,nan,nan,nan,nan,nan,nan,nan,nan,nan,nan,nan,nan,nan,nan,nan,nan,nan,nan,nan,nan,nan,nan,,nan,nan,nan,,nan,,,,
nan,nan,nan,nan,nan,nan,nan,nan,nan,nan,nan,nan,nan,nan,nan,nan,nan,0.0,0.0,0.0,0.0,0.0,0.0,0.0,0.0,0.0,0.0,0.0,0.0,0.0,0.0,0.0,0.0,0.0,nan,nan,nan,,nan,nan,nan,nan,nan,nan,nan,,,,nan,nan,nan,nan,nan,nan,nan,nan,nan,nan,nan,nan,,nan,nan,,,nan,nan,nan,nan,nan,nan,nan,nan,nan,nan,nan,nan,nan,nan,nan,nan,nan,nan,nan,nan,nan,nan,nan,nan,,nan,nan,nan,,nan,,,,
nan,nan,nan,nan,nan,nan,nan,nan,nan,nan,nan,nan,nan,nan,nan,nan,nan,0.0,0.0,0.0,0.0,0.0,0.0,0.0,0.0,0.0,0.0,0.0,0.0,0.0,0.0,0.0,0.0,0.0,nan,nan,nan,,nan,nan,nan,nan,nan,nan,nan,,,,nan,nan,nan,nan,nan,nan,nan,nan,nan,nan,nan,nan,,nan,nan,,,nan,nan,nan,nan,nan,nan,nan,nan,nan,nan,nan,nan,nan,nan,nan,nan,nan,nan,nan,nan,nan,nan,nan,nan,,nan,nan,nan,,nan,,,,
nan,nan,nan,nan,nan,nan,nan,nan,nan,nan,nan,nan,nan,nan,nan,nan,nan,0.0,0.0,0.0,0.0,0.0,0.0,0.0,0.0,0.0,0.0,0.0,0.0,0.0,0.0,0.0,0.0,0.0,nan,nan,nan,,nan,nan,nan,nan,nan,nan,nan,,,,nan,nan,nan,nan,nan,nan,nan,nan,nan,nan,nan,nan,,nan,nan,,,nan,nan,nan,nan,nan,nan,nan,nan,nan,nan,nan,nan,nan,nan,nan,nan,nan,nan,nan,nan,nan,nan,nan,nan,,nan,nan,nan,,nan,,,,
nan,nan,nan,nan,nan,nan,nan,nan,nan,nan,nan,nan,nan,nan,nan,nan,nan,0.0,0.0,0.0,0.0,0.0,0.0,0.0,0.0,0.0,0.0,0.0,0.0,0.0,0.0,0.0,0.0,0.0,nan,nan,nan,,nan,nan,nan,nan,nan,nan,nan,,,,nan,nan,nan,nan,nan,nan,nan,nan,nan,nan,nan,nan,,nan,nan,,,nan,nan,nan,nan,nan,nan,nan,nan,nan,nan,nan,nan,nan,nan,nan,nan,nan,nan,nan,nan,nan,nan,nan,nan,,nan,nan,nan,,nan,,,,
nan,nan,nan,nan,nan,nan,nan,nan,nan,nan,nan,nan,nan,nan,nan,nan,nan,0.0,0.0,0.0,0.0,0.0,0.0,0.0,0.0,0.0,0.0,0.0,0.0,0.0,0.0,0.0,0.0,0.0,nan,nan,nan,,nan,nan,nan,nan,nan,nan,nan,,,,nan,nan,nan,nan,nan,nan,nan,nan,nan,nan,nan,nan,,nan,nan,,,nan,nan,nan,nan,nan,nan,nan,nan,nan,nan,nan,nan,nan,nan,nan,nan,nan,nan,nan,nan,nan,nan,nan,nan,,nan,nan,nan,,nan,,,,
nan,nan,nan,nan,nan,nan,nan,nan,nan,nan,nan,nan,nan,nan,nan,nan,nan,0.0,0.0,0.0,0.0,0.0,0.0,0.0,0.0,0.0,0.0,0.0,0.0,0.0,0.0,0.0,0.0,0.0,nan,nan,nan,,nan,nan,nan,nan,nan,nan,nan,,,,nan,nan,nan,nan,nan,nan,nan,nan,nan,nan,nan,nan,,nan,nan,,,nan,nan,nan,nan,nan,nan,nan,nan,nan,nan,nan,nan,nan,nan,nan,nan,nan,nan,nan,nan,nan,nan,nan,nan,,nan,nan,nan,,nan,,,,
nan,nan,nan,nan,nan,nan,nan,nan,nan,nan,nan,nan,nan,nan,nan,nan,nan,0.0,0.0,0.0,0.0,0.0,0.0,0.0,0.0,0.0,0.0,0.0,0.0,0.0,0.0,0.0,0.0,0.0,nan,nan,nan,,nan,nan,nan,nan,nan,nan,nan,,,,nan,nan,nan,nan,nan,nan,nan,nan,nan,nan,nan,nan,,nan,nan,,,nan,nan,nan,nan,nan,nan,nan,nan,nan,nan,nan,nan,nan,nan,nan,nan,nan,nan,nan,nan,nan,nan,nan,nan,,nan,nan,nan,,nan,,,,
nan,nan,nan,nan,nan,nan,nan,nan,nan,nan,nan,nan,nan,nan,nan,nan,nan,0.0,0.0,0.0,0.0,0.0,0.0,0.0,0.0,0.0,0.0,0.0,0.0,0.0,0.0,0.0,0.0,0.0,nan,nan,nan,,nan,nan,nan,nan,nan,nan,nan,,,,nan,nan,nan,nan,nan,nan,nan,nan,nan,nan,nan,nan,,nan,nan,,,nan,nan,nan,nan,nan,nan,nan,nan,nan,nan,nan,nan,nan,nan,nan,nan,nan,nan,nan,nan,nan,nan,nan,nan,,nan,nan,nan,,nan,,,,
nan,nan,nan,nan,nan,nan,nan,nan,nan,nan,nan,nan,nan,nan,nan,nan,nan,0.0,0.0,0.0,0.0,0.0,0.0,0.0,0.0,0.0,0.0,0.0,0.0,0.0,0.0,0.0,0.0,0.0,nan,nan,nan,,nan,nan,nan,nan,nan,nan,nan,,,,nan,nan,nan,nan,nan,nan,nan,nan,nan,nan,nan,nan,,nan,nan,,,nan,nan,nan,nan,nan,nan,nan,nan,nan,nan,nan,nan,nan,nan,nan,nan,nan,nan,nan,nan,nan,nan,nan,nan,,nan,nan,nan,,nan,,,,
nan,nan,nan,nan,nan,nan,nan,nan,nan,nan,nan,nan,nan,nan,nan,nan,nan,0.0,0.0,0.0,0.0,0.0,0.0,0.0,0.0,0.0,0.0,0.0,0.0,0.0,0.0,0.0,0.0,0.0,nan,nan,nan,,nan,nan,nan,nan,nan,nan,nan,,,,nan,nan,nan,nan,nan,nan,nan,nan,nan,nan,nan,nan,,nan,nan,,,nan,nan,nan,nan,nan,nan,nan,nan,nan,nan,nan,nan,nan,nan,nan,nan,nan,nan,nan,nan,nan,nan,nan,nan,,nan,nan,nan,,nan,,,,
nan,nan,nan,nan,nan,nan,nan,nan,nan,nan,nan,nan,nan,nan,nan,nan,nan,0.0,0.0,0.0,0.0,0.0,0.0,0.0,0.0,0.0,0.0,0.0,0.0,0.0,0.0,0.0,0.0,0.0,nan,nan,nan,,nan,nan,nan,nan,nan,nan,nan,,,,nan,nan,nan,nan,nan,nan,nan,nan,nan,nan,nan,nan,,nan,nan,,,nan,nan,nan,nan,nan,nan,nan,nan,nan,nan,nan,nan,nan,nan,nan,nan,nan,nan,nan,nan,nan,nan,nan,nan,,nan,nan,nan,,nan,,,,
nan,nan,nan,nan,nan,nan,nan,nan,nan,nan,nan,nan,nan,nan,nan,nan,nan,0.0,0.0,0.0,0.0,0.0,0.0,0.0,0.0,0.0,0.0,0.0,0.0,0.0,0.0,0.0,0.0,0.0,nan,nan,nan,,nan,nan,nan,nan,nan,nan,nan,,,,nan,nan,nan,nan,nan,nan,nan,nan,nan,nan,nan,nan,,nan,nan,,,nan,nan,nan,nan,nan,nan,nan,nan,nan,nan,nan,nan,nan,nan,nan,nan,nan,nan,nan,nan,nan,nan,nan,nan,,nan,nan,nan,,nan,,,,
nan,nan,nan,nan,nan,nan,nan,nan,nan,nan,nan,nan,nan,nan,nan,nan,nan,0.0,0.0,0.0,0.0,0.0,0.0,0.0,0.0,0.0,0.0,0.0,0.0,0.0,0.0,0.0,0.0,0.0,nan,nan,nan,,nan,nan,nan,nan,nan,nan,nan,,,,nan,nan,nan,nan,nan,nan,nan,nan,nan,nan,nan,nan,,nan,nan,,,nan,nan,nan,nan,nan,nan,nan,nan,nan,nan,nan,nan,nan,nan,nan,nan,nan,nan,nan,nan,nan,nan,nan,nan,,nan,nan,nan,,nan,,,,
nan,nan,nan,nan,nan,nan,nan,nan,nan,nan,nan,nan,nan,nan,nan,nan,nan,0.0,0.0,0.0,0.0,0.0,0.0,0.0,0.0,0.0,0.0,0.0,0.0,0.0,0.0,0.0,0.0,0.0,nan,nan,nan,,nan,nan,nan,nan,nan,nan,nan,,,,nan,nan,nan,nan,nan,nan,nan,nan,nan,nan,nan,nan,,nan,nan,,,nan,nan,nan,nan,nan,nan,nan,nan,nan,nan,nan,nan,nan,nan,nan,nan,nan,nan,nan,nan,nan,nan,nan,nan,,nan,nan,nan,,nan,,,,
nan,nan,nan,nan,nan,nan,nan,nan,nan,nan,nan,nan,nan,nan,nan,nan,nan,0.0,0.0,0.0,0.0,0.0,0.0,0.0,0.0,1.0,0.0,0.0,0.0,0.0,0.0,0.0,0.0,1.0,nan,nan,nan,,nan,nan,nan,nan,nan,nan,nan,,,,nan,nan,nan,nan,nan,nan,nan,nan,nan,nan,nan,nan,,nan,nan,,,nan,nan,nan,nan,nan,nan,nan,nan,nan,nan,nan,nan,nan,nan,nan,nan,nan,nan,nan,nan,nan,nan,nan,nan,,nan,nan,nan,,nan,,,,
nan,nan,nan,nan,nan,nan,nan,nan,nan,nan,nan,nan,nan,nan,nan,nan,nan,0.0,0.0,0.0,0.0,0.0,0.0,0.0,0.0,0.0,0.0,0.0,0.0,0.0,0.0,0.0,0.0,0.0,nan,nan,nan,,nan,nan,nan,nan,nan,nan,nan,,,,nan,nan,nan,nan,nan,nan,nan,nan,nan,nan,nan,nan,,nan,nan,,,nan,nan,nan,nan,nan,nan,nan,nan,nan,nan,nan,nan,nan,nan,nan,nan,nan,nan,nan,nan,nan,nan,nan,nan,,nan,nan,nan,,nan,,,,
nan,nan,nan,nan,nan,nan,nan,nan,nan,nan,nan,nan,nan,nan,nan,nan,nan,0.0,0.0,0.0,0.0,0.0,0.0,0.0,0.0,0.0,0.0,0.0,0.0,0.0,0.0,0.0,0.0,0.0,nan,nan,nan,,nan,nan,nan,nan,nan,nan,nan,,,,nan,nan,nan,nan,nan,nan,nan,nan,nan,nan,nan,nan,,nan,nan,,,nan,nan,nan,nan,nan,nan,nan,nan,nan,nan,nan,nan,nan,nan,nan,nan,nan,nan,nan,nan,nan,nan,nan,nan,,nan,nan,nan,,nan,,,,
nan,nan,nan,nan,nan,nan,nan,nan,nan,nan,nan,nan,nan,nan,nan,nan,nan,0.0,0.0,0.0,0.0,0.0,0.0,0.0,0.0,1.0,0.0,0.0,0.0,0.0,0.0,0.0,0.0,1.0,nan,nan,nan,,nan,nan,nan,nan,nan,nan,nan,,,,nan,nan,nan,nan,nan,nan,nan,nan,nan,nan,nan,nan,,nan,nan,,,nan,nan,nan,nan,nan,nan,nan,nan,nan,nan,nan,nan,nan,nan,nan,nan,nan,nan,nan,nan,nan,nan,nan,nan,,nan,nan,nan,,nan,,,,
nan,nan,nan,nan,nan,nan,nan,nan,nan,nan,nan,nan,nan,nan,nan,nan,nan,0.0,0.0,0.0,0.0,0.0,0.0,0.0,0.0,0.0,0.0,0.0,0.0,0.0,0.0,0.0,0.0,0.0,nan,nan,nan,,nan,nan,nan,nan,nan,nan,nan,,,,nan,nan,nan,nan,nan,nan,nan,nan,nan,nan,nan,nan,,nan,nan,,,nan,nan,nan,nan,nan,nan,nan,nan,nan,nan,nan,nan,nan,nan,nan,nan,nan,nan,nan,nan,nan,nan,nan,nan,,nan,nan,nan,,nan,,,,
nan,nan,nan,nan,nan,nan,nan,nan,nan,nan,nan,nan,nan,nan,nan,nan,nan,0.0,0.0,0.0,0.0,0.0,0.0,0.0,0.0,0.0,0.0,0.0,0.0,0.0,0.0,0.0,0.0,0.0,nan,nan,nan,,nan,nan,nan,nan,nan,nan,nan,,,,nan,nan,nan,nan,nan,nan,nan,nan,nan,nan,nan,nan,,nan,nan,,,nan,nan,nan,nan,nan,nan,nan,nan,nan,nan,nan,nan,nan,nan,nan,nan,nan,nan,nan,nan,nan,nan,nan,nan,,nan,nan,nan,,nan,,,,
nan,nan,nan,nan,nan,nan,nan,nan,nan,nan,nan,nan,nan,nan,nan,nan,nan,0.0,0.0,0.0,0.0,0.0,0.0,0.0,0.0,1.0,0.0,0.0,0.0,0.0,0.0,0.0,0.0,1.0,nan,nan,nan,,nan,nan,nan,nan,nan,nan,nan,,,,nan,nan,nan,nan,nan,nan,nan,nan,nan,nan,nan,nan,,nan,nan,,,nan,nan,nan,nan,nan,nan,nan,nan,nan,nan,nan,nan,nan,nan,nan,nan,nan,nan,nan,nan,nan,nan,nan,nan,,nan,nan,nan,,nan,,,,
nan,nan,nan,nan,nan,nan,nan,nan,nan,nan,nan,nan,nan,nan,nan,nan,nan,0.0,0.0,0.0,0.0,0.0,0.0,0.0,0.0,1.0,0.0,0.0,0.0,0.0,0.0,0.0,0.0,1.0,nan,nan,nan,,nan,nan,nan,nan,nan,nan,nan,,,,nan,nan,nan,nan,nan,nan,nan,nan,nan,nan,nan,nan,,nan,nan,,,nan,nan,nan,nan,nan,nan,nan,nan,nan,nan,nan,nan,nan,nan,nan,nan,nan,nan,nan,nan,nan,nan,nan,nan,,nan,nan,nan,,nan,,,,
nan,nan,nan,nan,nan,nan,nan,nan,nan,nan,nan,nan,nan,nan,nan,nan,nan,0.0,0.0,0.0,0.0,0.0,0.0,0.0,0.0,0.0,0.0,0.0,0.0,0.0,0.0,0.0,0.0,0.0,nan,nan,nan,,nan,nan,nan,nan,nan,nan,nan,,,,nan,nan,nan,nan,nan,nan,nan,nan,nan,nan,nan,nan,,nan,nan,,,nan,nan,nan,nan,nan,nan,nan,nan,nan,nan,nan,nan,nan,nan,nan,nan,nan,nan,nan,nan,nan,nan,nan,nan,,nan,nan,nan,,nan,,,,
nan,nan,nan,nan,nan,nan,nan,nan,nan,nan,nan,nan,nan,nan,nan,nan,nan,0.0,0.0,0.0,0.0,0.0,0.0,0.0,0.0,0.0,0.0,0.0,0.0,0.0,0.0,0.0,0.0,0.0,nan,nan,nan,,nan,nan,nan,nan,nan,nan,nan,,,,nan,nan,nan,nan,nan,nan,nan,nan,nan,nan,nan,nan,,nan,nan,,,nan,nan,nan,nan,nan,nan,nan,nan,nan,nan,nan,nan,nan,nan,nan,nan,nan,nan,nan,nan,nan,nan,nan,nan,,nan,nan,nan,,nan,,,,
nan,nan,nan,nan,nan,nan,nan,nan,nan,nan,nan,nan,nan,nan,nan,nan,nan,0.0,0.0,0.0,0.0,0.0,0.0,0.0,0.0,0.0,0.0,0.0,0.0,0.0,0.0,0.0,0.0,0.0,nan,nan,nan,,nan,nan,nan,nan,nan,nan,nan,,,,nan,nan,nan,nan,nan,nan,nan,nan,nan,nan,nan,nan,,nan,nan,,,nan,nan,nan,nan,nan,nan,nan,nan,nan,nan,nan,nan,nan,nan,nan,nan,nan,nan,nan,nan,nan,nan,nan,nan,,nan,nan,nan,,nan,,,,
nan,nan,nan,nan,nan,nan,nan,nan,nan,nan,nan,nan,nan,nan,nan,nan,nan,0.0,0.0,0.0,0.0,0.0,0.0,0.0,0.0,1.0,0.0,0.0,0.0,0.0,0.0,0.0,0.0,1.0,nan,nan,nan,,nan,nan,nan,nan,nan,nan,nan,,,,nan,nan,nan,nan,nan,nan,nan,nan,nan,nan,nan,nan,,nan,nan,,,nan,nan,nan,nan,nan,nan,nan,nan,nan,nan,nan,nan,nan,nan,nan,nan,nan,nan,nan,nan,nan,nan,nan,nan,,nan,nan,nan,,nan,,,,
nan,nan,nan,nan,nan,nan,nan,nan,nan,nan,nan,nan,nan,nan,nan,nan,nan,0.0,0.0,0.0,0.0,0.0,0.0,0.0,0.0,0.0,0.0,0.0,0.0,0.0,0.0,0.0,0.0,0.0,nan,nan,nan,,nan,nan,nan,nan,nan,nan,nan,,,,nan,nan,nan,nan,nan,nan,nan,nan,nan,nan,nan,nan,,nan,nan,,,nan,nan,nan,nan,nan,nan,nan,nan,nan,nan,nan,nan,nan,nan,nan,nan,nan,nan,nan,nan,nan,nan,nan,nan,,nan,nan,nan,,nan,,,,
nan,nan,nan,nan,nan,nan,nan,nan,nan,nan,nan,nan,nan,nan,nan,nan,nan,0.0,0.0,0.0,0.0,0.0,0.0,0.0,0.0,0.0,0.0,0.0,0.0,0.0,0.0,0.0,0.0,0.0,nan,nan,nan,,nan,nan,nan,nan,nan,nan,nan,,,,nan,nan,nan,nan,nan,nan,nan,nan,nan,nan,nan,nan,,nan,nan,,,nan,nan,nan,nan,nan,nan,nan,nan,nan,nan,nan,nan,nan,nan,nan,nan,nan,nan,nan,nan,nan,nan,nan,nan,,nan,nan,nan,,nan,,,,
nan,nan,nan,nan,nan,nan,nan,nan,nan,nan,nan,nan,nan,nan,nan,nan,nan,0.0,0.0,0.0,0.0,0.0,0.0,0.0,0.0,0.0,0.0,0.0,0.0,0.0,0.0,0.0,0.0,0.0,nan,nan,nan,,nan,nan,nan,nan,nan,nan,nan,,,,nan,nan,nan,nan,nan,nan,nan,nan,nan,nan,nan,nan,,nan,nan,,,nan,nan,nan,nan,nan,nan,nan,nan,nan,nan,nan,nan,nan,nan,nan,nan,nan,nan,nan,nan,nan,nan,nan,nan,,nan,nan,nan,,nan,,,,
nan,nan,nan,nan,nan,nan,nan,nan,nan,nan,nan,nan,nan,nan,nan,nan,nan,0.0,0.0,0.0,0.0,0.0,0.0,0.0,0.0,0.0,0.0,0.0,0.0,0.0,0.0,0.0,0.0,0.0,nan,nan,nan,,nan,nan,nan,nan,nan,nan,nan,,,,nan,nan,nan,nan,nan,nan,nan,nan,nan,nan,nan,nan,,nan,nan,,,nan,nan,nan,nan,nan,nan,nan,nan,nan,nan,nan,nan,nan,nan,nan,nan,nan,nan,nan,nan,nan,nan,nan,nan,,nan,nan,nan,,nan,,,,
nan,nan,nan,nan,nan,nan,nan,nan,nan,nan,nan,nan,nan,nan,nan,nan,nan,0.0,0.0,0.0,0.0,0.0,0.0,0.0,0.0,0.0,0.0,0.0,0.0,0.0,0.0,0.0,0.0,0.0,nan,nan,nan,,nan,nan,nan,nan,nan,nan,nan,,,,nan,nan,nan,nan,nan,nan,nan,nan,nan,nan,nan,nan,,nan,nan,,,nan,nan,nan,nan,nan,nan,nan,nan,nan,nan,nan,nan,nan,nan,nan,nan,nan,nan,nan,nan,nan,nan,nan,nan,,nan,nan,nan,,nan,,,,
nan,nan,nan,nan,nan,nan,nan,nan,nan,nan,nan,nan,nan,nan,nan,nan,nan,0.0,0.0,0.0,0.0,0.0,0.0,0.0,0.0,0.0,0.0,0.0,0.0,0.0,0.0,0.0,0.0,0.0,nan,nan,nan,,nan,nan,nan,nan,nan,nan,nan,,,,nan,nan,nan,nan,nan,nan,nan,nan,nan,nan,nan,nan,,nan,nan,,,nan,nan,nan,nan,nan,nan,nan,nan,nan,nan,nan,nan,nan,nan,nan,nan,nan,nan,nan,nan,nan,nan,nan,nan,,nan,nan,nan,,nan,,,,
nan,nan,nan,nan,nan,nan,nan,nan,nan,nan,nan,nan,nan,nan,nan,nan,nan,0.0,0.0,0.0,0.0,0.0,0.0,0.0,0.0,0.0,0.0,0.0,0.0,0.0,0.0,0.0,0.0,0.0,nan,nan,nan,,nan,nan,nan,nan,nan,nan,nan,,,,nan,nan,nan,nan,nan,nan,nan,nan,nan,nan,nan,nan,,nan,nan,,,nan,nan,nan,nan,nan,nan,nan,nan,nan,nan,nan,nan,nan,nan,nan,nan,nan,nan,nan,nan,nan,nan,nan,nan,,nan,nan,nan,,nan,,,,
nan,nan,nan,nan,nan,nan,nan,nan,nan,nan,nan,nan,nan,nan,nan,nan,nan,0.0,0.0,0.0,0.0,0.0,0.0,0.0,0.0,0.0,0.0,0.0,0.0,0.0,0.0,0.0,0.0,0.0,nan,nan,nan,,nan,nan,nan,nan,nan,nan,nan,,,,nan,nan,nan,nan,nan,nan,nan,nan,nan,nan,nan,nan,,nan,nan,,,nan,nan,nan,nan,nan,nan,nan,nan,nan,nan,nan,nan,nan,nan,nan,nan,nan,nan,nan,nan,nan,nan,nan,nan,,nan,nan,nan,,nan,,,,
nan,nan,nan,nan,nan,nan,nan,nan,nan,nan,nan,nan,nan,nan,nan,nan,nan,0.0,0.0,0.0,0.0,0.0,0.0,0.0,0.0,0.0,0.0,0.0,0.0,0.0,0.0,0.0,0.0,0.0,nan,nan,nan,,nan,nan,nan,nan,nan,nan,nan,,,,nan,nan,nan,nan,nan,nan,nan,nan,nan,nan,nan,nan,,nan,nan,,,nan,nan,nan,nan,nan,nan,nan,nan,nan,nan,nan,nan,nan,nan,nan,nan,nan,nan,nan,nan,nan,nan,nan,nan,,nan,nan,nan,,nan,,,,
nan,nan,nan,nan,nan,nan,nan,nan,nan,nan,nan,nan,nan,nan,nan,nan,nan,0.0,0.0,0.0,0.0,0.0,0.0,0.0,0.0,0.0,0.0,0.0,0.0,0.0,0.0,0.0,0.0,0.0,nan,nan,nan,,nan,nan,nan,nan,nan,nan,nan,,,,nan,nan,nan,nan,nan,nan,nan,nan,nan,nan,nan,nan,,nan,nan,,,nan,nan,nan,nan,nan,nan,nan,nan,nan,nan,nan,nan,nan,nan,nan,nan,nan,nan,nan,nan,nan,nan,nan,nan,,nan,nan,nan,,nan,,,,
nan,nan,nan,nan,nan,nan,nan,nan,nan,nan,nan,nan,nan,nan,nan,nan,nan,0.0,0.0,0.0,0.0,0.0,0.0,0.0,0.0,0.0,0.0,0.0,0.0,0.0,0.0,0.0,0.0,0.0,nan,nan,nan,,nan,nan,nan,nan,nan,nan,nan,,,,nan,nan,nan,nan,nan,nan,nan,nan,nan,nan,nan,nan,,nan,nan,,,nan,nan,nan,nan,nan,nan,nan,nan,nan,nan,nan,nan,nan,nan,nan,nan,nan,nan,nan,nan,nan,nan,nan,nan,,nan,nan,nan,,nan,,,,
nan,nan,nan,nan,nan,nan,nan,nan,nan,nan,nan,nan,nan,nan,nan,nan,nan,0.0,0.0,0.0,0.0,0.0,0.0,0.0,0.0,0.0,0.0,0.0,0.0,0.0,0.0,0.0,0.0,0.0,nan,nan,nan,,nan,nan,nan,nan,nan,nan,nan,,,,nan,nan,nan,nan,nan,nan,nan,nan,nan,nan,nan,nan,,nan,nan,,,nan,nan,nan,nan,nan,nan,nan,nan,nan,nan,nan,nan,nan,nan,nan,nan,nan,nan,nan,nan,nan,nan,nan,nan,,nan,nan,nan,,nan,,,,
nan,nan,nan,nan,nan,nan,nan,nan,nan,nan,nan,nan,nan,nan,nan,nan,nan,0.0,0.0,0.0,0.0,0.0,0.0,0.0,0.0,0.0,0.0,0.0,0.0,0.0,0.0,0.0,0.0,0.0,nan,nan,nan,,nan,nan,nan,nan,nan,nan,nan,,,,nan,nan,nan,nan,nan,nan,nan,nan,nan,nan,nan,nan,,nan,nan,,,nan,nan,nan,nan,nan,nan,nan,nan,nan,nan,nan,nan,nan,nan,nan,nan,nan,nan,nan,nan,nan,nan,nan,nan,,nan,nan,nan,,nan,,,,
nan,nan,nan,nan,nan,nan,nan,nan,nan,nan,nan,nan,nan,nan,nan,nan,nan,0.0,0.0,0.0,0.0,0.0,0.0,0.0,0.0,0.0,0.0,0.0,0.0,0.0,0.0,0.0,0.0,0.0,nan,nan,nan,,nan,nan,nan,nan,nan,nan,nan,,,,nan,nan,nan,nan,nan,nan,nan,nan,nan,nan,nan,nan,,nan,nan,,,nan,nan,nan,nan,nan,nan,nan,nan,nan,nan,nan,nan,nan,nan,nan,nan,nan,nan,nan,nan,nan,nan,nan,nan,,nan,nan,nan,,nan,,,,
nan,nan,nan,nan,nan,nan,nan,nan,nan,nan,nan,nan,nan,nan,nan,nan,nan,0.0,0.0,0.0,0.0,0.0,0.0,0.0,0.0,0.0,0.0,0.0,0.0,0.0,0.0,0.0,0.0,0.0,nan,nan,nan,,nan,nan,nan,nan,nan,nan,nan,,,,nan,nan,nan,nan,nan,nan,nan,nan,nan,nan,nan,nan,,nan,nan,,,nan,nan,nan,nan,nan,nan,nan,nan,nan,nan,nan,nan,nan,nan,nan,nan,nan,nan,nan,nan,nan,nan,nan,nan,,nan,nan,nan,,nan,,,,
nan,nan,nan,nan,nan,nan,nan,nan,nan,nan,nan,nan,nan,nan,nan,nan,nan,0.0,0.0,0.0,0.0,0.0,0.0,0.0,0.0,0.0,0.0,0.0,0.0,0.0,0.0,0.0,0.0,0.0,nan,nan,nan,,nan,nan,nan,nan,nan,nan,nan,,,,nan,nan,nan,nan,nan,nan,nan,nan,nan,nan,nan,nan,,nan,nan,,,nan,nan,nan,nan,nan,nan,nan,nan,nan,nan,nan,nan,nan,nan,nan,nan,nan,nan,nan,nan,nan,nan,nan,nan,,nan,nan,nan,,nan,,,,
nan,nan,nan,nan,nan,nan,nan,nan,nan,nan,nan,nan,nan,nan,nan,nan,nan,0.0,0.0,0.0,0.0,0.0,0.0,0.0,0.0,0.0,0.0,0.0,0.0,0.0,0.0,0.0,0.0,0.0,nan,nan,nan,,nan,nan,nan,nan,nan,nan,nan,,,,nan,nan,nan,nan,nan,nan,nan,nan,nan,nan,nan,nan,,nan,nan,,,nan,nan,nan,nan,nan,nan,nan,nan,nan,nan,nan,nan,nan,nan,nan,nan,nan,nan,nan,nan,nan,nan,nan,nan,,nan,nan,nan,,nan,,,,
nan,nan,nan,nan,nan,nan,nan,nan,nan,nan,nan,nan,nan,nan,nan,nan,nan,0.0,0.0,0.0,0.0,0.0,0.0,0.0,0.0,2.0,0.0,0.0,0.0,0.0,0.0,0.0,0.0,2.0,nan,nan,nan,,nan,nan,nan,nan,nan,nan,nan,,,,nan,nan,nan,nan,nan,nan,nan,nan,nan,nan,nan,nan,,nan,nan,,,nan,nan,nan,nan,nan,nan,nan,nan,nan,nan,nan,nan,nan,nan,nan,nan,nan,nan,nan,nan,nan,nan,nan,nan,,nan,nan,nan,,nan,,,,
nan,nan,nan,nan,nan,nan,nan,nan,nan,nan,nan,nan,nan,nan,nan,nan,nan,0.0,0.0,0.0,0.0,0.0,0.0,0.0,0.0,1.0,0.0,0.0,0.0,0.0,0.0,0.0,0.0,1.0,nan,nan,nan,,nan,nan,nan,nan,nan,nan,nan,,,,nan,nan,nan,nan,nan,nan,nan,nan,nan,nan,nan,nan,,nan,nan,,,nan,nan,nan,nan,nan,nan,nan,nan,nan,nan,nan,nan,nan,nan,nan,nan,nan,nan,nan,nan,nan,nan,nan,nan,,nan,nan,nan,,nan,,,,
nan,nan,nan,nan,nan,nan,nan,nan,nan,nan,nan,nan,nan,nan,nan,nan,nan,0.0,0.0,0.0,0.0,0.0,0.0,0.0,0.0,0.0,0.0,0.0,0.0,0.0,0.0,0.0,0.0,0.0,nan,nan,nan,,nan,nan,nan,nan,nan,nan,nan,,,,nan,nan,nan,nan,nan,nan,nan,nan,nan,nan,nan,nan,,nan,nan,,,nan,nan,nan,nan,nan,nan,nan,nan,nan,nan,nan,nan,nan,nan,nan,nan,nan,nan,nan,nan,nan,nan,nan,nan,,nan,nan,nan,,nan,,,,
nan,nan,nan,nan,nan,nan,nan,nan,nan,nan,nan,nan,nan,nan,nan,nan,nan,0.0,0.0,0.0,0.0,0.0,0.0,0.0,0.0,0.0,0.0,0.0,0.0,0.0,0.0,0.0,0.0,0.0,nan,nan,nan,,nan,nan,nan,nan,nan,nan,nan,,,,nan,nan,nan,nan,nan,nan,nan,nan,nan,nan,nan,nan,,nan,nan,,,nan,nan,nan,nan,nan,nan,nan,nan,nan,nan,nan,nan,nan,nan,nan,nan,nan,nan,nan,nan,nan,nan,nan,nan,,nan,nan,nan,,nan,,,,
nan,nan,nan,nan,nan,nan,nan,nan,nan,nan,nan,nan,nan,nan,nan,nan,nan,0.0,0.0,0.0,0.0,0.0,0.0,0.0,0.0,0.0,0.0,0.0,0.0,0.0,0.0,0.0,0.0,0.0,nan,nan,nan,,nan,nan,nan,nan,nan,nan,nan,,,,nan,nan,nan,nan,nan,nan,nan,nan,nan,nan,nan,nan,,nan,nan,,,nan,nan,nan,nan,nan,nan,nan,nan,nan,nan,nan,nan,nan,nan,nan,nan,nan,nan,nan,nan,nan,nan,nan,nan,,nan,nan,nan,,nan,,,,
nan,nan,nan,nan,nan,nan,nan,nan,nan,nan,nan,nan,nan,nan,nan,nan,nan,0.0,0.0,0.0,0.0,0.0,0.0,0.0,0.0,2.0,0.0,0.0,0.0,0.0,0.0,0.0,0.0,2.0,nan,nan,nan,,nan,nan,nan,nan,nan,nan,nan,,,,nan,nan,nan,nan,nan,nan,nan,nan,nan,nan,nan,nan,,nan,nan,,,nan,nan,nan,nan,nan,nan,nan,nan,nan,nan,nan,nan,nan,nan,nan,nan,nan,nan,nan,nan,nan,nan,nan,nan,,nan,nan,nan,,nan,,,,
nan,nan,nan,nan,nan,nan,nan,nan,nan,nan,nan,nan,nan,nan,nan,nan,nan,0.0,0.0,0.0,0.0,0.0,0.0,0.0,0.0,0.0,0.0,0.0,0.0,0.0,0.0,0.0,0.0,0.0,nan,nan,nan,,nan,nan,nan,nan,nan,nan,nan,,,,nan,nan,nan,nan,nan,nan,nan,nan,nan,nan,nan,nan,,nan,nan,,,nan,nan,nan,nan,nan,nan,nan,nan,nan,nan,nan,nan,nan,nan,nan,nan,nan,nan,nan,nan,nan,nan,nan,nan,,nan,nan,nan,,nan,,,,
nan,nan,nan,nan,nan,nan,nan,nan,nan,nan,nan,nan,nan,nan,nan,nan,nan,0.0,0.0,0.0,0.0,0.0,0.0,0.0,0.0,0.0,0.0,0.0,0.0,0.0,0.0,0.0,0.0,0.0,nan,nan,nan,,nan,nan,nan,nan,nan,nan,nan,,,,nan,nan,nan,nan,nan,nan,nan,nan,nan,nan,nan,nan,,nan,nan,,,nan,nan,nan,nan,nan,nan,nan,nan,nan,nan,nan,nan,nan,nan,nan,nan,nan,nan,nan,nan,nan,nan,nan,nan,,nan,nan,nan,,nan,,,,
nan,nan,nan,nan,nan,nan,nan,nan,nan,nan,nan,nan,nan,nan,nan,nan,nan,0.0,0.0,0.0,0.0,0.0,0.0,0.0,0.0,0.0,0.0,0.0,0.0,0.0,0.0,0.0,0.0,0.0,nan,nan,nan,,nan,nan,nan,nan,nan,nan,nan,,,,nan,nan,nan,nan,nan,nan,nan,nan,nan,nan,nan,nan,,nan,nan,,,nan,nan,nan,nan,nan,nan,nan,nan,nan,nan,nan,nan,nan,nan,nan,nan,nan,nan,nan,nan,nan,nan,nan,nan,,nan,nan,nan,,nan,,,,
nan,nan,nan,nan,nan,nan,nan,nan,nan,nan,nan,nan,nan,nan,nan,nan,nan,0.0,0.0,0.0,0.0,0.0,0.0,0.0,0.0,0.0,0.0,0.0,0.0,0.0,0.0,0.0,0.0,0.0,nan,nan,nan,,nan,nan,nan,nan,nan,nan,nan,,,,nan,nan,nan,nan,nan,nan,nan,nan,nan,nan,nan,nan,,nan,nan,,,nan,nan,nan,nan,nan,nan,nan,nan,nan,nan,nan,nan,nan,nan,nan,nan,nan,nan,nan,nan,nan,nan,nan,nan,,nan,nan,nan,,nan,,,,
nan,nan,nan,nan,nan,nan,nan,nan,nan,nan,nan,nan,nan,nan,nan,nan,nan,0.0,0.0,0.0,0.0,0.0,0.0,0.0,0.0,0.0,0.0,0.0,0.0,0.0,0.0,0.0,0.0,0.0,nan,nan,nan,,nan,nan,nan,nan,nan,nan,nan,,,,nan,nan,nan,nan,nan,nan,nan,nan,nan,nan,nan,nan,,nan,nan,,,nan,nan,nan,nan,nan,nan,nan,nan,nan,nan,nan,nan,nan,nan,nan,nan,nan,nan,nan,nan,nan,nan,nan,nan,,nan,nan,nan,,nan,,,,
nan,nan,nan,nan,nan,nan,nan,nan,nan,nan,nan,nan,nan,nan,nan,nan,nan,0.0,0.0,0.0,0.0,0.0,0.0,0.0,0.0,0.0,0.0,0.0,0.0,0.0,0.0,0.0,0.0,0.0,nan,nan,nan,,nan,nan,nan,nan,nan,nan,nan,,,,nan,nan,nan,nan,nan,nan,nan,nan,nan,nan,nan,nan,,nan,nan,,,nan,nan,nan,nan,nan,nan,nan,nan,nan,nan,nan,nan,nan,nan,nan,nan,nan,nan,nan,nan,nan,nan,nan,nan,,nan,nan,nan,,nan,,,,
nan,nan,nan,nan,nan,nan,nan,nan,nan,nan,nan,nan,nan,nan,nan,nan,nan,0.0,0.0,0.0,0.0,0.0,0.0,0.0,0.0,0.0,0.0,0.0,0.0,0.0,0.0,0.0,0.0,0.0,nan,nan,nan,,nan,nan,nan,nan,nan,nan,nan,,,,nan,nan,nan,nan,nan,nan,nan,nan,nan,nan,nan,nan,,nan,nan,,,nan,nan,nan,nan,nan,nan,nan,nan,nan,nan,nan,nan,nan,nan,nan,nan,nan,nan,nan,nan,nan,nan,nan,nan,,nan,nan,nan,,nan,,,,
nan,nan,nan,nan,nan,nan,nan,nan,nan,nan,nan,nan,nan,nan,nan,nan,nan,0.0,0.0,0.0,0.0,0.0,0.0,0.0,0.0,1.0,0.0,0.0,0.0,0.0,0.0,0.0,0.0,1.0,nan,nan,nan,,nan,nan,nan,nan,nan,nan,nan,,,,nan,nan,nan,nan,nan,nan,nan,nan,nan,nan,nan,nan,,nan,nan,,,nan,nan,nan,nan,nan,nan,nan,nan,nan,nan,nan,nan,nan,nan,nan,nan,nan,nan,nan,nan,nan,nan,nan,nan,,nan,nan,nan,,nan,,,,
nan,nan,nan,nan,nan,nan,nan,nan,nan,nan,nan,nan,nan,nan,nan,nan,nan,0.0,0.0,0.0,0.0,0.0,0.0,0.0,0.0,0.0,0.0,0.0,0.0,0.0,0.0,0.0,0.0,0.0,nan,nan,nan,,nan,nan,nan,nan,nan,nan,nan,,,,nan,nan,nan,nan,nan,nan,nan,nan,nan,nan,nan,nan,,nan,nan,,,nan,nan,nan,nan,nan,nan,nan,nan,nan,nan,nan,nan,nan,nan,nan,nan,nan,nan,nan,nan,nan,nan,nan,nan,,nan,nan,nan,,nan,,,,
nan,nan,nan,nan,nan,nan,nan,nan,nan,nan,nan,nan,nan,nan,nan,nan,nan,0.0,0.0,0.0,0.0,0.0,0.0,0.0,0.0,0.0,0.0,0.0,0.0,0.0,0.0,0.0,0.0,0.0,nan,nan,nan,,nan,nan,nan,nan,nan,nan,nan,,,,nan,nan,nan,nan,nan,nan,nan,nan,nan,nan,nan,nan,,nan,nan,,,nan,nan,nan,nan,nan,nan,nan,nan,nan,nan,nan,nan,nan,nan,nan,nan,nan,nan,nan,nan,nan,nan,nan,nan,,nan,nan,nan,,nan,,,,
nan,nan,nan,nan,nan,nan,nan,nan,nan,nan,nan,nan,nan,nan,nan,nan,nan,0.0,0.0,0.0,0.0,0.0,0.0,0.0,0.0,0.0,0.0,0.0,0.0,0.0,0.0,0.0,0.0,0.0,nan,nan,nan,,nan,nan,nan,nan,nan,nan,nan,,,,nan,nan,nan,nan,nan,nan,nan,nan,nan,nan,nan,nan,,nan,nan,,,nan,nan,nan,nan,nan,nan,nan,nan,nan,nan,nan,nan,nan,nan,nan,nan,nan,nan,nan,nan,nan,nan,nan,nan,,nan,nan,nan,,nan,,,,
nan,nan,nan,nan,nan,nan,nan,nan,nan,nan,nan,nan,nan,nan,nan,nan,nan,0.0,0.0,0.0,0.0,0.0,0.0,0.0,0.0,0.0,0.0,0.0,0.0,0.0,0.0,0.0,0.0,0.0,nan,nan,nan,,nan,nan,nan,nan,nan,nan,nan,,,,nan,nan,nan,nan,nan,nan,nan,nan,nan,nan,nan,nan,,nan,nan,,,nan,nan,nan,nan,nan,nan,nan,nan,nan,nan,nan,nan,nan,nan,nan,nan,nan,nan,nan,nan,nan,nan,nan,nan,,nan,nan,nan,,nan,,,,
nan,nan,nan,nan,nan,nan,nan,nan,nan,nan,nan,nan,nan,nan,nan,nan,nan,0.0,0.0,0.0,0.0,0.0,0.0,0.0,0.0,0.0,0.0,0.0,0.0,0.0,0.0,0.0,0.0,0.0,nan,nan,nan,,nan,nan,nan,nan,nan,nan,nan,,,,nan,nan,nan,nan,nan,nan,nan,nan,nan,nan,nan,nan,,nan,nan,,,nan,nan,nan,nan,nan,nan,nan,nan,nan,nan,nan,nan,nan,nan,nan,nan,nan,nan,nan,nan,nan,nan,nan,nan,,nan,nan,nan,,nan,,,,
nan,nan,nan,nan,nan,nan,nan,nan,nan,nan,nan,nan,nan,nan,nan,nan,nan,0.0,0.0,0.0,0.0,0.0,0.0,0.0,0.0,0.0,0.0,0.0,0.0,0.0,0.0,0.0,0.0,0.0,nan,nan,nan,,nan,nan,nan,nan,nan,nan,nan,,,,nan,nan,nan,nan,nan,nan,nan,nan,nan,nan,nan,nan,,nan,nan,,,nan,nan,nan,nan,nan,nan,nan,nan,nan,nan,nan,nan,nan,nan,nan,nan,nan,nan,nan,nan,nan,nan,nan,nan,,nan,nan,nan,,nan,,,,
nan,nan,nan,nan,nan,nan,nan,nan,nan,nan,nan,nan,nan,nan,nan,nan,nan,0.0,0.0,0.0,0.0,0.0,0.0,0.0,0.0,0.0,0.0,0.0,0.0,0.0,0.0,0.0,0.0,0.0,nan,nan,nan,,nan,nan,nan,nan,nan,nan,nan,,,,nan,nan,nan,nan,nan,nan,nan,nan,nan,nan,nan,nan,,nan,nan,,,nan,nan,nan,nan,nan,nan,nan,nan,nan,nan,nan,nan,nan,nan,nan,nan,nan,nan,nan,nan,nan,nan,nan,nan,,nan,nan,nan,,nan,,,,
nan,nan,nan,nan,nan,nan,nan,nan,nan,nan,nan,nan,nan,nan,nan,nan,nan,0.0,0.0,0.0,0.0,0.0,0.0,0.0,0.0,0.0,0.0,0.0,0.0,0.0,0.0,0.0,0.0,0.0,nan,nan,nan,,nan,nan,nan,nan,nan,nan,nan,,,,nan,nan,nan,nan,nan,nan,nan,nan,nan,nan,nan,nan,,nan,nan,,,nan,nan,nan,nan,nan,nan,nan,nan,nan,nan,nan,nan,nan,nan,nan,nan,nan,nan,nan,nan,nan,nan,nan,nan,,nan,nan,nan,,nan,,,,
nan,nan,nan,nan,nan,nan,nan,nan,nan,nan,nan,nan,nan,nan,nan,nan,nan,0.0,0.0,0.0,0.0,0.0,0.0,0.0,0.0,1.0,0.0,0.0,0.0,0.0,0.0,0.0,0.0,1.0,nan,nan,nan,,nan,nan,nan,nan,nan,nan,nan,,,,nan,nan,nan,nan,nan,nan,nan,nan,nan,nan,nan,nan,,nan,nan,,,nan,nan,nan,nan,nan,nan,nan,nan,nan,nan,nan,nan,nan,nan,nan,nan,nan,nan,nan,nan,nan,nan,nan,nan,,nan,nan,nan,,nan,,,,
nan,nan,nan,nan,nan,nan,nan,nan,nan,nan,nan,nan,nan,nan,nan,nan,nan,0.0,0.0,0.0,0.0,0.0,0.0,0.0,0.0,0.0,0.0,0.0,0.0,0.0,0.0,0.0,0.0,0.0,nan,nan,nan,,nan,nan,nan,nan,nan,nan,nan,,,,nan,nan,nan,nan,nan,nan,nan,nan,nan,nan,nan,nan,,nan,nan,,,nan,nan,nan,nan,nan,nan,nan,nan,nan,nan,nan,nan,nan,nan,nan,nan,nan,nan,nan,nan,nan,nan,nan,nan,,nan,nan,nan,,nan,,,,
nan,nan,nan,nan,nan,nan,nan,nan,nan,nan,nan,nan,nan,nan,nan,nan,nan,0.0,0.0,0.0,0.0,0.0,0.0,0.0,0.0,0.0,0.0,0.0,0.0,0.0,0.0,0.0,0.0,0.0,nan,nan,nan,,nan,nan,nan,nan,nan,nan,nan,,,,nan,nan,nan,nan,nan,nan,nan,nan,nan,nan,nan,nan,,nan,nan,,,nan,nan,nan,nan,nan,nan,nan,nan,nan,nan,nan,nan,nan,nan,nan,nan,nan,nan,nan,nan,nan,nan,nan,nan,,nan,nan,nan,,nan,,,,
nan,nan,nan,nan,nan,nan,nan,nan,nan,nan,nan,nan,nan,nan,nan,nan,nan,0.0,0.0,0.0,0.0,0.0,0.0,0.0,0.0,0.0,0.0,0.0,0.0,0.0,0.0,0.0,0.0,0.0,nan,nan,nan,,nan,nan,nan,nan,nan,nan,nan,,,,nan,nan,nan,nan,nan,nan,nan,nan,nan,nan,nan,nan,,nan,nan,,,nan,nan,nan,nan,nan,nan,nan,nan,nan,nan,nan,nan,nan,nan,nan,nan,nan,nan,nan,nan,nan,nan,nan,nan,,nan,nan,nan,,nan,,,,
nan,nan,nan,nan,nan,nan,nan,nan,nan,nan,nan,nan,nan,nan,nan,nan,nan,0.0,0.0,0.0,0.0,0.0,0.0,0.0,0.0,0.0,0.0,0.0,0.0,0.0,0.0,0.0,0.0,0.0,nan,nan,nan,,nan,nan,nan,nan,nan,nan,nan,,,,nan,nan,nan,nan,nan,nan,nan,nan,nan,nan,nan,nan,,nan,nan,,,nan,nan,nan,nan,nan,nan,nan,nan,nan,nan,nan,nan,nan,nan,nan,nan,nan,nan,nan,nan,nan,nan,nan,nan,,nan,nan,nan,,nan,,,,
nan,nan,nan,nan,nan,nan,nan,nan,nan,nan,nan,nan,nan,nan,nan,nan,nan,0.0,0.0,0.0,0.0,0.0,0.0,0.0,0.0,0.0,0.0,0.0,0.0,0.0,0.0,0.0,0.0,0.0,nan,nan,nan,,nan,nan,nan,nan,nan,nan,nan,,,,nan,nan,nan,nan,nan,nan,nan,nan,nan,nan,nan,nan,,nan,nan,,,nan,nan,nan,nan,nan,nan,nan,nan,nan,nan,nan,nan,nan,nan,nan,nan,nan,nan,nan,nan,nan,nan,nan,nan,,nan,nan,nan,,nan,,,,
nan,nan,nan,nan,nan,nan,nan,nan,nan,nan,nan,nan,nan,nan,nan,nan,nan,0.0,0.0,0.0,0.0,0.0,0.0,0.0,0.0,0.0,0.0,0.0,0.0,0.0,0.0,0.0,0.0,0.0,nan,nan,nan,,nan,nan,nan,nan,nan,nan,nan,,,,nan,nan,nan,nan,nan,nan,nan,nan,nan,nan,nan,nan,,nan,nan,,,nan,nan,nan,nan,nan,nan,nan,nan,nan,nan,nan,nan,nan,nan,nan,nan,nan,nan,nan,nan,nan,nan,nan,nan,,nan,nan,nan,,nan,,,,
nan,nan,nan,nan,nan,nan,nan,nan,nan,nan,nan,nan,nan,nan,nan,nan,nan,0.0,0.0,0.0,0.0,0.0,0.0,0.0,0.0,0.0,0.0,0.0,0.0,0.0,0.0,0.0,0.0,0.0,nan,nan,nan,,nan,nan,nan,nan,nan,nan,nan,,,,nan,nan,nan,nan,nan,nan,nan,nan,nan,nan,nan,nan,,nan,nan,,,nan,nan,nan,nan,nan,nan,nan,nan,nan,nan,nan,nan,nan,nan,nan,nan,nan,nan,nan,nan,nan,nan,nan,nan,,nan,nan,nan,,nan,,,,
nan,nan,nan,nan,nan,nan,nan,nan,nan,nan,nan,nan,nan,nan,nan,nan,nan,0.0,0.0,0.0,0.0,0.0,0.0,0.0,0.0,0.0,0.0,0.0,0.0,0.0,0.0,0.0,0.0,0.0,nan,nan,nan,,nan,nan,nan,nan,nan,nan,nan,,,,nan,nan,nan,nan,nan,nan,nan,nan,nan,nan,nan,nan,,nan,nan,,,nan,nan,nan,nan,nan,nan,nan,nan,nan,nan,nan,nan,nan,nan,nan,nan,nan,nan,nan,nan,nan,nan,nan,nan,,nan,nan,nan,,nan,,,,
nan,nan,nan,nan,nan,nan,nan,nan,nan,nan,nan,nan,nan,nan,nan,nan,nan,0.0,0.0,0.0,0.0,0.0,0.0,0.0,0.0,0.0,0.0,0.0,0.0,0.0,0.0,0.0,0.0,0.0,nan,nan,nan,,nan,nan,nan,nan,nan,nan,nan,,,,nan,nan,nan,nan,nan,nan,nan,nan,nan,nan,nan,nan,,nan,nan,,,nan,nan,nan,nan,nan,nan,nan,nan,nan,nan,nan,nan,nan,nan,nan,nan,nan,nan,nan,nan,nan,nan,nan,nan,,nan,nan,nan,,nan,,,,
nan,nan,nan,nan,nan,nan,nan,nan,nan,nan,nan,nan,nan,nan,nan,nan,nan,0.0,0.0,0.0,0.0,0.0,0.0,0.0,0.0,0.0,0.0,0.0,0.0,0.0,0.0,0.0,0.0,0.0,nan,nan,nan,,nan,nan,nan,nan,nan,nan,nan,,,,nan,nan,nan,nan,nan,nan,nan,nan,nan,nan,nan,nan,,nan,nan,,,nan,nan,nan,nan,nan,nan,nan,nan,nan,nan,nan,nan,nan,nan,nan,nan,nan,nan,nan,nan,nan,nan,nan,nan,,nan,nan,nan,,nan,,,,
nan,nan,nan,nan,nan,nan,nan,nan,nan,nan,nan,nan,nan,nan,nan,nan,nan,0.0,0.0,0.0,0.0,0.0,0.0,0.0,0.0,0.0,0.0,0.0,0.0,0.0,0.0,0.0,0.0,0.0,nan,nan,nan,,nan,nan,nan,nan,nan,nan,nan,,,,nan,nan,nan,nan,nan,nan,nan,nan,nan,nan,nan,nan,,nan,nan,,,nan,nan,nan,nan,nan,nan,nan,nan,nan,nan,nan,nan,nan,nan,nan,nan,nan,nan,nan,nan,nan,nan,nan,nan,,nan,nan,nan,,nan,,,,
nan,nan,nan,nan,nan,nan,nan,nan,nan,nan,nan,nan,nan,nan,nan,nan,nan,0.0,0.0,0.0,0.0,0.0,0.0,0.0,0.0,0.0,0.0,0.0,0.0,0.0,0.0,0.0,0.0,0.0,nan,nan,nan,,nan,nan,nan,nan,nan,nan,nan,,,,nan,nan,nan,nan,nan,nan,nan,nan,nan,nan,nan,nan,,nan,nan,,,nan,nan,nan,nan,nan,nan,nan,nan,nan,nan,nan,nan,nan,nan,nan,nan,nan,nan,nan,nan,nan,nan,nan,nan,,nan,nan,nan,,nan,,,,
nan,nan,nan,nan,nan,nan,nan,nan,nan,nan,nan,nan,nan,nan,nan,nan,nan,0.0,0.0,0.0,0.0,0.0,0.0,0.0,0.0,0.0,0.0,0.0,0.0,0.0,0.0,0.0,0.0,0.0,nan,nan,nan,,nan,nan,nan,nan,nan,nan,nan,,,,nan,nan,nan,nan,nan,nan,nan,nan,nan,nan,nan,nan,,nan,nan,,,nan,nan,nan,nan,nan,nan,nan,nan,nan,nan,nan,nan,nan,nan,nan,nan,nan,nan,nan,nan,nan,nan,nan,nan,,nan,nan,nan,,nan,,,,
nan,nan,nan,nan,nan,nan,nan,nan,nan,nan,nan,nan,nan,nan,nan,nan,nan,0.0,0.0,0.0,0.0,0.0,0.0,0.0,0.0,0.0,0.0,0.0,0.0,0.0,0.0,0.0,0.0,0.0,nan,nan,nan,,nan,nan,nan,nan,nan,nan,nan,,,,nan,nan,nan,nan,nan,nan,nan,nan,nan,nan,nan,nan,,nan,nan,,,nan,nan,nan,nan,nan,nan,nan,nan,nan,nan,nan,nan,nan,nan,nan,nan,nan,nan,nan,nan,nan,nan,nan,nan,,nan,nan,nan,,nan,,,,
nan,nan,nan,nan,nan,nan,nan,nan,nan,nan,nan,nan,nan,nan,nan,nan,nan,0.0,0.0,0.0,0.0,0.0,0.0,0.0,0.0,0.0,0.0,0.0,0.0,0.0,0.0,0.0,0.0,0.0,nan,nan,nan,,nan,nan,nan,nan,nan,nan,nan,,,,nan,nan,nan,nan,nan,nan,nan,nan,nan,nan,nan,nan,,nan,nan,,,nan,nan,nan,nan,nan,nan,nan,nan,nan,nan,nan,nan,nan,nan,nan,nan,nan,nan,nan,nan,nan,nan,nan,nan,,nan,nan,nan,,nan,,,,
nan,nan,nan,nan,nan,nan,nan,nan,nan,nan,nan,nan,nan,nan,nan,nan,nan,0.0,0.0,0.0,0.0,0.0,0.0,0.0,0.0,0.0,0.0,0.0,0.0,0.0,0.0,0.0,0.0,0.0,nan,nan,nan,,nan,nan,nan,nan,nan,nan,nan,,,,nan,nan,nan,nan,nan,nan,nan,nan,nan,nan,nan,nan,,nan,nan,,,nan,nan,nan,nan,nan,nan,nan,nan,nan,nan,nan,nan,nan,nan,nan,nan,nan,nan,nan,nan,nan,nan,nan,nan,,nan,nan,nan,,nan,,,,
nan,nan,nan,nan,nan,nan,nan,nan,nan,nan,nan,nan,nan,nan,nan,nan,nan,0.0,0.0,0.0,0.0,0.0,0.0,0.0,0.0,0.0,0.0,0.0,0.0,0.0,0.0,0.0,0.0,0.0,nan,nan,nan,,nan,nan,nan,nan,nan,nan,nan,,,,nan,nan,nan,nan,nan,nan,nan,nan,nan,nan,nan,nan,,nan,nan,,,nan,nan,nan,nan,nan,nan,nan,nan,nan,nan,nan,nan,nan,nan,nan,nan,nan,nan,nan,nan,nan,nan,nan,nan,,nan,nan,nan,,nan,,,,
nan,nan,nan,nan,nan,nan,nan,nan,nan,nan,nan,nan,nan,nan,nan,nan,nan,0.0,0.0,0.0,0.0,0.0,0.0,0.0,0.0,0.0,0.0,0.0,0.0,0.0,0.0,0.0,0.0,0.0,nan,nan,nan,,nan,nan,nan,nan,nan,nan,nan,,,,nan,nan,nan,nan,nan,nan,nan,nan,nan,nan,nan,nan,,nan,nan,,,nan,nan,nan,nan,nan,nan,nan,nan,nan,nan,nan,nan,nan,nan,nan,nan,nan,nan,nan,nan,nan,nan,nan,nan,,nan,nan,nan,,nan,,,,
nan,nan,nan,nan,nan,nan,nan,nan,nan,nan,nan,nan,nan,nan,nan,nan,nan,0.0,0.0,0.0,0.0,0.0,0.0,0.0,0.0,0.0,0.0,0.0,0.0,0.0,0.0,0.0,0.0,0.0,nan,nan,nan,,nan,nan,nan,nan,nan,nan,nan,,,,nan,nan,nan,nan,nan,nan,nan,nan,nan,nan,nan,nan,,nan,nan,,,nan,nan,nan,nan,nan,nan,nan,nan,nan,nan,nan,nan,nan,nan,nan,nan,nan,nan,nan,nan,nan,nan,nan,nan,,nan,nan,nan,,nan,,,,
nan,nan,nan,nan,nan,nan,nan,nan,nan,nan,nan,nan,nan,nan,nan,nan,nan,0.0,0.0,0.0,0.0,0.0,0.0,0.0,0.0,0.0,0.0,0.0,0.0,0.0,0.0,0.0,0.0,0.0,nan,nan,nan,,nan,nan,nan,nan,nan,nan,nan,,,,nan,nan,nan,nan,nan,nan,nan,nan,nan,nan,nan,nan,,nan,nan,,,nan,nan,nan,nan,nan,nan,nan,nan,nan,nan,nan,nan,nan,nan,nan,nan,nan,nan,nan,nan,nan,nan,nan,nan,,nan,nan,nan,,nan,,,,
nan,nan,nan,nan,nan,nan,nan,nan,nan,nan,nan,nan,nan,nan,nan,nan,nan,0.0,0.0,0.0,0.0,0.0,0.0,0.0,0.0,0.0,0.0,0.0,0.0,0.0,0.0,0.0,0.0,0.0,nan,nan,nan,,nan,nan,nan,nan,nan,nan,nan,,,,nan,nan,nan,nan,nan,nan,nan,nan,nan,nan,nan,nan,,nan,nan,,,nan,nan,nan,nan,nan,nan,nan,nan,nan,nan,nan,nan,nan,nan,nan,nan,nan,nan,nan,nan,nan,nan,nan,nan,,nan,nan,nan,,nan,,,,
nan,nan,nan,nan,nan,nan,nan,nan,nan,nan,nan,nan,nan,nan,nan,nan,nan,0.0,0.0,0.0,0.0,0.0,0.0,0.0,0.0,0.0,0.0,0.0,0.0,0.0,0.0,0.0,0.0,0.0,nan,nan,nan,,nan,nan,nan,nan,nan,nan,nan,,,,nan,nan,nan,nan,nan,nan,nan,nan,nan,nan,nan,nan,,nan,nan,,,nan,nan,nan,nan,nan,nan,nan,nan,nan,nan,nan,nan,nan,nan,nan,nan,nan,nan,nan,nan,nan,nan,nan,nan,,nan,nan,nan,,nan,,,,
nan,nan,nan,nan,nan,nan,nan,nan,nan,nan,nan,nan,nan,nan,nan,nan,nan,0.0,0.0,0.0,0.0,0.0,0.0,0.0,0.0,0.0,0.0,0.0,0.0,0.0,0.0,0.0,0.0,0.0,nan,nan,nan,,nan,nan,nan,nan,nan,nan,nan,,,,nan,nan,nan,nan,nan,nan,nan,nan,nan,nan,nan,nan,,nan,nan,,,nan,nan,nan,nan,nan,nan,nan,nan,nan,nan,nan,nan,nan,nan,nan,nan,nan,nan,nan,nan,nan,nan,nan,nan,,nan,nan,nan,,nan,,,,
nan,nan,nan,nan,nan,nan,nan,nan,nan,nan,nan,nan,nan,nan,nan,nan,nan,0.0,0.0,0.0,0.0,0.0,0.0,0.0,0.0,2.0,0.0,0.0,0.0,0.0,0.0,0.0,0.0,2.0,nan,nan,nan,,nan,nan,nan,nan,nan,nan,nan,,,,nan,nan,nan,nan,nan,nan,nan,nan,nan,nan,nan,nan,,nan,nan,,,nan,nan,nan,nan,nan,nan,nan,nan,nan,nan,nan,nan,nan,nan,nan,nan,nan,nan,nan,nan,nan,nan,nan,nan,,nan,nan,nan,,nan,,,,
nan,nan,nan,nan,nan,nan,nan,nan,nan,nan,nan,nan,nan,nan,nan,nan,nan,0.0,0.0,0.0,0.0,0.0,0.0,0.0,0.0,0.0,0.0,0.0,0.0,0.0,0.0,0.0,0.0,0.0,nan,nan,nan,,nan,nan,nan,nan,nan,nan,nan,,,,nan,nan,nan,nan,nan,nan,nan,nan,nan,nan,nan,nan,,nan,nan,,,nan,nan,nan,nan,nan,nan,nan,nan,nan,nan,nan,nan,nan,nan,nan,nan,nan,nan,nan,nan,nan,nan,nan,nan,,nan,nan,nan,,nan,,,,
nan,nan,nan,nan,nan,nan,nan,nan,nan,nan,nan,nan,nan,nan,nan,nan,nan,0.0,0.0,0.0,0.0,0.0,0.0,0.0,0.0,0.0,0.0,0.0,0.0,0.0,0.0,0.0,0.0,0.0,nan,nan,nan,,nan,nan,nan,nan,nan,nan,nan,,,,nan,nan,nan,nan,nan,nan,nan,nan,nan,nan,nan,nan,,nan,nan,,,nan,nan,nan,nan,nan,nan,nan,nan,nan,nan,nan,nan,nan,nan,nan,nan,nan,nan,nan,nan,nan,nan,nan,nan,,nan,nan,nan,,nan,,,,
nan,nan,nan,nan,nan,nan,nan,nan,nan,nan,nan,nan,nan,nan,nan,nan,nan,0.0,0.0,0.0,0.0,0.0,0.0,0.0,0.0,0.0,0.0,0.0,0.0,0.0,0.0,0.0,0.0,0.0,nan,nan,nan,,nan,nan,nan,nan,nan,nan,nan,,,,nan,nan,nan,nan,nan,nan,nan,nan,nan,nan,nan,nan,,nan,nan,,,nan,nan,nan,nan,nan,nan,nan,nan,nan,nan,nan,nan,nan,nan,nan,nan,nan,nan,nan,nan,nan,nan,nan,nan,,nan,nan,nan,,nan,,,,
nan,nan,nan,nan,nan,nan,nan,nan,nan,nan,nan,nan,nan,nan,nan,nan,nan,0.0,0.0,0.0,0.0,0.0,0.0,0.0,0.0,0.0,0.0,0.0,0.0,0.0,0.0,0.0,0.0,0.0,nan,nan,nan,,nan,nan,nan,nan,nan,nan,nan,,,,nan,nan,nan,nan,nan,nan,nan,nan,nan,nan,nan,nan,,nan,nan,,,nan,nan,nan,nan,nan,nan,nan,nan,nan,nan,nan,nan,nan,nan,nan,nan,nan,nan,nan,nan,nan,nan,nan,nan,,nan,nan,nan,,nan,,,,
nan,nan,nan,nan,nan,nan,nan,nan,nan,nan,nan,nan,nan,nan,nan,nan,nan,0.0,0.0,0.0,0.0,0.0,0.0,0.0,0.0,0.0,0.0,0.0,0.0,0.0,0.0,0.0,0.0,0.0,nan,nan,nan,,nan,nan,nan,nan,nan,nan,nan,,,,nan,nan,nan,nan,nan,nan,nan,nan,nan,nan,nan,nan,,nan,nan,,,nan,nan,nan,nan,nan,nan,nan,nan,nan,nan,nan,nan,nan,nan,nan,nan,nan,nan,nan,nan,nan,nan,nan,nan,,nan,nan,nan,,nan,,,,
nan,nan,nan,nan,nan,nan,nan,nan,nan,nan,nan,nan,nan,nan,nan,nan,nan,0.0,0.0,0.0,0.0,0.0,0.0,0.0,0.0,2.0,0.0,0.0,0.0,0.0,0.0,0.0,0.0,2.0,nan,nan,nan,,nan,nan,nan,nan,nan,nan,nan,,,,nan,nan,nan,nan,nan,nan,nan,nan,nan,nan,nan,nan,,nan,nan,,,nan,nan,nan,nan,nan,nan,nan,nan,nan,nan,nan,nan,nan,nan,nan,nan,nan,nan,nan,nan,nan,nan,nan,nan,,nan,nan,nan,,nan,,,,
nan,nan,nan,nan,nan,nan,nan,nan,nan,nan,nan,nan,nan,nan,nan,nan,nan,0.0,0.0,0.0,0.0,0.0,0.0,0.0,0.0,0.0,0.0,0.0,0.0,0.0,0.0,0.0,0.0,0.0,nan,nan,nan,,nan,nan,nan,nan,nan,nan,nan,,,,nan,nan,nan,nan,nan,nan,nan,nan,nan,nan,nan,nan,,nan,nan,,,nan,nan,nan,nan,nan,nan,nan,nan,nan,nan,nan,nan,nan,nan,nan,nan,nan,nan,nan,nan,nan,nan,nan,nan,,nan,nan,nan,,nan,,,,
nan,nan,nan,nan,nan,nan,nan,nan,nan,nan,nan,nan,nan,nan,nan,nan,nan,0.0,0.0,0.0,0.0,0.0,0.0,0.0,0.0,0.0,0.0,0.0,0.0,0.0,0.0,0.0,0.0,0.0,nan,nan,nan,,nan,nan,nan,nan,nan,nan,nan,,,,nan,nan,nan,nan,nan,nan,nan,nan,nan,nan,nan,nan,,nan,nan,,,nan,nan,nan,nan,nan,nan,nan,nan,nan,nan,nan,nan,nan,nan,nan,nan,nan,nan,nan,nan,nan,nan,nan,nan,,nan,nan,nan,,nan,,,,
nan,nan,nan,nan,nan,nan,nan,nan,nan,nan,nan,nan,nan,nan,nan,nan,nan,0.0,0.0,0.0,0.0,0.0,0.0,0.0,0.0,0.0,0.0,0.0,0.0,0.0,0.0,0.0,0.0,0.0,nan,nan,nan,,nan,nan,nan,nan,nan,nan,nan,,,,nan,nan,nan,nan,nan,nan,nan,nan,nan,nan,nan,nan,,nan,nan,,,nan,nan,nan,nan,nan,nan,nan,nan,nan,nan,nan,nan,nan,nan,nan,nan,nan,nan,nan,nan,nan,nan,nan,nan,,nan,nan,nan,,nan,,,,
nan,nan,nan,nan,nan,nan,nan,nan,nan,nan,nan,nan,nan,nan,nan,nan,nan,0.0,0.0,0.0,0.0,0.0,0.0,0.0,0.0,0.0,0.0,0.0,0.0,0.0,0.0,0.0,0.0,0.0,nan,nan,nan,,nan,nan,nan,nan,nan,nan,nan,,,,nan,nan,nan,nan,nan,nan,nan,nan,nan,nan,nan,nan,,nan,nan,,,nan,nan,nan,nan,nan,nan,nan,nan,nan,nan,nan,nan,nan,nan,nan,nan,nan,nan,nan,nan,nan,nan,nan,nan,,nan,nan,nan,,nan,,,,
nan,nan,nan,nan,nan,nan,nan,nan,nan,nan,nan,nan,nan,nan,nan,nan,nan,0.0,0.0,0.0,0.0,0.0,0.0,0.0,0.0,0.0,0.0,0.0,0.0,0.0,0.0,0.0,0.0,0.0,nan,nan,nan,,nan,nan,nan,nan,nan,nan,nan,,,,nan,nan,nan,nan,nan,nan,nan,nan,nan,nan,nan,nan,,nan,nan,,,nan,nan,nan,nan,nan,nan,nan,nan,nan,nan,nan,nan,nan,nan,nan,nan,nan,nan,nan,nan,nan,nan,nan,nan,,nan,nan,nan,,nan,,,,
nan,nan,nan,nan,nan,nan,nan,nan,nan,nan,nan,nan,nan,nan,nan,nan,nan,0.0,0.0,0.0,0.0,0.0,0.0,0.0,0.0,0.0,0.0,0.0,0.0,0.0,0.0,0.0,0.0,0.0,nan,nan,nan,,nan,nan,nan,nan,nan,nan,nan,,,,nan,nan,nan,nan,nan,nan,nan,nan,nan,nan,nan,nan,,nan,nan,,,nan,nan,nan,nan,nan,nan,nan,nan,nan,nan,nan,nan,nan,nan,nan,nan,nan,nan,nan,nan,nan,nan,nan,nan,,nan,nan,nan,,nan,,,,
nan,nan,nan,nan,nan,nan,nan,nan,nan,nan,nan,nan,nan,nan,nan,nan,nan,0.0,0.0,0.0,0.0,0.0,0.0,0.0,0.0,0.0,0.0,0.0,0.0,0.0,0.0,0.0,0.0,0.0,nan,nan,nan,,nan,nan,nan,nan,nan,nan,nan,,,,nan,nan,nan,nan,nan,nan,nan,nan,nan,nan,nan,nan,,nan,nan,,,nan,nan,nan,nan,nan,nan,nan,nan,nan,nan,nan,nan,nan,nan,nan,nan,nan,nan,nan,nan,nan,nan,nan,nan,,nan,nan,nan,,nan,,,,
nan,nan,nan,nan,nan,nan,nan,nan,nan,nan,nan,nan,nan,nan,nan,nan,nan,0.0,0.0,0.0,0.0,0.0,0.0,0.0,0.0,0.0,0.0,0.0,0.0,0.0,0.0,0.0,0.0,0.0,nan,nan,nan,,nan,nan,nan,nan,nan,nan,nan,,,,nan,nan,nan,nan,nan,nan,nan,nan,nan,nan,nan,nan,,nan,nan,,,nan,nan,nan,nan,nan,nan,nan,nan,nan,nan,nan,nan,nan,nan,nan,nan,nan,nan,nan,nan,nan,nan,nan,nan,,nan,nan,nan,,nan,,,,
nan,nan,nan,nan,nan,nan,nan,nan,nan,nan,nan,nan,nan,nan,nan,nan,nan,0.0,0.0,0.0,0.0,0.0,0.0,0.0,0.0,0.0,0.0,0.0,0.0,0.0,0.0,0.0,0.0,0.0,nan,nan,nan,,nan,nan,nan,nan,nan,nan,nan,,,,nan,nan,nan,nan,nan,nan,nan,nan,nan,nan,nan,nan,,nan,nan,,,nan,nan,nan,nan,nan,nan,nan,nan,nan,nan,nan,nan,nan,nan,nan,nan,nan,nan,nan,nan,nan,nan,nan,nan,,nan,nan,nan,,nan,,,,
nan,nan,nan,nan,nan,nan,nan,nan,nan,nan,nan,nan,nan,nan,nan,nan,nan,0.0,0.0,0.0,0.0,0.0,0.0,0.0,0.0,1.0,0.0,0.0,0.0,0.0,0.0,0.0,0.0,1.0,nan,nan,nan,,nan,nan,nan,nan,nan,nan,nan,,,,nan,nan,nan,nan,nan,nan,nan,nan,nan,nan,nan,nan,,nan,nan,,,nan,nan,nan,nan,nan,nan,nan,nan,nan,nan,nan,nan,nan,nan,nan,nan,nan,nan,nan,nan,nan,nan,nan,nan,,nan,nan,nan,,nan,,,,
nan,nan,nan,nan,nan,nan,nan,nan,nan,nan,nan,nan,nan,nan,nan,nan,nan,0.0,0.0,0.0,0.0,0.0,0.0,0.0,0.0,0.0,0.0,0.0,0.0,0.0,0.0,0.0,0.0,0.0,nan,nan,nan,,nan,nan,nan,nan,nan,nan,nan,,,,nan,nan,nan,nan,nan,nan,nan,nan,nan,nan,nan,nan,,nan,nan,,,nan,nan,nan,nan,nan,nan,nan,nan,nan,nan,nan,nan,nan,nan,nan,nan,nan,nan,nan,nan,nan,nan,nan,nan,,nan,nan,nan,,nan,,,,
nan,nan,nan,nan,nan,nan,nan,nan,nan,nan,nan,nan,nan,nan,nan,nan,nan,0.0,0.0,0.0,0.0,0.0,0.0,0.0,0.0,0.0,0.0,0.0,0.0,0.0,0.0,0.0,0.0,0.0,nan,nan,nan,,nan,nan,nan,nan,nan,nan,nan,,,,nan,nan,nan,nan,nan,nan,nan,nan,nan,nan,nan,nan,,nan,nan,,,nan,nan,nan,nan,nan,nan,nan,nan,nan,nan,nan,nan,nan,nan,nan,nan,nan,nan,nan,nan,nan,nan,nan,nan,,nan,nan,nan,,nan,,,,
nan,nan,nan,nan,nan,nan,nan,nan,nan,nan,nan,nan,nan,nan,nan,nan,nan,0.0,0.0,0.0,0.0,0.0,0.0,0.0,0.0,0.0,0.0,0.0,0.0,0.0,0.0,0.0,0.0,0.0,nan,nan,nan,,nan,nan,nan,nan,nan,nan,nan,,,,nan,nan,nan,nan,nan,nan,nan,nan,nan,nan,nan,nan,,nan,nan,,,nan,nan,nan,nan,nan,nan,nan,nan,nan,nan,nan,nan,nan,nan,nan,nan,nan,nan,nan,nan,nan,nan,nan,nan,,nan,nan,nan,,nan,,,,
nan,nan,nan,nan,nan,nan,nan,nan,nan,nan,nan,nan,nan,nan,nan,nan,nan,0.0,0.0,0.0,0.0,0.0,0.0,0.0,0.0,1.0,0.0,0.0,0.0,0.0,0.0,0.0,0.0,1.0,nan,nan,nan,,nan,nan,nan,nan,nan,nan,nan,,,,nan,nan,nan,nan,nan,nan,nan,nan,nan,nan,nan,nan,,nan,nan,,,nan,nan,nan,nan,nan,nan,nan,nan,nan,nan,nan,nan,nan,nan,nan,nan,nan,nan,nan,nan,nan,nan,nan,nan,,nan,nan,nan,,nan,,,,
nan,nan,nan,nan,nan,nan,nan,nan,nan,nan,nan,nan,nan,nan,nan,nan,nan,0.0,0.0,0.0,0.0,0.0,0.0,0.0,0.0,0.0,0.0,0.0,0.0,0.0,0.0,0.0,0.0,0.0,nan,nan,nan,,nan,nan,nan,nan,nan,nan,nan,,,,nan,nan,nan,nan,nan,nan,nan,nan,nan,nan,nan,nan,,nan,nan,,,nan,nan,nan,nan,nan,nan,nan,nan,nan,nan,nan,nan,nan,nan,nan,nan,nan,nan,nan,nan,nan,nan,nan,nan,,nan,nan,nan,,nan,,,,
nan,nan,nan,nan,nan,nan,nan,nan,nan,nan,nan,nan,nan,nan,nan,nan,nan,0.0,0.0,0.0,0.0,0.0,0.0,0.0,0.0,0.0,0.0,0.0,0.0,0.0,0.0,0.0,0.0,0.0,nan,nan,nan,,nan,nan,nan,nan,nan,nan,nan,,,,nan,nan,nan,nan,nan,nan,nan,nan,nan,nan,nan,nan,,nan,nan,,,nan,nan,nan,nan,nan,nan,nan,nan,nan,nan,nan,nan,nan,nan,nan,nan,nan,nan,nan,nan,nan,nan,nan,nan,,nan,nan,nan,,nan,,,,
nan,nan,nan,nan,nan,nan,nan,nan,nan,nan,nan,nan,nan,nan,nan,nan,nan,0.0,0.0,0.0,0.0,0.0,0.0,0.0,0.0,1.0,0.0,0.0,0.0,0.0,0.0,0.0,0.0,1.0,nan,nan,nan,,nan,nan,nan,nan,nan,nan,nan,,,,nan,nan,nan,nan,nan,nan,nan,nan,nan,nan,nan,nan,,nan,nan,,,nan,nan,nan,nan,nan,nan,nan,nan,nan,nan,nan,nan,nan,nan,nan,nan,nan,nan,nan,nan,nan,nan,nan,nan,,nan,nan,nan,,nan,,,,
nan,nan,nan,nan,nan,nan,nan,nan,nan,nan,nan,nan,nan,nan,nan,nan,nan,0.0,0.0,0.0,0.0,0.0,0.0,0.0,0.0,2.0,0.0,0.0,0.0,0.0,0.0,0.0,0.0,2.0,nan,nan,nan,,nan,nan,nan,nan,nan,nan,nan,,,,nan,nan,nan,nan,nan,nan,nan,nan,nan,nan,nan,nan,,nan,nan,,,nan,nan,nan,nan,nan,nan,nan,nan,nan,nan,nan,nan,nan,nan,nan,nan,nan,nan,nan,nan,nan,nan,nan,nan,,nan,nan,nan,,nan,,,,
nan,nan,nan,nan,nan,nan,nan,nan,nan,nan,nan,nan,nan,nan,nan,nan,nan,0.0,0.0,0.0,0.0,0.0,0.0,0.0,0.0,0.0,0.0,0.0,0.0,0.0,0.0,0.0,0.0,0.0,nan,nan,nan,,nan,nan,nan,nan,nan,nan,nan,,,,nan,nan,nan,nan,nan,nan,nan,nan,nan,nan,nan,nan,,nan,nan,,,nan,nan,nan,nan,nan,nan,nan,nan,nan,nan,nan,nan,nan,nan,nan,nan,nan,nan,nan,nan,nan,nan,nan,nan,,nan,nan,nan,,nan,,,,
nan,nan,nan,nan,nan,nan,nan,nan,nan,nan,nan,nan,nan,nan,nan,nan,nan,0.0,0.0,0.0,0.0,0.0,0.0,0.0,0.0,1.0,0.0,0.0,0.0,0.0,0.0,0.0,0.0,1.0,nan,nan,nan,,nan,nan,nan,nan,nan,nan,nan,,,,nan,nan,nan,nan,nan,nan,nan,nan,nan,nan,nan,nan,,nan,nan,,,nan,nan,nan,nan,nan,nan,nan,nan,nan,nan,nan,nan,nan,nan,nan,nan,nan,nan,nan,nan,nan,nan,nan,nan,,nan,nan,nan,,nan,,,,
nan,nan,nan,nan,nan,nan,nan,nan,nan,nan,nan,nan,nan,nan,nan,nan,nan,0.0,0.0,0.0,0.0,0.0,0.0,0.0,0.0,0.0,0.0,0.0,0.0,0.0,0.0,0.0,0.0,0.0,nan,nan,nan,,nan,nan,nan,nan,nan,nan,nan,,,,nan,nan,nan,nan,nan,nan,nan,nan,nan,nan,nan,nan,,nan,nan,,,nan,nan,nan,nan,nan,nan,nan,nan,nan,nan,nan,nan,nan,nan,nan,nan,nan,nan,nan,nan,nan,nan,nan,nan,,nan,nan,nan,,nan,,,,
nan,nan,nan,nan,nan,nan,nan,nan,nan,nan,nan,nan,nan,nan,nan,nan,nan,0.0,0.0,0.0,0.0,0.0,0.0,0.0,0.0,0.0,0.0,0.0,0.0,0.0,0.0,0.0,0.0,0.0,nan,nan,nan,,nan,nan,nan,nan,nan,nan,nan,,,,nan,nan,nan,nan,nan,nan,nan,nan,nan,nan,nan,nan,,nan,nan,,,nan,nan,nan,nan,nan,nan,nan,nan,nan,nan,nan,nan,nan,nan,nan,nan,nan,nan,nan,nan,nan,nan,nan,nan,,nan,nan,nan,,nan,,,,
nan,nan,nan,nan,nan,nan,nan,nan,nan,nan,nan,nan,nan,nan,nan,nan,nan,0.0,0.0,0.0,0.0,0.0,0.0,0.0,0.0,0.0,0.0,0.0,0.0,0.0,0.0,0.0,0.0,0.0,nan,nan,nan,,nan,nan,nan,nan,nan,nan,nan,,,,nan,nan,nan,nan,nan,nan,nan,nan,nan,nan,nan,nan,,nan,nan,,,nan,nan,nan,nan,nan,nan,nan,nan,nan,nan,nan,nan,nan,nan,nan,nan,nan,nan,nan,nan,nan,nan,nan,nan,,nan,nan,nan,,nan,,,,
nan,nan,nan,nan,nan,nan,nan,nan,nan,nan,nan,nan,nan,nan,nan,nan,nan,0.0,0.0,0.0,0.0,0.0,0.0,0.0,0.0,0.0,0.0,0.0,0.0,0.0,0.0,0.0,0.0,0.0,nan,nan,nan,,nan,nan,nan,nan,nan,nan,nan,,,,nan,nan,nan,nan,nan,nan,nan,nan,nan,nan,nan,nan,,nan,nan,,,nan,nan,nan,nan,nan,nan,nan,nan,nan,nan,nan,nan,nan,nan,nan,nan,nan,nan,nan,nan,nan,nan,nan,nan,,nan,nan,nan,,nan,,,,
nan,nan,nan,nan,nan,nan,nan,nan,nan,nan,nan,nan,nan,nan,nan,nan,nan,0.0,0.0,0.0,0.0,0.0,0.0,0.0,0.0,0.0,0.0,0.0,0.0,0.0,0.0,0.0,0.0,0.0,nan,nan,nan,,nan,nan,nan,nan,nan,nan,nan,,,,nan,nan,nan,nan,nan,nan,nan,nan,nan,nan,nan,nan,,nan,nan,,,nan,nan,nan,nan,nan,nan,nan,nan,nan,nan,nan,nan,nan,nan,nan,nan,nan,nan,nan,nan,nan,nan,nan,nan,,nan,nan,nan,,nan,,,,
nan,nan,nan,nan,nan,nan,nan,nan,nan,nan,nan,nan,nan,nan,nan,nan,nan,0.0,0.0,0.0,0.0,0.0,0.0,0.0,0.0,0.0,0.0,0.0,0.0,0.0,0.0,0.0,0.0,0.0,nan,nan,nan,,nan,nan,nan,nan,nan,nan,nan,,,,nan,nan,nan,nan,nan,nan,nan,nan,nan,nan,nan,nan,,nan,nan,,,nan,nan,nan,nan,nan,nan,nan,nan,nan,nan,nan,nan,nan,nan,nan,nan,nan,nan,nan,nan,nan,nan,nan,nan,,nan,nan,nan,,nan,,,,
nan,nan,nan,nan,nan,nan,nan,nan,nan,nan,nan,nan,nan,nan,nan,nan,nan,0.0,0.0,0.0,0.0,0.0,0.0,0.0,0.0,0.0,0.0,0.0,0.0,0.0,0.0,0.0,0.0,0.0,nan,nan,nan,,nan,nan,nan,nan,nan,nan,nan,,,,nan,nan,nan,nan,nan,nan,nan,nan,nan,nan,nan,nan,,nan,nan,,,nan,nan,nan,nan,nan,nan,nan,nan,nan,nan,nan,nan,nan,nan,nan,nan,nan,nan,nan,nan,nan,nan,nan,nan,,nan,nan,nan,,nan,,,,
nan,nan,nan,nan,nan,nan,nan,nan,nan,nan,nan,nan,nan,nan,nan,nan,nan,0.0,0.0,0.0,0.0,0.0,0.0,0.0,0.0,1.0,0.0,0.0,0.0,0.0,0.0,0.0,0.0,1.0,nan,nan,nan,,nan,nan,nan,nan,nan,nan,nan,,,,nan,nan,nan,nan,nan,nan,nan,nan,nan,nan,nan,nan,,nan,nan,,,nan,nan,nan,nan,nan,nan,nan,nan,nan,nan,nan,nan,nan,nan,nan,nan,nan,nan,nan,nan,nan,nan,nan,nan,,nan,nan,nan,,nan,,,,
nan,nan,nan,nan,nan,nan,nan,nan,nan,nan,nan,nan,nan,nan,nan,nan,nan,0.0,0.0,0.0,0.0,0.0,0.0,0.0,0.0,0.0,0.0,0.0,0.0,0.0,0.0,0.0,0.0,0.0,nan,nan,nan,,nan,nan,nan,nan,nan,nan,nan,,,,nan,nan,nan,nan,nan,nan,nan,nan,nan,nan,nan,nan,,nan,nan,,,nan,nan,nan,nan,nan,nan,nan,nan,nan,nan,nan,nan,nan,nan,nan,nan,nan,nan,nan,nan,nan,nan,nan,nan,,nan,nan,nan,,nan,,,,
nan,nan,nan,nan,nan,nan,nan,nan,nan,nan,nan,nan,nan,nan,nan,nan,nan,0.0,0.0,0.0,0.0,0.0,0.0,0.0,0.0,0.0,0.0,0.0,0.0,0.0,0.0,0.0,0.0,0.0,nan,nan,nan,,nan,nan,nan,nan,nan,nan,nan,,,,nan,nan,nan,nan,nan,nan,nan,nan,nan,nan,nan,nan,,nan,nan,,,nan,nan,nan,nan,nan,nan,nan,nan,nan,nan,nan,nan,nan,nan,nan,nan,nan,nan,nan,nan,nan,nan,nan,nan,,nan,nan,nan,,nan,,,,
nan,nan,nan,nan,nan,nan,nan,nan,nan,nan,nan,nan,nan,nan,nan,nan,nan,0.0,0.0,0.0,0.0,0.0,0.0,0.0,0.0,0.0,0.0,0.0,0.0,0.0,0.0,0.0,0.0,0.0,nan,nan,nan,,nan,nan,nan,nan,nan,nan,nan,,,,nan,nan,nan,nan,nan,nan,nan,nan,nan,nan,nan,nan,,nan,nan,,,nan,nan,nan,nan,nan,nan,nan,nan,nan,nan,nan,nan,nan,nan,nan,nan,nan,nan,nan,nan,nan,nan,nan,nan,,nan,nan,nan,,nan,,,,
nan,nan,nan,nan,nan,nan,nan,nan,nan,nan,nan,nan,nan,nan,nan,nan,nan,0.0,0.0,0.0,0.0,0.0,0.0,0.0,0.0,0.0,0.0,0.0,0.0,0.0,0.0,0.0,0.0,0.0,nan,nan,nan,,nan,nan,nan,nan,nan,nan,nan,,,,nan,nan,nan,nan,nan,nan,nan,nan,nan,nan,nan,nan,,nan,nan,,,nan,nan,nan,nan,nan,nan,nan,nan,nan,nan,nan,nan,nan,nan,nan,nan,nan,nan,nan,nan,nan,nan,nan,nan,,nan,nan,nan,,nan,,,,
nan,nan,nan,nan,nan,nan,nan,nan,nan,nan,nan,nan,nan,nan,nan,nan,nan,0.0,0.0,0.0,0.0,0.0,0.0,0.0,0.0,0.0,0.0,0.0,0.0,0.0,0.0,0.0,0.0,0.0,nan,nan,nan,,nan,nan,nan,nan,nan,nan,nan,,,,nan,nan,nan,nan,nan,nan,nan,nan,nan,nan,nan,nan,,nan,nan,,,nan,nan,nan,nan,nan,nan,nan,nan,nan,nan,nan,nan,nan,nan,nan,nan,nan,nan,nan,nan,nan,nan,nan,nan,,nan,nan,nan,,nan,,,,
nan,nan,nan,nan,nan,nan,nan,nan,nan,nan,nan,nan,nan,nan,nan,nan,nan,0.0,0.0,0.0,0.0,0.0,0.0,0.0,0.0,0.0,0.0,0.0,0.0,0.0,0.0,0.0,0.0,0.0,nan,nan,nan,,nan,nan,nan,nan,nan,nan,nan,,,,nan,nan,nan,nan,nan,nan,nan,nan,nan,nan,nan,nan,,nan,nan,,,nan,nan,nan,nan,nan,nan,nan,nan,nan,nan,nan,nan,nan,nan,nan,nan,nan,nan,nan,nan,nan,nan,nan,nan,,nan,nan,nan,,nan,,,,
nan,nan,nan,nan,nan,nan,nan,nan,nan,nan,nan,nan,nan,nan,nan,nan,nan,0.0,0.0,0.0,0.0,0.0,0.0,0.0,0.0,0.0,0.0,0.0,0.0,0.0,0.0,0.0,0.0,0.0,nan,nan,nan,,nan,nan,nan,nan,nan,nan,nan,,,,nan,nan,nan,nan,nan,nan,nan,nan,nan,nan,nan,nan,,nan,nan,,,nan,nan,nan,nan,nan,nan,nan,nan,nan,nan,nan,nan,nan,nan,nan,nan,nan,nan,nan,nan,nan,nan,nan,nan,,nan,nan,nan,,nan,,,,
nan,nan,nan,nan,nan,nan,nan,nan,nan,nan,nan,nan,nan,nan,nan,nan,nan,0.0,0.0,0.0,0.0,0.0,0.0,0.0,0.0,0.0,0.0,0.0,0.0,0.0,0.0,0.0,0.0,0.0,nan,nan,nan,,nan,nan,nan,nan,nan,nan,nan,,,,nan,nan,nan,nan,nan,nan,nan,nan,nan,nan,nan,nan,,nan,nan,,,nan,nan,nan,nan,nan,nan,nan,nan,nan,nan,nan,nan,nan,nan,nan,nan,nan,nan,nan,nan,nan,nan,nan,nan,,nan,nan,nan,,nan,,,,
nan,nan,nan,nan,nan,nan,nan,nan,nan,nan,nan,nan,nan,nan,nan,nan,nan,0.0,0.0,0.0,0.0,0.0,0.0,0.0,0.0,0.0,0.0,0.0,0.0,0.0,0.0,0.0,0.0,0.0,nan,nan,nan,,nan,nan,nan,nan,nan,nan,nan,,,,nan,nan,nan,nan,nan,nan,nan,nan,nan,nan,nan,nan,,nan,nan,,,nan,nan,nan,nan,nan,nan,nan,nan,nan,nan,nan,nan,nan,nan,nan,nan,nan,nan,nan,nan,nan,nan,nan,nan,,nan,nan,nan,,nan,,,,
nan,nan,nan,nan,nan,nan,nan,nan,nan,nan,nan,nan,nan,nan,nan,nan,nan,0.0,0.0,0.0,0.0,0.0,0.0,0.0,0.0,0.0,0.0,0.0,0.0,0.0,0.0,0.0,0.0,0.0,nan,nan,nan,,nan,nan,nan,nan,nan,nan,nan,,,,nan,nan,nan,nan,nan,nan,nan,nan,nan,nan,nan,nan,,nan,nan,,,nan,nan,nan,nan,nan,nan,nan,nan,nan,nan,nan,nan,nan,nan,nan,nan,nan,nan,nan,nan,nan,nan,nan,nan,,nan,nan,nan,,nan,,,,
nan,nan,nan,nan,nan,nan,nan,nan,nan,nan,nan,nan,nan,nan,nan,nan,nan,0.0,0.0,0.0,0.0,0.0,0.0,0.0,0.0,0.0,0.0,0.0,0.0,0.0,0.0,0.0,0.0,0.0,nan,nan,nan,,nan,nan,nan,nan,nan,nan,nan,,,,nan,nan,nan,nan,nan,nan,nan,nan,nan,nan,nan,nan,,nan,nan,,,nan,nan,nan,nan,nan,nan,nan,nan,nan,nan,nan,nan,nan,nan,nan,nan,nan,nan,nan,nan,nan,nan,nan,nan,,nan,nan,nan,,nan,,,,
nan,nan,nan,nan,nan,nan,nan,nan,nan,nan,nan,nan,nan,nan,nan,nan,nan,0.0,0.0,0.0,0.0,0.0,0.0,0.0,0.0,0.0,0.0,0.0,0.0,0.0,0.0,0.0,0.0,0.0,nan,nan,nan,,nan,nan,nan,nan,nan,nan,nan,,,,nan,nan,nan,nan,nan,nan,nan,nan,nan,nan,nan,nan,,nan,nan,,,nan,nan,nan,nan,nan,nan,nan,nan,nan,nan,nan,nan,nan,nan,nan,nan,nan,nan,nan,nan,nan,nan,nan,nan,,nan,nan,nan,,nan,,,,
nan,nan,nan,nan,nan,nan,nan,nan,nan,nan,nan,nan,nan,nan,nan,nan,nan,0.0,0.0,0.0,0.0,0.0,0.0,0.0,0.0,0.0,0.0,0.0,0.0,0.0,0.0,0.0,0.0,0.0,nan,nan,nan,,nan,nan,nan,nan,nan,nan,nan,,,,nan,nan,nan,nan,nan,nan,nan,nan,nan,nan,nan,nan,,nan,nan,,,nan,nan,nan,nan,nan,nan,nan,nan,nan,nan,nan,nan,nan,nan,nan,nan,nan,nan,nan,nan,nan,nan,nan,nan,,nan,nan,nan,,nan,,,,
nan,nan,nan,nan,nan,nan,nan,nan,nan,nan,nan,nan,nan,nan,nan,nan,nan,0.0,0.0,0.0,0.0,0.0,0.0,0.0,0.0,0.0,0.0,0.0,0.0,0.0,0.0,0.0,0.0,0.0,nan,nan,nan,,nan,nan,nan,nan,nan,nan,nan,,,,nan,nan,nan,nan,nan,nan,nan,nan,nan,nan,nan,nan,,nan,nan,,,nan,nan,nan,nan,nan,nan,nan,nan,nan,nan,nan,nan,nan,nan,nan,nan,nan,nan,nan,nan,nan,nan,nan,nan,,nan,nan,nan,,nan,,,,
nan,nan,nan,nan,nan,nan,nan,nan,nan,nan,nan,nan,nan,nan,nan,nan,nan,0.0,0.0,0.0,0.0,0.0,0.0,0.0,0.0,0.0,0.0,0.0,0.0,0.0,0.0,0.0,0.0,0.0,nan,nan,nan,,nan,nan,nan,nan,nan,nan,nan,,,,nan,nan,nan,nan,nan,nan,nan,nan,nan,nan,nan,nan,,nan,nan,,,nan,nan,nan,nan,nan,nan,nan,nan,nan,nan,nan,nan,nan,nan,nan,nan,nan,nan,nan,nan,nan,nan,nan,nan,,nan,nan,nan,,nan,,,,
nan,nan,nan,nan,nan,nan,nan,nan,nan,nan,nan,nan,nan,nan,nan,nan,nan,0.0,0.0,0.0,0.0,0.0,0.0,0.0,0.0,0.0,0.0,0.0,0.0,0.0,0.0,0.0,0.0,0.0,nan,nan,nan,,nan,nan,nan,nan,nan,nan,nan,,,,nan,nan,nan,nan,nan,nan,nan,nan,nan,nan,nan,nan,,nan,nan,,,nan,nan,nan,nan,nan,nan,nan,nan,nan,nan,nan,nan,nan,nan,nan,nan,nan,nan,nan,nan,nan,nan,nan,nan,,nan,nan,nan,,nan,,,,
nan,nan,nan,nan,nan,nan,nan,nan,nan,nan,nan,nan,nan,nan,nan,nan,nan,0.0,0.0,0.0,0.0,0.0,0.0,0.0,0.0,0.0,0.0,0.0,0.0,0.0,0.0,0.0,0.0,0.0,nan,nan,nan,,nan,nan,nan,nan,nan,nan,nan,,,,nan,nan,nan,nan,nan,nan,nan,nan,nan,nan,nan,nan,,nan,nan,,,nan,nan,nan,nan,nan,nan,nan,nan,nan,nan,nan,nan,nan,nan,nan,nan,nan,nan,nan,nan,nan,nan,nan,nan,,nan,nan,nan,,nan,,,,
nan,nan,nan,nan,nan,nan,nan,nan,nan,nan,nan,nan,nan,nan,nan,nan,nan,0.0,0.0,0.0,0.0,0.0,0.0,0.0,0.0,0.0,0.0,0.0,0.0,0.0,0.0,0.0,0.0,0.0,nan,nan,nan,,nan,nan,nan,nan,nan,nan,nan,,,,nan,nan,nan,nan,nan,nan,nan,nan,nan,nan,nan,nan,,nan,nan,,,nan,nan,nan,nan,nan,nan,nan,nan,nan,nan,nan,nan,nan,nan,nan,nan,nan,nan,nan,nan,nan,nan,nan,nan,,nan,nan,nan,,nan,,,,
nan,nan,nan,nan,nan,nan,nan,nan,nan,nan,nan,nan,nan,nan,nan,nan,nan,0.0,0.0,0.0,0.0,0.0,0.0,0.0,0.0,0.0,0.0,0.0,0.0,0.0,0.0,0.0,0.0,0.0,nan,nan,nan,,nan,nan,nan,nan,nan,nan,nan,,,,nan,nan,nan,nan,nan,nan,nan,nan,nan,nan,nan,nan,,nan,nan,,,nan,nan,nan,nan,nan,nan,nan,nan,nan,nan,nan,nan,nan,nan,nan,nan,nan,nan,nan,nan,nan,nan,nan,nan,,nan,nan,nan,,nan,,,,
nan,nan,nan,nan,nan,nan,nan,nan,nan,nan,nan,nan,nan,nan,nan,nan,nan,0.0,0.0,0.0,0.0,0.0,0.0,0.0,0.0,0.0,0.0,0.0,0.0,0.0,0.0,0.0,0.0,0.0,nan,nan,nan,,nan,nan,nan,nan,nan,nan,nan,,,,nan,nan,nan,nan,nan,nan,nan,nan,nan,nan,nan,nan,,nan,nan,,,nan,nan,nan,nan,nan,nan,nan,nan,nan,nan,nan,nan,nan,nan,nan,nan,nan,nan,nan,nan,nan,nan,nan,nan,,nan,nan,nan,,nan,,,,
nan,nan,nan,nan,nan,nan,nan,nan,nan,nan,nan,nan,nan,nan,nan,nan,nan,0.0,0.0,0.0,0.0,0.0,0.0,0.0,0.0,0.0,0.0,0.0,0.0,0.0,0.0,0.0,0.0,0.0,nan,nan,nan,,nan,nan,nan,nan,nan,nan,nan,,,,nan,nan,nan,nan,nan,nan,nan,nan,nan,nan,nan,nan,,nan,nan,,,nan,nan,nan,nan,nan,nan,nan,nan,nan,nan,nan,nan,nan,nan,nan,nan,nan,nan,nan,nan,nan,nan,nan,nan,,nan,nan,nan,,nan,,,,
nan,nan,nan,nan,nan,nan,nan,nan,nan,nan,nan,nan,nan,nan,nan,nan,nan,0.0,0.0,0.0,0.0,0.0,0.0,0.0,0.0,0.0,0.0,0.0,0.0,0.0,0.0,0.0,0.0,0.0,nan,nan,nan,,nan,nan,nan,nan,nan,nan,nan,,,,nan,nan,nan,nan,nan,nan,nan,nan,nan,nan,nan,nan,,nan,nan,,,nan,nan,nan,nan,nan,nan,nan,nan,nan,nan,nan,nan,nan,nan,nan,nan,nan,nan,nan,nan,nan,nan,nan,nan,,nan,nan,nan,,nan,,,,
nan,nan,nan,nan,nan,nan,nan,nan,nan,nan,nan,nan,nan,nan,nan,nan,nan,0.0,0.0,0.0,0.0,0.0,0.0,0.0,0.0,0.0,0.0,0.0,0.0,0.0,0.0,0.0,0.0,0.0,nan,nan,nan,,nan,nan,nan,nan,nan,nan,nan,,,,nan,nan,nan,nan,nan,nan,nan,nan,nan,nan,nan,nan,,nan,nan,,,nan,nan,nan,nan,nan,nan,nan,nan,nan,nan,nan,nan,nan,nan,nan,nan,nan,nan,nan,nan,nan,nan,nan,nan,,nan,nan,nan,,nan,,,,
nan,nan,nan,nan,nan,nan,nan,nan,nan,nan,nan,nan,nan,nan,nan,nan,nan,0.0,0.0,0.0,0.0,0.0,0.0,0.0,0.0,0.0,0.0,0.0,0.0,0.0,0.0,0.0,0.0,0.0,nan,nan,nan,,nan,nan,nan,nan,nan,nan,nan,,,,nan,nan,nan,nan,nan,nan,nan,nan,nan,nan,nan,nan,,nan,nan,,,nan,nan,nan,nan,nan,nan,nan,nan,nan,nan,nan,nan,nan,nan,nan,nan,nan,nan,nan,nan,nan,nan,nan,nan,,nan,nan,nan,,nan,,,,
nan,nan,nan,nan,nan,nan,nan,nan,nan,nan,nan,nan,nan,nan,nan,nan,nan,0.0,0.0,0.0,0.0,0.0,0.0,0.0,0.0,0.0,0.0,0.0,0.0,0.0,0.0,0.0,0.0,0.0,nan,nan,nan,,nan,nan,nan,nan,nan,nan,nan,,,,nan,nan,nan,nan,nan,nan,nan,nan,nan,nan,nan,nan,,nan,nan,,,nan,nan,nan,nan,nan,nan,nan,nan,nan,nan,nan,nan,nan,nan,nan,nan,nan,nan,nan,nan,nan,nan,nan,nan,,nan,nan,nan,,nan,,,,
nan,nan,nan,nan,nan,nan,nan,nan,nan,nan,nan,nan,nan,nan,nan,nan,nan,0.0,0.0,0.0,0.0,0.0,0.0,0.0,0.0,1.0,0.0,0.0,0.0,0.0,0.0,0.0,0.0,1.0,nan,nan,nan,,nan,nan,nan,nan,nan,nan,nan,,,,nan,nan,nan,nan,nan,nan,nan,nan,nan,nan,nan,nan,,nan,nan,,,nan,nan,nan,nan,nan,nan,nan,nan,nan,nan,nan,nan,nan,nan,nan,nan,nan,nan,nan,nan,nan,nan,nan,nan,,nan,nan,nan,,nan,,,,
nan,nan,nan,nan,nan,nan,nan,nan,nan,nan,nan,nan,nan,nan,nan,nan,nan,0.0,0.0,0.0,0.0,0.0,0.0,0.0,0.0,0.0,0.0,0.0,0.0,0.0,0.0,0.0,0.0,0.0,nan,nan,nan,,nan,nan,nan,nan,nan,nan,nan,,,,nan,nan,nan,nan,nan,nan,nan,nan,nan,nan,nan,nan,,nan,nan,,,nan,nan,nan,nan,nan,nan,nan,nan,nan,nan,nan,nan,nan,nan,nan,nan,nan,nan,nan,nan,nan,nan,nan,nan,,nan,nan,nan,,nan,,,,
nan,nan,nan,nan,nan,nan,nan,nan,nan,nan,nan,nan,nan,nan,nan,nan,nan,0.0,0.0,0.0,0.0,0.0,0.0,0.0,0.0,0.0,0.0,0.0,0.0,0.0,0.0,0.0,0.0,0.0,nan,nan,nan,,nan,nan,nan,nan,nan,nan,nan,,,,nan,nan,nan,nan,nan,nan,nan,nan,nan,nan,nan,nan,,nan,nan,,,nan,nan,nan,nan,nan,nan,nan,nan,nan,nan,nan,nan,nan,nan,nan,nan,nan,nan,nan,nan,nan,nan,nan,nan,,nan,nan,nan,,nan,,,,
nan,nan,nan,nan,nan,nan,nan,nan,nan,nan,nan,nan,nan,nan,nan,nan,nan,0.0,0.0,0.0,0.0,0.0,0.0,0.0,0.0,0.0,0.0,0.0,0.0,0.0,0.0,0.0,0.0,0.0,nan,nan,nan,,nan,nan,nan,nan,nan,nan,nan,,,,nan,nan,nan,nan,nan,nan,nan,nan,nan,nan,nan,nan,,nan,nan,,,nan,nan,nan,nan,nan,nan,nan,nan,nan,nan,nan,nan,nan,nan,nan,nan,nan,nan,nan,nan,nan,nan,nan,nan,,nan,nan,nan,,nan,,,,
nan,nan,nan,nan,nan,nan,nan,nan,nan,nan,nan,nan,nan,nan,nan,nan,nan,0.0,0.0,0.0,0.0,0.0,0.0,0.0,0.0,0.0,0.0,0.0,0.0,0.0,0.0,0.0,0.0,0.0,nan,nan,nan,,nan,nan,nan,nan,nan,nan,nan,,,,nan,nan,nan,nan,nan,nan,nan,nan,nan,nan,nan,nan,,nan,nan,,,nan,nan,nan,nan,nan,nan,nan,nan,nan,nan,nan,nan,nan,nan,nan,nan,nan,nan,nan,nan,nan,nan,nan,nan,,nan,nan,nan,,nan,,,,
nan,nan,nan,nan,nan,nan,nan,nan,nan,nan,nan,nan,nan,nan,nan,nan,nan,0.0,0.0,0.0,0.0,0.0,0.0,0.0,0.0,1.0,0.0,0.0,0.0,0.0,0.0,0.0,0.0,1.0,nan,nan,nan,,nan,nan,nan,nan,nan,nan,nan,,,,nan,nan,nan,nan,nan,nan,nan,nan,nan,nan,nan,nan,,nan,nan,,,nan,nan,nan,nan,nan,nan,nan,nan,nan,nan,nan,nan,nan,nan,nan,nan,nan,nan,nan,nan,nan,nan,nan,nan,,nan,nan,nan,,nan,,,,
nan,nan,nan,nan,nan,nan,nan,nan,nan,nan,nan,nan,nan,nan,nan,nan,nan,0.0,0.0,0.0,0.0,0.0,0.0,0.0,0.0,0.0,0.0,0.0,0.0,0.0,0.0,0.0,0.0,0.0,nan,nan,nan,,nan,nan,nan,nan,nan,nan,nan,,,,nan,nan,nan,nan,nan,nan,nan,nan,nan,nan,nan,nan,,nan,nan,,,nan,nan,nan,nan,nan,nan,nan,nan,nan,nan,nan,nan,nan,nan,nan,nan,nan,nan,nan,nan,nan,nan,nan,nan,,nan,nan,nan,,nan,,,,
nan,nan,nan,nan,nan,nan,nan,nan,nan,nan,nan,nan,nan,nan,nan,nan,nan,0.0,0.0,0.0,0.0,0.0,0.0,0.0,0.0,0.0,0.0,0.0,0.0,0.0,0.0,0.0,0.0,0.0,nan,nan,nan,,nan,nan,nan,nan,nan,nan,nan,,,,nan,nan,nan,nan,nan,nan,nan,nan,nan,nan,nan,nan,,nan,nan,,,nan,nan,nan,nan,nan,nan,nan,nan,nan,nan,nan,nan,nan,nan,nan,nan,nan,nan,nan,nan,nan,nan,nan,nan,,nan,nan,nan,,nan,,,,
nan,nan,nan,nan,nan,nan,nan,nan,nan,nan,nan,nan,nan,nan,nan,nan,nan,0.0,0.0,0.0,0.0,0.0,0.0,0.0,0.0,0.0,0.0,0.0,0.0,0.0,0.0,0.0,0.0,0.0,nan,nan,nan,,nan,nan,nan,nan,nan,nan,nan,,,,nan,nan,nan,nan,nan,nan,nan,nan,nan,nan,nan,nan,,nan,nan,,,nan,nan,nan,nan,nan,nan,nan,nan,nan,nan,nan,nan,nan,nan,nan,nan,nan,nan,nan,nan,nan,nan,nan,nan,,nan,nan,nan,,nan,,,,
nan,nan,nan,nan,nan,nan,nan,nan,nan,nan,nan,nan,nan,nan,nan,nan,nan,0.0,0.0,0.0,0.0,0.0,0.0,0.0,0.0,0.0,0.0,0.0,0.0,0.0,0.0,0.0,0.0,0.0,nan,nan,nan,,nan,nan,nan,nan,nan,nan,nan,,,,nan,nan,nan,nan,nan,nan,nan,nan,nan,nan,nan,nan,,nan,nan,,,nan,nan,nan,nan,nan,nan,nan,nan,nan,nan,nan,nan,nan,nan,nan,nan,nan,nan,nan,nan,nan,nan,nan,nan,,nan,nan,nan,,nan,,,,
nan,nan,nan,nan,nan,nan,nan,nan,nan,nan,nan,nan,nan,nan,nan,nan,nan,0.0,0.0,0.0,0.0,0.0,0.0,0.0,0.0,0.0,0.0,0.0,0.0,0.0,0.0,0.0,0.0,0.0,nan,nan,nan,,nan,nan,nan,nan,nan,nan,nan,,,,nan,nan,nan,nan,nan,nan,nan,nan,nan,nan,nan,nan,,nan,nan,,,nan,nan,nan,nan,nan,nan,nan,nan,nan,nan,nan,nan,nan,nan,nan,nan,nan,nan,nan,nan,nan,nan,nan,nan,,nan,nan,nan,,nan,,,,
nan,nan,nan,nan,nan,nan,nan,nan,nan,nan,nan,nan,nan,nan,nan,nan,nan,0.0,0.0,0.0,0.0,0.0,0.0,0.0,0.0,0.0,0.0,0.0,0.0,0.0,0.0,0.0,0.0,0.0,nan,nan,nan,,nan,nan,nan,nan,nan,nan,nan,,,,nan,nan,nan,nan,nan,nan,nan,nan,nan,nan,nan,nan,,nan,nan,,,nan,nan,nan,nan,nan,nan,nan,nan,nan,nan,nan,nan,nan,nan,nan,nan,nan,nan,nan,nan,nan,nan,nan,nan,,nan,nan,nan,,nan,,,,
nan,nan,nan,nan,nan,nan,nan,nan,nan,nan,nan,nan,nan,nan,nan,nan,nan,0.0,0.0,0.0,0.0,0.0,0.0,0.0,0.0,0.0,0.0,0.0,0.0,0.0,0.0,0.0,0.0,0.0,nan,nan,nan,,nan,nan,nan,nan,nan,nan,nan,,,,nan,nan,nan,nan,nan,nan,nan,nan,nan,nan,nan,nan,,nan,nan,,,nan,nan,nan,nan,nan,nan,nan,nan,nan,nan,nan,nan,nan,nan,nan,nan,nan,nan,nan,nan,nan,nan,nan,nan,,nan,nan,nan,,nan,,,,
nan,nan,nan,nan,nan,nan,nan,nan,nan,nan,nan,nan,nan,nan,nan,nan,nan,0.0,0.0,0.0,0.0,0.0,0.0,0.0,0.0,0.0,0.0,0.0,0.0,0.0,0.0,0.0,0.0,0.0,nan,nan,nan,,nan,nan,nan,nan,nan,nan,nan,,,,nan,nan,nan,nan,nan,nan,nan,nan,nan,nan,nan,nan,,nan,nan,,,nan,nan,nan,nan,nan,nan,nan,nan,nan,nan,nan,nan,nan,nan,nan,nan,nan,nan,nan,nan,nan,nan,nan,nan,,nan,nan,nan,,nan,,,,
nan,nan,nan,nan,nan,nan,nan,nan,nan,nan,nan,nan,nan,nan,nan,nan,nan,0.0,0.0,0.0,0.0,0.0,0.0,0.0,0.0,0.0,0.0,0.0,0.0,0.0,0.0,0.0,0.0,0.0,nan,nan,nan,,nan,nan,nan,nan,nan,nan,nan,,,,nan,nan,nan,nan,nan,nan,nan,nan,nan,nan,nan,nan,,nan,nan,,,nan,nan,nan,nan,nan,nan,nan,nan,nan,nan,nan,nan,nan,nan,nan,nan,nan,nan,nan,nan,nan,nan,nan,nan,,nan,nan,nan,,nan,,,,
nan,nan,nan,nan,nan,nan,nan,nan,nan,nan,nan,nan,nan,nan,nan,nan,nan,0.0,0.0,0.0,0.0,0.0,0.0,0.0,0.0,0.0,0.0,0.0,0.0,0.0,0.0,0.0,0.0,0.0,nan,nan,nan,,nan,nan,nan,nan,nan,nan,nan,,,,nan,nan,nan,nan,nan,nan,nan,nan,nan,nan,nan,nan,,nan,nan,,,nan,nan,nan,nan,nan,nan,nan,nan,nan,nan,nan,nan,nan,nan,nan,nan,nan,nan,nan,nan,nan,nan,nan,nan,,nan,nan,nan,,nan,,,,
nan,nan,nan,nan,nan,nan,nan,nan,nan,nan,nan,nan,nan,nan,nan,nan,nan,0.0,0.0,0.0,0.0,0.0,0.0,0.0,0.0,0.0,0.0,0.0,0.0,0.0,0.0,0.0,0.0,0.0,nan,nan,nan,,nan,nan,nan,nan,nan,nan,nan,,,,nan,nan,nan,nan,nan,nan,nan,nan,nan,nan,nan,nan,,nan,nan,,,nan,nan,nan,nan,nan,nan,nan,nan,nan,nan,nan,nan,nan,nan,nan,nan,nan,nan,nan,nan,nan,nan,nan,nan,,nan,nan,nan,,nan,,,,
nan,nan,nan,nan,nan,nan,nan,nan,nan,nan,nan,nan,nan,nan,nan,nan,nan,0.0,0.0,0.0,0.0,0.0,0.0,0.0,0.0,0.0,0.0,0.0,0.0,0.0,0.0,0.0,0.0,0.0,nan,nan,nan,,nan,nan,nan,nan,nan,nan,nan,,,,nan,nan,nan,nan,nan,nan,nan,nan,nan,nan,nan,nan,,nan,nan,,,nan,nan,nan,nan,nan,nan,nan,nan,nan,nan,nan,nan,nan,nan,nan,nan,nan,nan,nan,nan,nan,nan,nan,nan,,nan,nan,nan,,nan,,,,
nan,nan,nan,nan,nan,nan,nan,nan,nan,nan,nan,nan,nan,nan,nan,nan,nan,0.0,0.0,0.0,0.0,0.0,0.0,0.0,0.0,0.0,0.0,0.0,0.0,0.0,0.0,0.0,0.0,0.0,nan,nan,nan,,nan,nan,nan,nan,nan,nan,nan,,,,nan,nan,nan,nan,nan,nan,nan,nan,nan,nan,nan,nan,,nan,nan,,,nan,nan,nan,nan,nan,nan,nan,nan,nan,nan,nan,nan,nan,nan,nan,nan,nan,nan,nan,nan,nan,nan,nan,nan,,nan,nan,nan,,nan,,,,
nan,nan,nan,nan,nan,nan,nan,nan,nan,nan,nan,nan,nan,nan,nan,nan,nan,0.0,0.0,0.0,0.0,0.0,0.0,0.0,0.0,1.0,0.0,0.0,0.0,0.0,0.0,0.0,0.0,1.0,nan,nan,nan,,nan,nan,nan,nan,nan,nan,nan,,,,nan,nan,nan,nan,nan,nan,nan,nan,nan,nan,nan,nan,,nan,nan,,,nan,nan,nan,nan,nan,nan,nan,nan,nan,nan,nan,nan,nan,nan,nan,nan,nan,nan,nan,nan,nan,nan,nan,nan,,nan,nan,nan,,nan,,,,
nan,nan,nan,nan,nan,nan,nan,nan,nan,nan,nan,nan,nan,nan,nan,nan,nan,0.0,0.0,0.0,0.0,0.0,0.0,0.0,0.0,1.0,0.0,0.0,0.0,0.0,0.0,0.0,0.0,1.0,nan,nan,nan,,nan,nan,nan,nan,nan,nan,nan,,,,nan,nan,nan,nan,nan,nan,nan,nan,nan,nan,nan,nan,,nan,nan,,,nan,nan,nan,nan,nan,nan,nan,nan,nan,nan,nan,nan,nan,nan,nan,nan,nan,nan,nan,nan,nan,nan,nan,nan,,nan,nan,nan,,nan,,,,
nan,nan,nan,nan,nan,nan,nan,nan,nan,nan,nan,nan,nan,nan,nan,nan,nan,0.0,0.0,0.0,0.0,0.0,0.0,0.0,0.0,2.0,0.0,0.0,0.0,0.0,0.0,0.0,0.0,2.0,nan,nan,nan,,nan,nan,nan,nan,nan,nan,nan,,,,nan,nan,nan,nan,nan,nan,nan,nan,nan,nan,nan,nan,,nan,nan,,,nan,nan,nan,nan,nan,nan,nan,nan,nan,nan,nan,nan,nan,nan,nan,nan,nan,nan,nan,nan,nan,nan,nan,nan,,nan,nan,nan,,nan,,,,
nan,nan,nan,nan,nan,nan,nan,nan,nan,nan,nan,nan,nan,nan,nan,nan,nan,0.0,0.0,0.0,0.0,0.0,0.0,0.0,0.0,0.0,0.0,0.0,0.0,0.0,0.0,0.0,0.0,0.0,nan,nan,nan,,nan,nan,nan,nan,nan,nan,nan,,,,nan,nan,nan,nan,nan,nan,nan,nan,nan,nan,nan,nan,,nan,nan,,,nan,nan,nan,nan,nan,nan,nan,nan,nan,nan,nan,nan,nan,nan,nan,nan,nan,nan,nan,nan,nan,nan,nan,nan,,nan,nan,nan,,nan,,,,
nan,nan,nan,nan,nan,nan,nan,nan,nan,nan,nan,nan,nan,nan,nan,nan,nan,0.0,0.0,0.0,0.0,0.0,0.0,0.0,0.0,1.0,0.0,0.0,0.0,0.0,0.0,0.0,0.0,1.0,nan,nan,nan,,nan,nan,nan,nan,nan,nan,nan,,,,nan,nan,nan,nan,nan,nan,nan,nan,nan,nan,nan,nan,,nan,nan,,,nan,nan,nan,nan,nan,nan,nan,nan,nan,nan,nan,nan,nan,nan,nan,nan,nan,nan,nan,nan,nan,nan,nan,nan,,nan,nan,nan,,nan,,,,
nan,nan,nan,nan,nan,nan,nan,nan,nan,nan,nan,nan,nan,nan,nan,nan,nan,0.0,0.0,0.0,0.0,0.0,0.0,0.0,0.0,0.0,0.0,0.0,0.0,0.0,0.0,0.0,0.0,0.0,nan,nan,nan,,nan,nan,nan,nan,nan,nan,nan,,,,nan,nan,nan,nan,nan,nan,nan,nan,nan,nan,nan,nan,,nan,nan,,,nan,nan,nan,nan,nan,nan,nan,nan,nan,nan,nan,nan,nan,nan,nan,nan,nan,nan,nan,nan,nan,nan,nan,nan,,nan,nan,nan,,nan,,,,
nan,nan,nan,nan,nan,nan,nan,nan,nan,nan,nan,nan,nan,nan,nan,nan,nan,0.0,0.0,0.0,0.0,0.0,0.0,0.0,0.0,0.0,0.0,0.0,0.0,0.0,0.0,0.0,0.0,0.0,nan,nan,nan,,nan,nan,nan,nan,nan,nan,nan,,,,nan,nan,nan,nan,nan,nan,nan,nan,nan,nan,nan,nan,,nan,nan,,,nan,nan,nan,nan,nan,nan,nan,nan,nan,nan,nan,nan,nan,nan,nan,nan,nan,nan,nan,nan,nan,nan,nan,nan,,nan,nan,nan,,nan,,,,
nan,nan,nan,nan,nan,nan,nan,nan,nan,nan,nan,nan,nan,nan,nan,nan,nan,0.0,0.0,0.0,0.0,0.0,0.0,0.0,0.0,0.0,0.0,0.0,0.0,0.0,0.0,0.0,0.0,0.0,nan,nan,nan,,nan,nan,nan,nan,nan,nan,nan,,,,nan,nan,nan,nan,nan,nan,nan,nan,nan,nan,nan,nan,,nan,nan,,,nan,nan,nan,nan,nan,nan,nan,nan,nan,nan,nan,nan,nan,nan,nan,nan,nan,nan,nan,nan,nan,nan,nan,nan,,nan,nan,nan,,nan,,,,
nan,nan,nan,nan,nan,nan,nan,nan,nan,nan,nan,nan,nan,nan,nan,nan,nan,0.0,0.0,0.0,0.0,0.0,0.0,0.0,0.0,1.0,0.0,0.0,0.0,0.0,0.0,0.0,0.0,1.0,nan,nan,nan,,nan,nan,nan,nan,nan,nan,nan,,,,nan,nan,nan,nan,nan,nan,nan,nan,nan,nan,nan,nan,,nan,nan,,,nan,nan,nan,nan,nan,nan,nan,nan,nan,nan,nan,nan,nan,nan,nan,nan,nan,nan,nan,nan,nan,nan,nan,nan,,nan,nan,nan,,nan,,,,
nan,nan,nan,nan,nan,nan,nan,nan,nan,nan,nan,nan,nan,nan,nan,nan,nan,0.0,0.0,0.0,0.0,0.0,0.0,0.0,0.0,0.0,0.0,0.0,0.0,0.0,0.0,0.0,0.0,0.0,nan,nan,nan,,nan,nan,nan,nan,nan,nan,nan,,,,nan,nan,nan,nan,nan,nan,nan,nan,nan,nan,nan,nan,,nan,nan,,,nan,nan,nan,nan,nan,nan,nan,nan,nan,nan,nan,nan,nan,nan,nan,nan,nan,nan,nan,nan,nan,nan,nan,nan,,nan,nan,nan,,nan,,,,
nan,nan,nan,nan,nan,nan,nan,nan,nan,nan,nan,nan,nan,nan,nan,nan,nan,0.0,0.0,0.0,0.0,0.0,0.0,0.0,0.0,1.0,0.0,0.0,0.0,0.0,0.0,0.0,0.0,1.0,nan,nan,nan,,nan,nan,nan,nan,nan,nan,nan,,,,nan,nan,nan,nan,nan,nan,nan,nan,nan,nan,nan,nan,,nan,nan,,,nan,nan,nan,nan,nan,nan,nan,nan,nan,nan,nan,nan,nan,nan,nan,nan,nan,nan,nan,nan,nan,nan,nan,nan,,nan,nan,nan,,nan,,,,
nan,nan,nan,nan,nan,nan,nan,nan,nan,nan,nan,nan,nan,nan,nan,nan,nan,0.0,0.0,0.0,0.0,0.0,0.0,0.0,0.0,0.0,0.0,0.0,0.0,0.0,0.0,0.0,0.0,0.0,nan,nan,nan,,nan,nan,nan,nan,nan,nan,nan,,,,nan,nan,nan,nan,nan,nan,nan,nan,nan,nan,nan,nan,,nan,nan,,,nan,nan,nan,nan,nan,nan,nan,nan,nan,nan,nan,nan,nan,nan,nan,nan,nan,nan,nan,nan,nan,nan,nan,nan,,nan,nan,nan,,nan,,,,
nan,nan,nan,nan,nan,nan,nan,nan,nan,nan,nan,nan,nan,nan,nan,nan,nan,0.0,0.0,0.0,0.0,0.0,0.0,0.0,0.0,0.0,0.0,0.0,0.0,0.0,0.0,0.0,0.0,0.0,nan,nan,nan,,nan,nan,nan,nan,nan,nan,nan,,,,nan,nan,nan,nan,nan,nan,nan,nan,nan,nan,nan,nan,,nan,nan,,,nan,nan,nan,nan,nan,nan,nan,nan,nan,nan,nan,nan,nan,nan,nan,nan,nan,nan,nan,nan,nan,nan,nan,nan,,nan,nan,nan,,nan,,,,
nan,nan,nan,nan,nan,nan,nan,nan,nan,nan,nan,nan,nan,nan,nan,nan,nan,0.0,0.0,0.0,0.0,0.0,0.0,0.0,0.0,0.0,0.0,0.0,0.0,0.0,0.0,0.0,0.0,0.0,nan,nan,nan,,nan,nan,nan,nan,nan,nan,nan,,,,nan,nan,nan,nan,nan,nan,nan,nan,nan,nan,nan,nan,,nan,nan,,,nan,nan,nan,nan,nan,nan,nan,nan,nan,nan,nan,nan,nan,nan,nan,nan,nan,nan,nan,nan,nan,nan,nan,nan,,nan,nan,nan,,nan,,,,
nan,nan,nan,nan,nan,nan,nan,nan,nan,nan,nan,nan,nan,nan,nan,nan,nan,0.0,0.0,0.0,0.0,0.0,0.0,0.0,0.0,1.0,0.0,0.0,0.0,0.0,0.0,0.0,0.0,1.0,nan,nan,nan,,nan,nan,nan,nan,nan,nan,nan,,,,nan,nan,nan,nan,nan,nan,nan,nan,nan,nan,nan,nan,,nan,nan,,,nan,nan,nan,nan,nan,nan,nan,nan,nan,nan,nan,nan,nan,nan,nan,nan,nan,nan,nan,nan,nan,nan,nan,nan,,nan,nan,nan,,nan,,,,
nan,nan,nan,nan,nan,nan,nan,nan,nan,nan,nan,nan,nan,nan,nan,nan,nan,0.0,0.0,0.0,0.0,0.0,0.0,0.0,0.0,1.0,0.0,0.0,0.0,0.0,0.0,0.0,0.0,1.0,nan,nan,nan,,nan,nan,nan,nan,nan,nan,nan,,,,nan,nan,nan,nan,nan,nan,nan,nan,nan,nan,nan,nan,,nan,nan,,,nan,nan,nan,nan,nan,nan,nan,nan,nan,nan,nan,nan,nan,nan,nan,nan,nan,nan,nan,nan,nan,nan,nan,nan,,nan,nan,nan,,nan,,,,
nan,nan,nan,nan,nan,nan,nan,nan,nan,nan,nan,nan,nan,nan,nan,nan,nan,0.0,0.0,0.0,0.0,0.0,0.0,0.0,0.0,0.0,0.0,0.0,0.0,0.0,0.0,0.0,0.0,0.0,nan,nan,nan,,nan,nan,nan,nan,nan,nan,nan,,,,nan,nan,nan,nan,nan,nan,nan,nan,nan,nan,nan,nan,,nan,nan,,,nan,nan,nan,nan,nan,nan,nan,nan,nan,nan,nan,nan,nan,nan,nan,nan,nan,nan,nan,nan,nan,nan,nan,nan,,nan,nan,nan,,nan,,,,
nan,nan,nan,nan,nan,nan,nan,nan,nan,nan,nan,nan,nan,nan,nan,nan,nan,0.0,0.0,0.0,0.0,0.0,0.0,0.0,0.0,0.0,0.0,0.0,0.0,0.0,0.0,0.0,0.0,0.0,nan,nan,nan,,nan,nan,nan,nan,nan,nan,nan,,,,nan,nan,nan,nan,nan,nan,nan,nan,nan,nan,nan,nan,,nan,nan,,,nan,nan,nan,nan,nan,nan,nan,nan,nan,nan,nan,nan,nan,nan,nan,nan,nan,nan,nan,nan,nan,nan,nan,nan,,nan,nan,nan,,nan,,,,
nan,nan,nan,nan,nan,nan,nan,nan,nan,nan,nan,nan,nan,nan,nan,nan,nan,0.0,0.0,0.0,0.0,0.0,0.0,0.0,0.0,0.0,0.0,0.0,0.0,0.0,0.0,0.0,0.0,0.0,nan,nan,nan,,nan,nan,nan,nan,nan,nan,nan,,,,nan,nan,nan,nan,nan,nan,nan,nan,nan,nan,nan,nan,,nan,nan,,,nan,nan,nan,nan,nan,nan,nan,nan,nan,nan,nan,nan,nan,nan,nan,nan,nan,nan,nan,nan,nan,nan,nan,nan,,nan,nan,nan,,nan,,,,
nan,nan,nan,nan,nan,nan,nan,nan,nan,nan,nan,nan,nan,nan,nan,nan,nan,0.0,0.0,0.0,0.0,0.0,0.0,0.0,0.0,0.0,0.0,0.0,0.0,0.0,0.0,0.0,0.0,0.0,nan,nan,nan,,nan,nan,nan,nan,nan,nan,nan,,,,nan,nan,nan,nan,nan,nan,nan,nan,nan,nan,nan,nan,,nan,nan,,,nan,nan,nan,nan,nan,nan,nan,nan,nan,nan,nan,nan,nan,nan,nan,nan,nan,nan,nan,nan,nan,nan,nan,nan,,nan,nan,nan,,nan,,,,
nan,nan,nan,nan,nan,nan,nan,nan,nan,nan,nan,nan,nan,nan,nan,nan,nan,0.0,0.0,0.0,0.0,0.0,0.0,0.0,0.0,1.0,0.0,0.0,0.0,0.0,0.0,0.0,0.0,1.0,nan,nan,nan,,nan,nan,nan,nan,nan,nan,nan,,,,nan,nan,nan,nan,nan,nan,nan,nan,nan,nan,nan,nan,,nan,nan,,,nan,nan,nan,nan,nan,nan,nan,nan,nan,nan,nan,nan,nan,nan,nan,nan,nan,nan,nan,nan,nan,nan,nan,nan,,nan,nan,nan,,nan,,,,
nan,nan,nan,nan,nan,nan,nan,nan,nan,nan,nan,nan,nan,nan,nan,nan,nan,0.0,0.0,0.0,0.0,0.0,0.0,0.0,0.0,1.0,0.0,0.0,0.0,0.0,0.0,0.0,0.0,1.0,nan,nan,nan,,nan,nan,nan,nan,nan,nan,nan,,,,nan,nan,nan,nan,nan,nan,nan,nan,nan,nan,nan,nan,,nan,nan,,,nan,nan,nan,nan,nan,nan,nan,nan,nan,nan,nan,nan,nan,nan,nan,nan,nan,nan,nan,nan,nan,nan,nan,nan,,nan,nan,nan,,nan,,,,
nan,nan,nan,nan,nan,nan,nan,nan,nan,nan,nan,nan,nan,nan,nan,nan,nan,0.0,0.0,0.0,0.0,0.0,0.0,0.0,0.0,0.0,0.0,0.0,0.0,0.0,0.0,0.0,0.0,0.0,nan,nan,nan,,nan,nan,nan,nan,nan,nan,nan,,,,nan,nan,nan,nan,nan,nan,nan,nan,nan,nan,nan,nan,,nan,nan,,,nan,nan,nan,nan,nan,nan,nan,nan,nan,nan,nan,nan,nan,nan,nan,nan,nan,nan,nan,nan,nan,nan,nan,nan,,nan,nan,nan,,nan,,,,
nan,nan,nan,nan,nan,nan,nan,nan,nan,nan,nan,nan,nan,nan,nan,nan,nan,0.0,0.0,0.0,0.0,0.0,0.0,0.0,0.0,1.0,0.0,0.0,0.0,0.0,0.0,0.0,0.0,1.0,nan,nan,nan,,nan,nan,nan,nan,nan,nan,nan,,,,nan,nan,nan,nan,nan,nan,nan,nan,nan,nan,nan,nan,,nan,nan,,,nan,nan,nan,nan,nan,nan,nan,nan,nan,nan,nan,nan,nan,nan,nan,nan,nan,nan,nan,nan,nan,nan,nan,nan,,nan,nan,nan,,nan,,,,
nan,nan,nan,nan,nan,nan,nan,nan,nan,nan,nan,nan,nan,nan,nan,nan,nan,0.0,0.0,0.0,0.0,0.0,0.0,0.0,0.0,0.0,0.0,0.0,0.0,0.0,0.0,0.0,0.0,0.0,nan,nan,nan,,nan,nan,nan,nan,nan,nan,nan,,,,nan,nan,nan,nan,nan,nan,nan,nan,nan,nan,nan,nan,,nan,nan,,,nan,nan,nan,nan,nan,nan,nan,nan,nan,nan,nan,nan,nan,nan,nan,nan,nan,nan,nan,nan,nan,nan,nan,nan,,nan,nan,nan,,nan,,,,
nan,nan,nan,nan,nan,nan,nan,nan,nan,nan,nan,nan,nan,nan,nan,nan,nan,0.0,0.0,0.0,0.0,0.0,0.0,0.0,0.0,0.0,0.0,0.0,0.0,0.0,0.0,0.0,0.0,0.0,nan,nan,nan,,nan,nan,nan,nan,nan,nan,nan,,,,nan,nan,nan,nan,nan,nan,nan,nan,nan,nan,nan,nan,,nan,nan,,,nan,nan,nan,nan,nan,nan,nan,nan,nan,nan,nan,nan,nan,nan,nan,nan,nan,nan,nan,nan,nan,nan,nan,nan,,nan,nan,nan,,nan,,,,
nan,nan,nan,nan,nan,nan,nan,nan,nan,nan,nan,nan,nan,nan,nan,nan,nan,0.0,0.0,0.0,0.0,0.0,0.0,0.0,0.0,0.0,0.0,0.0,0.0,0.0,0.0,0.0,0.0,0.0,nan,nan,nan,,nan,nan,nan,nan,nan,nan,nan,,,,nan,nan,nan,nan,nan,nan,nan,nan,nan,nan,nan,nan,,nan,nan,,,nan,nan,nan,nan,nan,nan,nan,nan,nan,nan,nan,nan,nan,nan,nan,nan,nan,nan,nan,nan,nan,nan,nan,nan,,nan,nan,nan,,nan,,,,
nan,nan,nan,nan,nan,nan,nan,nan,nan,nan,nan,nan,nan,nan,nan,nan,nan,0.0,0.0,0.0,0.0,0.0,0.0,0.0,0.0,0.0,0.0,0.0,0.0,0.0,0.0,0.0,0.0,0.0,nan,nan,nan,,nan,nan,nan,nan,nan,nan,nan,,,,nan,nan,nan,nan,nan,nan,nan,nan,nan,nan,nan,nan,,nan,nan,,,nan,nan,nan,nan,nan,nan,nan,nan,nan,nan,nan,nan,nan,nan,nan,nan,nan,nan,nan,nan,nan,nan,nan,nan,,nan,nan,nan,,nan,,,,
nan,nan,nan,nan,nan,nan,nan,nan,nan,nan,nan,nan,nan,nan,nan,nan,nan,0.0,0.0,0.0,0.0,0.0,0.0,0.0,0.0,1.0,0.0,0.0,0.0,0.0,0.0,0.0,0.0,1.0,nan,nan,nan,,nan,nan,nan,nan,nan,nan,nan,,,,nan,nan,nan,nan,nan,nan,nan,nan,nan,nan,nan,nan,,nan,nan,,,nan,nan,nan,nan,nan,nan,nan,nan,nan,nan,nan,nan,nan,nan,nan,nan,nan,nan,nan,nan,nan,nan,nan,nan,,nan,nan,nan,,nan,,,,
nan,nan,nan,nan,nan,nan,nan,nan,nan,nan,nan,nan,nan,nan,nan,nan,nan,0.0,0.0,0.0,0.0,0.0,0.0,0.0,0.0,0.0,0.0,0.0,0.0,0.0,0.0,0.0,0.0,0.0,nan,nan,nan,,nan,nan,nan,nan,nan,nan,nan,,,,nan,nan,nan,nan,nan,nan,nan,nan,nan,nan,nan,nan,,nan,nan,,,nan,nan,nan,nan,nan,nan,nan,nan,nan,nan,nan,nan,nan,nan,nan,nan,nan,nan,nan,nan,nan,nan,nan,nan,,nan,nan,nan,,nan,,,,
nan,nan,nan,nan,nan,nan,nan,nan,nan,nan,nan,nan,nan,nan,nan,nan,nan,0.0,0.0,0.0,0.0,0.0,0.0,0.0,0.0,0.0,0.0,0.0,0.0,0.0,0.0,0.0,0.0,0.0,nan,nan,nan,,nan,nan,nan,nan,nan,nan,nan,,,,nan,nan,nan,nan,nan,nan,nan,nan,nan,nan,nan,nan,,nan,nan,,,nan,nan,nan,nan,nan,nan,nan,nan,nan,nan,nan,nan,nan,nan,nan,nan,nan,nan,nan,nan,nan,nan,nan,nan,,nan,nan,nan,,nan,,,,
nan,nan,nan,nan,nan,nan,nan,nan,nan,nan,nan,nan,nan,nan,nan,nan,nan,0.0,0.0,0.0,0.0,0.0,0.0,0.0,0.0,0.0,0.0,0.0,0.0,0.0,0.0,0.0,0.0,0.0,nan,nan,nan,,nan,nan,nan,nan,nan,nan,nan,,,,nan,nan,nan,nan,nan,nan,nan,nan,nan,nan,nan,nan,,nan,nan,,,nan,nan,nan,nan,nan,nan,nan,nan,nan,nan,nan,nan,nan,nan,nan,nan,nan,nan,nan,nan,nan,nan,nan,nan,,nan,nan,nan,,nan,,,,
nan,nan,nan,nan,nan,nan,nan,nan,nan,nan,nan,nan,nan,nan,nan,nan,nan,0.0,0.0,0.0,0.0,0.0,0.0,0.0,0.0,0.0,0.0,0.0,0.0,0.0,0.0,0.0,0.0,0.0,nan,nan,nan,,nan,nan,nan,nan,nan,nan,nan,,,,nan,nan,nan,nan,nan,nan,nan,nan,nan,nan,nan,nan,,nan,nan,,,nan,nan,nan,nan,nan,nan,nan,nan,nan,nan,nan,nan,nan,nan,nan,nan,nan,nan,nan,nan,nan,nan,nan,nan,,nan,nan,nan,,nan,,,,
nan,nan,nan,nan,nan,nan,nan,nan,nan,nan,nan,nan,nan,nan,nan,nan,nan,0.0,0.0,0.0,0.0,0.0,0.0,0.0,0.0,0.0,0.0,0.0,0.0,0.0,0.0,0.0,0.0,0.0,nan,nan,nan,,nan,nan,nan,nan,nan,nan,nan,,,,nan,nan,nan,nan,nan,nan,nan,nan,nan,nan,nan,nan,,nan,nan,,,nan,nan,nan,nan,nan,nan,nan,nan,nan,nan,nan,nan,nan,nan,nan,nan,nan,nan,nan,nan,nan,nan,nan,nan,,nan,nan,nan,,nan,,,,
nan,nan,nan,nan,nan,nan,nan,nan,nan,nan,nan,nan,nan,nan,nan,nan,nan,0.0,0.0,0.0,0.0,0.0,0.0,0.0,0.0,0.0,0.0,0.0,0.0,0.0,0.0,0.0,0.0,0.0,nan,nan,nan,,nan,nan,nan,nan,nan,nan,nan,,,,nan,nan,nan,nan,nan,nan,nan,nan,nan,nan,nan,nan,,nan,nan,,,nan,nan,nan,nan,nan,nan,nan,nan,nan,nan,nan,nan,nan,nan,nan,nan,nan,nan,nan,nan,nan,nan,nan,nan,,nan,nan,nan,,nan,,,,
nan,nan,nan,nan,nan,nan,nan,nan,nan,nan,nan,nan,nan,nan,nan,nan,nan,0.0,0.0,0.0,0.0,0.0,0.0,0.0,0.0,0.0,0.0,0.0,0.0,0.0,0.0,0.0,0.0,0.0,nan,nan,nan,,nan,nan,nan,nan,nan,nan,nan,,,,nan,nan,nan,nan,nan,nan,nan,nan,nan,nan,nan,nan,,nan,nan,,,nan,nan,nan,nan,nan,nan,nan,nan,nan,nan,nan,nan,nan,nan,nan,nan,nan,nan,nan,nan,nan,nan,nan,nan,,nan,nan,nan,,nan,,,,
nan,nan,nan,nan,nan,nan,nan,nan,nan,nan,nan,nan,nan,nan,nan,nan,nan,0.0,0.0,0.0,0.0,0.0,0.0,0.0,0.0,0.0,0.0,0.0,0.0,0.0,0.0,0.0,0.0,0.0,nan,nan,nan,,nan,nan,nan,nan,nan,nan,nan,,,,nan,nan,nan,nan,nan,nan,nan,nan,nan,nan,nan,nan,,nan,nan,,,nan,nan,nan,nan,nan,nan,nan,nan,nan,nan,nan,nan,nan,nan,nan,nan,nan,nan,nan,nan,nan,nan,nan,nan,,nan,nan,nan,,nan,,,,
nan,nan,nan,nan,nan,nan,nan,nan,nan,nan,nan,nan,nan,nan,nan,nan,nan,0.0,0.0,0.0,0.0,0.0,0.0,0.0,0.0,0.0,0.0,0.0,0.0,0.0,0.0,0.0,0.0,0.0,nan,nan,nan,,nan,nan,nan,nan,nan,nan,nan,,,,nan,nan,nan,nan,nan,nan,nan,nan,nan,nan,nan,nan,,nan,nan,,,nan,nan,nan,nan,nan,nan,nan,nan,nan,nan,nan,nan,nan,nan,nan,nan,nan,nan,nan,nan,nan,nan,nan,nan,,nan,nan,nan,,nan,,,,
nan,nan,nan,nan,nan,nan,nan,nan,nan,nan,nan,nan,nan,nan,nan,nan,nan,0.0,0.0,0.0,0.0,0.0,0.0,0.0,0.0,0.0,0.0,0.0,0.0,0.0,0.0,0.0,0.0,0.0,nan,nan,nan,,nan,nan,nan,nan,nan,nan,nan,,,,nan,nan,nan,nan,nan,nan,nan,nan,nan,nan,nan,nan,,nan,nan,,,nan,nan,nan,nan,nan,nan,nan,nan,nan,nan,nan,nan,nan,nan,nan,nan,nan,nan,nan,nan,nan,nan,nan,nan,,nan,nan,nan,,nan,,,,
nan,nan,nan,nan,nan,nan,nan,nan,nan,nan,nan,nan,nan,nan,nan,nan,nan,0.0,0.0,0.0,0.0,0.0,0.0,0.0,0.0,0.0,0.0,0.0,0.0,0.0,0.0,0.0,0.0,0.0,nan,nan,nan,,nan,nan,nan,nan,nan,nan,nan,,,,nan,nan,nan,nan,nan,nan,nan,nan,nan,nan,nan,nan,,nan,nan,,,nan,nan,nan,nan,nan,nan,nan,nan,nan,nan,nan,nan,nan,nan,nan,nan,nan,nan,nan,nan,nan,nan,nan,nan,,nan,nan,nan,,nan,,,,
nan,nan,nan,nan,nan,nan,nan,nan,nan,nan,nan,nan,nan,nan,nan,nan,nan,0.0,0.0,0.0,0.0,0.0,0.0,0.0,0.0,0.0,0.0,0.0,0.0,0.0,0.0,0.0,0.0,0.0,nan,nan,nan,,nan,nan,nan,nan,nan,nan,nan,,,,nan,nan,nan,nan,nan,nan,nan,nan,nan,nan,nan,nan,,nan,nan,,,nan,nan,nan,nan,nan,nan,nan,nan,nan,nan,nan,nan,nan,nan,nan,nan,nan,nan,nan,nan,nan,nan,nan,nan,,nan,nan,nan,,nan,,,,
nan,nan,nan,nan,nan,nan,nan,nan,nan,nan,nan,nan,nan,nan,nan,nan,nan,0.0,0.0,0.0,0.0,0.0,0.0,0.0,0.0,0.0,0.0,0.0,0.0,0.0,0.0,0.0,0.0,0.0,nan,nan,nan,,nan,nan,nan,nan,nan,nan,nan,,,,nan,nan,nan,nan,nan,nan,nan,nan,nan,nan,nan,nan,,nan,nan,,,nan,nan,nan,nan,nan,nan,nan,nan,nan,nan,nan,nan,nan,nan,nan,nan,nan,nan,nan,nan,nan,nan,nan,nan,,nan,nan,nan,,nan,,,,
nan,nan,nan,nan,nan,nan,nan,nan,nan,nan,nan,nan,nan,nan,nan,nan,nan,0.0,0.0,0.0,0.0,0.0,0.0,0.0,0.0,0.0,0.0,0.0,0.0,0.0,0.0,0.0,0.0,0.0,nan,nan,nan,,nan,nan,nan,nan,nan,nan,nan,,,,nan,nan,nan,nan,nan,nan,nan,nan,nan,nan,nan,nan,,nan,nan,,,nan,nan,nan,nan,nan,nan,nan,nan,nan,nan,nan,nan,nan,nan,nan,nan,nan,nan,nan,nan,nan,nan,nan,nan,,nan,nan,nan,,nan,,,,
nan,nan,nan,nan,nan,nan,nan,nan,nan,nan,nan,nan,nan,nan,nan,nan,nan,0.0,0.0,0.0,0.0,0.0,0.0,0.0,0.0,0.0,0.0,0.0,0.0,0.0,0.0,0.0,0.0,0.0,nan,nan,nan,,nan,nan,nan,nan,nan,nan,nan,,,,nan,nan,nan,nan,nan,nan,nan,nan,nan,nan,nan,nan,,nan,nan,,,nan,nan,nan,nan,nan,nan,nan,nan,nan,nan,nan,nan,nan,nan,nan,nan,nan,nan,nan,nan,nan,nan,nan,nan,,nan,nan,nan,,nan,,,,
nan,nan,nan,nan,nan,nan,nan,nan,nan,nan,nan,nan,nan,nan,nan,nan,nan,0.0,0.0,0.0,0.0,0.0,0.0,0.0,0.0,1.0,0.0,0.0,0.0,0.0,0.0,0.0,0.0,1.0,nan,nan,nan,,nan,nan,nan,nan,nan,nan,nan,,,,nan,nan,nan,nan,nan,nan,nan,nan,nan,nan,nan,nan,,nan,nan,,,nan,nan,nan,nan,nan,nan,nan,nan,nan,nan,nan,nan,nan,nan,nan,nan,nan,nan,nan,nan,nan,nan,nan,nan,,nan,nan,nan,,nan,,,,
nan,nan,nan,nan,nan,nan,nan,nan,nan,nan,nan,nan,nan,nan,nan,nan,nan,0.0,0.0,0.0,0.0,0.0,0.0,0.0,0.0,0.0,0.0,0.0,0.0,0.0,0.0,0.0,0.0,0.0,nan,nan,nan,,nan,nan,nan,nan,nan,nan,nan,,,,nan,nan,nan,nan,nan,nan,nan,nan,nan,nan,nan,nan,,nan,nan,,,nan,nan,nan,nan,nan,nan,nan,nan,nan,nan,nan,nan,nan,nan,nan,nan,nan,nan,nan,nan,nan,nan,nan,nan,,nan,nan,nan,,nan,,,,
nan,nan,nan,nan,nan,nan,nan,nan,nan,nan,nan,nan,nan,nan,nan,nan,nan,0.0,0.0,0.0,0.0,0.0,0.0,0.0,0.0,0.0,0.0,0.0,0.0,0.0,0.0,0.0,0.0,0.0,nan,nan,nan,,nan,nan,nan,nan,nan,nan,nan,,,,nan,nan,nan,nan,nan,nan,nan,nan,nan,nan,nan,nan,,nan,nan,,,nan,nan,nan,nan,nan,nan,nan,nan,nan,nan,nan,nan,nan,nan,nan,nan,nan,nan,nan,nan,nan,nan,nan,nan,,nan,nan,nan,,nan,,,,
nan,nan,nan,nan,nan,nan,nan,nan,nan,nan,nan,nan,nan,nan,nan,nan,nan,0.0,0.0,0.0,0.0,0.0,0.0,0.0,0.0,0.0,0.0,0.0,0.0,0.0,0.0,0.0,0.0,0.0,nan,nan,nan,,nan,nan,nan,nan,nan,nan,nan,,,,nan,nan,nan,nan,nan,nan,nan,nan,nan,nan,nan,nan,,nan,nan,,,nan,nan,nan,nan,nan,nan,nan,nan,nan,nan,nan,nan,nan,nan,nan,nan,nan,nan,nan,nan,nan,nan,nan,nan,,nan,nan,nan,,nan,,,,
nan,nan,nan,nan,nan,nan,nan,nan,nan,nan,nan,nan,nan,nan,nan,nan,nan,0.0,0.0,0.0,0.0,0.0,0.0,0.0,0.0,0.0,0.0,0.0,0.0,0.0,0.0,0.0,0.0,0.0,nan,nan,nan,,nan,nan,nan,nan,nan,nan,nan,,,,nan,nan,nan,nan,nan,nan,nan,nan,nan,nan,nan,nan,,nan,nan,,,nan,nan,nan,nan,nan,nan,nan,nan,nan,nan,nan,nan,nan,nan,nan,nan,nan,nan,nan,nan,nan,nan,nan,nan,,nan,nan,nan,,nan,,,,
nan,nan,nan,nan,nan,nan,nan,nan,nan,nan,nan,nan,nan,nan,nan,nan,nan,0.0,0.0,0.0,0.0,0.0,0.0,0.0,0.0,0.0,0.0,0.0,0.0,0.0,0.0,0.0,0.0,0.0,nan,nan,nan,,nan,nan,nan,nan,nan,nan,nan,,,,nan,nan,nan,nan,nan,nan,nan,nan,nan,nan,nan,nan,,nan,nan,,,nan,nan,nan,nan,nan,nan,nan,nan,nan,nan,nan,nan,nan,nan,nan,nan,nan,nan,nan,nan,nan,nan,nan,nan,,nan,nan,nan,,nan,,,,
nan,nan,nan,nan,nan,nan,nan,nan,nan,nan,nan,nan,nan,nan,nan,nan,nan,0.0,0.0,0.0,0.0,0.0,0.0,0.0,0.0,0.0,0.0,0.0,0.0,0.0,0.0,0.0,0.0,0.0,nan,nan,nan,,nan,nan,nan,nan,nan,nan,nan,,,,nan,nan,nan,nan,nan,nan,nan,nan,nan,nan,nan,nan,,nan,nan,,,nan,nan,nan,nan,nan,nan,nan,nan,nan,nan,nan,nan,nan,nan,nan,nan,nan,nan,nan,nan,nan,nan,nan,nan,,nan,nan,nan,,nan,,,,
nan,nan,nan,nan,nan,nan,nan,nan,nan,nan,nan,nan,nan,nan,nan,nan,nan,0.0,0.0,0.0,0.0,0.0,0.0,0.0,0.0,0.0,0.0,0.0,0.0,0.0,0.0,0.0,0.0,0.0,nan,nan,nan,,nan,nan,nan,nan,nan,nan,nan,,,,nan,nan,nan,nan,nan,nan,nan,nan,nan,nan,nan,nan,,nan,nan,,,nan,nan,nan,nan,nan,nan,nan,nan,nan,nan,nan,nan,nan,nan,nan,nan,nan,nan,nan,nan,nan,nan,nan,nan,,nan,nan,nan,,nan,,,,
nan,nan,nan,nan,nan,nan,nan,nan,nan,nan,nan,nan,nan,nan,nan,nan,nan,0.0,0.0,0.0,0.0,0.0,0.0,0.0,0.0,0.0,0.0,0.0,0.0,0.0,0.0,0.0,0.0,0.0,nan,nan,nan,,nan,nan,nan,nan,nan,nan,nan,,,,nan,nan,nan,nan,nan,nan,nan,nan,nan,nan,nan,nan,,nan,nan,,,nan,nan,nan,nan,nan,nan,nan,nan,nan,nan,nan,nan,nan,nan,nan,nan,nan,nan,nan,nan,nan,nan,nan,nan,,nan,nan,nan,,nan,,,,
nan,nan,nan,nan,nan,nan,nan,nan,nan,nan,nan,nan,nan,nan,nan,nan,nan,0.0,0.0,0.0,0.0,0.0,0.0,0.0,0.0,0.0,0.0,0.0,0.0,0.0,0.0,0.0,0.0,0.0,nan,nan,nan,,nan,nan,nan,nan,nan,nan,nan,,,,nan,nan,nan,nan,nan,nan,nan,nan,nan,nan,nan,nan,,nan,nan,,,nan,nan,nan,nan,nan,nan,nan,nan,nan,nan,nan,nan,nan,nan,nan,nan,nan,nan,nan,nan,nan,nan,nan,nan,,nan,nan,nan,,nan,,,,
nan,nan,nan,nan,nan,nan,nan,nan,nan,nan,nan,nan,nan,nan,nan,nan,nan,0.0,0.0,0.0,0.0,0.0,0.0,0.0,0.0,0.0,0.0,0.0,0.0,0.0,0.0,0.0,0.0,0.0,nan,nan,nan,,nan,nan,nan,nan,nan,nan,nan,,,,nan,nan,nan,nan,nan,nan,nan,nan,nan,nan,nan,nan,,nan,nan,,,nan,nan,nan,nan,nan,nan,nan,nan,nan,nan,nan,nan,nan,nan,nan,nan,nan,nan,nan,nan,nan,nan,nan,nan,,nan,nan,nan,,nan,,,,
nan,nan,nan,nan,nan,nan,nan,nan,nan,nan,nan,nan,nan,nan,nan,nan,nan,0.0,0.0,0.0,0.0,0.0,0.0,0.0,0.0,0.0,0.0,0.0,0.0,0.0,0.0,0.0,0.0,0.0,nan,nan,nan,,nan,nan,nan,nan,nan,nan,nan,,,,nan,nan,nan,nan,nan,nan,nan,nan,nan,nan,nan,nan,,nan,nan,,,nan,nan,nan,nan,nan,nan,nan,nan,nan,nan,nan,nan,nan,nan,nan,nan,nan,nan,nan,nan,nan,nan,nan,nan,,nan,nan,nan,,nan,,,,
nan,nan,nan,nan,nan,nan,nan,nan,nan,nan,nan,nan,nan,nan,nan,nan,nan,0.0,0.0,0.0,0.0,0.0,0.0,0.0,0.0,0.0,0.0,0.0,0.0,0.0,0.0,0.0,0.0,0.0,nan,nan,nan,,nan,nan,nan,nan,nan,nan,nan,,,,nan,nan,nan,nan,nan,nan,nan,nan,nan,nan,nan,nan,,nan,nan,,,nan,nan,nan,nan,nan,nan,nan,nan,nan,nan,nan,nan,nan,nan,nan,nan,nan,nan,nan,nan,nan,nan,nan,nan,,nan,nan,nan,,nan,,,,
nan,nan,nan,nan,nan,nan,nan,nan,nan,nan,nan,nan,nan,nan,nan,nan,nan,0.0,0.0,0.0,0.0,0.0,0.0,0.0,0.0,0.0,0.0,0.0,0.0,0.0,0.0,0.0,0.0,0.0,nan,nan,nan,,nan,nan,nan,nan,nan,nan,nan,,,,nan,nan,nan,nan,nan,nan,nan,nan,nan,nan,nan,nan,,nan,nan,,,nan,nan,nan,nan,nan,nan,nan,nan,nan,nan,nan,nan,nan,nan,nan,nan,nan,nan,nan,nan,nan,nan,nan,nan,,nan,nan,nan,,nan,,,,
nan,nan,nan,nan,nan,nan,nan,nan,nan,nan,nan,nan,nan,nan,nan,nan,nan,0.0,0.0,0.0,0.0,0.0,0.0,0.0,0.0,1.0,0.0,0.0,0.0,0.0,0.0,0.0,0.0,1.0,nan,nan,nan,,nan,nan,nan,nan,nan,nan,nan,,,,nan,nan,nan,nan,nan,nan,nan,nan,nan,nan,nan,nan,,nan,nan,,,nan,nan,nan,nan,nan,nan,nan,nan,nan,nan,nan,nan,nan,nan,nan,nan,nan,nan,nan,nan,nan,nan,nan,nan,,nan,nan,nan,,nan,,,,
nan,nan,nan,nan,nan,nan,nan,nan,nan,nan,nan,nan,nan,nan,nan,nan,nan,0.0,0.0,0.0,0.0,0.0,0.0,0.0,0.0,0.0,0.0,0.0,0.0,0.0,0.0,0.0,0.0,0.0,nan,nan,nan,,nan,nan,nan,nan,nan,nan,nan,,,,nan,nan,nan,nan,nan,nan,nan,nan,nan,nan,nan,nan,,nan,nan,,,nan,nan,nan,nan,nan,nan,nan,nan,nan,nan,nan,nan,nan,nan,nan,nan,nan,nan,nan,nan,nan,nan,nan,nan,,nan,nan,nan,,nan,,,,
nan,nan,nan,nan,nan,nan,nan,nan,nan,nan,nan,nan,nan,nan,nan,nan,nan,0.0,0.0,0.0,0.0,0.0,0.0,0.0,0.0,0.0,0.0,0.0,0.0,0.0,0.0,0.0,0.0,0.0,nan,nan,nan,,nan,nan,nan,nan,nan,nan,nan,,,,nan,nan,nan,nan,nan,nan,nan,nan,nan,nan,nan,nan,,nan,nan,,,nan,nan,nan,nan,nan,nan,nan,nan,nan,nan,nan,nan,nan,nan,nan,nan,nan,nan,nan,nan,nan,nan,nan,nan,,nan,nan,nan,,nan,,,,
nan,nan,nan,nan,nan,nan,nan,nan,nan,nan,nan,nan,nan,nan,nan,nan,nan,0.0,0.0,0.0,0.0,0.0,0.0,0.0,0.0,0.0,0.0,0.0,0.0,0.0,0.0,0.0,0.0,0.0,nan,nan,nan,,nan,nan,nan,nan,nan,nan,nan,,,,nan,nan,nan,nan,nan,nan,nan,nan,nan,nan,nan,nan,,nan,nan,,,nan,nan,nan,nan,nan,nan,nan,nan,nan,nan,nan,nan,nan,nan,nan,nan,nan,nan,nan,nan,nan,nan,nan,nan,,nan,nan,nan,,nan,,,,
nan,nan,nan,nan,nan,nan,nan,nan,nan,nan,nan,nan,nan,nan,nan,nan,nan,0.0,0.0,0.0,0.0,0.0,0.0,0.0,0.0,0.0,0.0,0.0,0.0,0.0,0.0,0.0,0.0,0.0,nan,nan,nan,,nan,nan,nan,nan,nan,nan,nan,,,,nan,nan,nan,nan,nan,nan,nan,nan,nan,nan,nan,nan,,nan,nan,,,nan,nan,nan,nan,nan,nan,nan,nan,nan,nan,nan,nan,nan,nan,nan,nan,nan,nan,nan,nan,nan,nan,nan,nan,,nan,nan,nan,,nan,,,,
nan,nan,nan,nan,nan,nan,nan,nan,nan,nan,nan,nan,nan,nan,nan,nan,nan,0.0,0.0,0.0,0.0,0.0,0.0,0.0,0.0,0.0,0.0,0.0,0.0,0.0,0.0,0.0,0.0,0.0,nan,nan,nan,,nan,nan,nan,nan,nan,nan,nan,,,,nan,nan,nan,nan,nan,nan,nan,nan,nan,nan,nan,nan,,nan,nan,,,nan,nan,nan,nan,nan,nan,nan,nan,nan,nan,nan,nan,nan,nan,nan,nan,nan,nan,nan,nan,nan,nan,nan,nan,,nan,nan,nan,,nan,,,,
nan,nan,nan,nan,nan,nan,nan,nan,nan,nan,nan,nan,nan,nan,nan,nan,nan,0.0,0.0,0.0,0.0,0.0,0.0,0.0,0.0,0.0,0.0,0.0,0.0,0.0,0.0,0.0,0.0,0.0,nan,nan,nan,,nan,nan,nan,nan,nan,nan,nan,,,,nan,nan,nan,nan,nan,nan,nan,nan,nan,nan,nan,nan,,nan,nan,,,nan,nan,nan,nan,nan,nan,nan,nan,nan,nan,nan,nan,nan,nan,nan,nan,nan,nan,nan,nan,nan,nan,nan,nan,,nan,nan,nan,,nan,,,,
nan,nan,nan,nan,nan,nan,nan,nan,nan,nan,nan,nan,nan,nan,nan,nan,nan,0.0,0.0,0.0,0.0,0.0,0.0,0.0,0.0,0.0,0.0,0.0,0.0,0.0,0.0,0.0,0.0,0.0,nan,nan,nan,,nan,nan,nan,nan,nan,nan,nan,,,,nan,nan,nan,nan,nan,nan,nan,nan,nan,nan,nan,nan,,nan,nan,,,nan,nan,nan,nan,nan,nan,nan,nan,nan,nan,nan,nan,nan,nan,nan,nan,nan,nan,nan,nan,nan,nan,nan,nan,,nan,nan,nan,,nan,,,,
nan,nan,nan,nan,nan,nan,nan,nan,nan,nan,nan,nan,nan,nan,nan,nan,nan,0.0,0.0,0.0,0.0,0.0,0.0,0.0,0.0,1.0,0.0,0.0,0.0,0.0,0.0,0.0,0.0,1.0,nan,nan,nan,,nan,nan,nan,nan,nan,nan,nan,,,,nan,nan,nan,nan,nan,nan,nan,nan,nan,nan,nan,nan,,nan,nan,,,nan,nan,nan,nan,nan,nan,nan,nan,nan,nan,nan,nan,nan,nan,nan,nan,nan,nan,nan,nan,nan,nan,nan,nan,,nan,nan,nan,,nan,,,,
nan,nan,nan,nan,nan,nan,nan,nan,nan,nan,nan,nan,nan,nan,nan,nan,nan,0.0,0.0,0.0,0.0,0.0,0.0,0.0,0.0,0.0,0.0,0.0,0.0,0.0,0.0,0.0,0.0,0.0,nan,nan,nan,,nan,nan,nan,nan,nan,nan,nan,,,,nan,nan,nan,nan,nan,nan,nan,nan,nan,nan,nan,nan,,nan,nan,,,nan,nan,nan,nan,nan,nan,nan,nan,nan,nan,nan,nan,nan,nan,nan,nan,nan,nan,nan,nan,nan,nan,nan,nan,,nan,nan,nan,,nan,,,,
nan,nan,nan,nan,nan,nan,nan,nan,nan,nan,nan,nan,nan,nan,nan,nan,nan,0.0,0.0,0.0,0.0,0.0,0.0,0.0,0.0,0.0,0.0,0.0,0.0,0.0,0.0,0.0,0.0,0.0,nan,nan,nan,,nan,nan,nan,nan,nan,nan,nan,,,,nan,nan,nan,nan,nan,nan,nan,nan,nan,nan,nan,nan,,nan,nan,,,nan,nan,nan,nan,nan,nan,nan,nan,nan,nan,nan,nan,nan,nan,nan,nan,nan,nan,nan,nan,nan,nan,nan,nan,,nan,nan,nan,,nan,,,,
nan,nan,nan,nan,nan,nan,nan,nan,nan,nan,nan,nan,nan,nan,nan,nan,nan,0.0,0.0,0.0,0.0,0.0,0.0,0.0,0.0,0.0,0.0,0.0,0.0,0.0,0.0,0.0,0.0,0.0,nan,nan,nan,,nan,nan,nan,nan,nan,nan,nan,,,,nan,nan,nan,nan,nan,nan,nan,nan,nan,nan,nan,nan,,nan,nan,,,nan,nan,nan,nan,nan,nan,nan,nan,nan,nan,nan,nan,nan,nan,nan,nan,nan,nan,nan,nan,nan,nan,nan,nan,,nan,nan,nan,,nan,,,,
nan,nan,nan,nan,nan,nan,nan,nan,nan,nan,nan,nan,nan,nan,nan,nan,nan,0.0,0.0,0.0,0.0,0.0,0.0,0.0,0.0,2.0,0.0,0.0,0.0,0.0,0.0,0.0,0.0,2.0,nan,nan,nan,,nan,nan,nan,nan,nan,nan,nan,,,,nan,nan,nan,nan,nan,nan,nan,nan,nan,nan,nan,nan,,nan,nan,,,nan,nan,nan,nan,nan,nan,nan,nan,nan,nan,nan,nan,nan,nan,nan,nan,nan,nan,nan,nan,nan,nan,nan,nan,,nan,nan,nan,,nan,,,,
nan,nan,nan,nan,nan,nan,nan,nan,nan,nan,nan,nan,nan,nan,nan,nan,nan,0.0,0.0,0.0,0.0,0.0,0.0,0.0,0.0,0.0,0.0,0.0,0.0,0.0,0.0,0.0,0.0,0.0,nan,nan,nan,,nan,nan,nan,nan,nan,nan,nan,,,,nan,nan,nan,nan,nan,nan,nan,nan,nan,nan,nan,nan,,nan,nan,,,nan,nan,nan,nan,nan,nan,nan,nan,nan,nan,nan,nan,nan,nan,nan,nan,nan,nan,nan,nan,nan,nan,nan,nan,,nan,nan,nan,,nan,,,,
nan,nan,nan,nan,nan,nan,nan,nan,nan,nan,nan,nan,nan,nan,nan,nan,nan,0.0,0.0,0.0,0.0,0.0,0.0,0.0,0.0,0.0,0.0,0.0,0.0,0.0,0.0,0.0,0.0,0.0,nan,nan,nan,,nan,nan,nan,nan,nan,nan,nan,,,,nan,nan,nan,nan,nan,nan,nan,nan,nan,nan,nan,nan,,nan,nan,,,nan,nan,nan,nan,nan,nan,nan,nan,nan,nan,nan,nan,nan,nan,nan,nan,nan,nan,nan,nan,nan,nan,nan,nan,,nan,nan,nan,,nan,,,,
nan,nan,nan,nan,nan,nan,nan,nan,nan,nan,nan,nan,nan,nan,nan,nan,nan,0.0,0.0,0.0,0.0,0.0,0.0,0.0,0.0,0.0,0.0,0.0,0.0,0.0,0.0,0.0,0.0,0.0,nan,nan,nan,,nan,nan,nan,nan,nan,nan,nan,,,,nan,nan,nan,nan,nan,nan,nan,nan,nan,nan,nan,nan,,nan,nan,,,nan,nan,nan,nan,nan,nan,nan,nan,nan,nan,nan,nan,nan,nan,nan,nan,nan,nan,nan,nan,nan,nan,nan,nan,,nan,nan,nan,,nan,,,,
nan,nan,nan,nan,nan,nan,nan,nan,nan,nan,nan,nan,nan,nan,nan,nan,nan,0.0,0.0,0.0,0.0,0.0,0.0,0.0,0.0,0.0,0.0,0.0,0.0,0.0,0.0,0.0,0.0,0.0,nan,nan,nan,,nan,nan,nan,nan,nan,nan,nan,,,,nan,nan,nan,nan,nan,nan,nan,nan,nan,nan,nan,nan,,nan,nan,,,nan,nan,nan,nan,nan,nan,nan,nan,nan,nan,nan,nan,nan,nan,nan,nan,nan,nan,nan,nan,nan,nan,nan,nan,,nan,nan,nan,,nan,,,,
nan,nan,nan,nan,nan,nan,nan,nan,nan,nan,nan,nan,nan,nan,nan,nan,nan,0.0,0.0,0.0,0.0,0.0,0.0,0.0,0.0,0.0,0.0,0.0,0.0,0.0,0.0,0.0,0.0,0.0,nan,nan,nan,,nan,nan,nan,nan,nan,nan,nan,,,,nan,nan,nan,nan,nan,nan,nan,nan,nan,nan,nan,nan,,nan,nan,,,nan,nan,nan,nan,nan,nan,nan,nan,nan,nan,nan,nan,nan,nan,nan,nan,nan,nan,nan,nan,nan,nan,nan,nan,,nan,nan,nan,,nan,,,,
nan,nan,nan,nan,nan,nan,nan,nan,nan,nan,nan,nan,nan,nan,nan,nan,nan,0.0,0.0,0.0,0.0,0.0,0.0,0.0,0.0,2.0,0.0,0.0,0.0,0.0,0.0,0.0,0.0,2.0,nan,nan,nan,,nan,nan,nan,nan,nan,nan,nan,,,,nan,nan,nan,nan,nan,nan,nan,nan,nan,nan,nan,nan,,nan,nan,,,nan,nan,nan,nan,nan,nan,nan,nan,nan,nan,nan,nan,nan,nan,nan,nan,nan,nan,nan,nan,nan,nan,nan,nan,,nan,nan,nan,,nan,,,,
nan,nan,nan,nan,nan,nan,nan,nan,nan,nan,nan,nan,nan,nan,nan,nan,nan,0.0,0.0,0.0,0.0,0.0,0.0,0.0,0.0,0.0,0.0,0.0,0.0,0.0,0.0,0.0,0.0,0.0,nan,nan,nan,,nan,nan,nan,nan,nan,nan,nan,,,,nan,nan,nan,nan,nan,nan,nan,nan,nan,nan,nan,nan,,nan,nan,,,nan,nan,nan,nan,nan,nan,nan,nan,nan,nan,nan,nan,nan,nan,nan,nan,nan,nan,nan,nan,nan,nan,nan,nan,,nan,nan,nan,,nan,,,,
nan,nan,nan,nan,nan,nan,nan,nan,nan,nan,nan,nan,nan,nan,nan,nan,nan,0.0,0.0,0.0,0.0,0.0,0.0,0.0,0.0,1.0,0.0,0.0,0.0,0.0,0.0,0.0,0.0,1.0,nan,nan,nan,,nan,nan,nan,nan,nan,nan,nan,,,,nan,nan,nan,nan,nan,nan,nan,nan,nan,nan,nan,nan,,nan,nan,,,nan,nan,nan,nan,nan,nan,nan,nan,nan,nan,nan,nan,nan,nan,nan,nan,nan,nan,nan,nan,nan,nan,nan,nan,,nan,nan,nan,,nan,,,,
nan,nan,nan,nan,nan,nan,nan,nan,nan,nan,nan,nan,nan,nan,nan,nan,nan,0.0,0.0,0.0,0.0,0.0,0.0,0.0,0.0,0.0,0.0,0.0,0.0,0.0,0.0,0.0,0.0,0.0,nan,nan,nan,,nan,nan,nan,nan,nan,nan,nan,,,,nan,nan,nan,nan,nan,nan,nan,nan,nan,nan,nan,nan,,nan,nan,,,nan,nan,nan,nan,nan,nan,nan,nan,nan,nan,nan,nan,nan,nan,nan,nan,nan,nan,nan,nan,nan,nan,nan,nan,,nan,nan,nan,,nan,,,,
nan,nan,nan,nan,nan,nan,nan,nan,nan,nan,nan,nan,nan,nan,nan,nan,nan,0.0,0.0,0.0,0.0,0.0,0.0,0.0,0.0,0.0,0.0,0.0,0.0,0.0,0.0,0.0,0.0,0.0,nan,nan,nan,,nan,nan,nan,nan,nan,nan,nan,,,,nan,nan,nan,nan,nan,nan,nan,nan,nan,nan,nan,nan,,nan,nan,,,nan,nan,nan,nan,nan,nan,nan,nan,nan,nan,nan,nan,nan,nan,nan,nan,nan,nan,nan,nan,nan,nan,nan,nan,,nan,nan,nan,,nan,,,,
nan,nan,nan,nan,nan,nan,nan,nan,nan,nan,nan,nan,nan,nan,nan,nan,nan,0.0,0.0,0.0,0.0,0.0,0.0,0.0,0.0,0.0,0.0,0.0,0.0,0.0,0.0,0.0,0.0,0.0,nan,nan,nan,,nan,nan,nan,nan,nan,nan,nan,,,,nan,nan,nan,nan,nan,nan,nan,nan,nan,nan,nan,nan,,nan,nan,,,nan,nan,nan,nan,nan,nan,nan,nan,nan,nan,nan,nan,nan,nan,nan,nan,nan,nan,nan,nan,nan,nan,nan,nan,,nan,nan,nan,,nan,,,,
nan,nan,nan,nan,nan,nan,nan,nan,nan,nan,nan,nan,nan,nan,nan,nan,nan,0.0,0.0,0.0,0.0,0.0,0.0,0.0,0.0,0.0,0.0,0.0,0.0,0.0,0.0,0.0,0.0,0.0,nan,nan,nan,,nan,nan,nan,nan,nan,nan,nan,,,,nan,nan,nan,nan,nan,nan,nan,nan,nan,nan,nan,nan,,nan,nan,,,nan,nan,nan,nan,nan,nan,nan,nan,nan,nan,nan,nan,nan,nan,nan,nan,nan,nan,nan,nan,nan,nan,nan,nan,,nan,nan,nan,,nan,,,,
nan,nan,nan,nan,nan,nan,nan,nan,nan,nan,nan,nan,nan,nan,nan,nan,nan,0.0,0.0,0.0,0.0,0.0,0.0,0.0,0.0,0.0,0.0,0.0,0.0,0.0,0.0,0.0,0.0,0.0,nan,nan,nan,,nan,nan,nan,nan,nan,nan,nan,,,,nan,nan,nan,nan,nan,nan,nan,nan,nan,nan,nan,nan,,nan,nan,,,nan,nan,nan,nan,nan,nan,nan,nan,nan,nan,nan,nan,nan,nan,nan,nan,nan,nan,nan,nan,nan,nan,nan,nan,,nan,nan,nan,,nan,,,,
nan,nan,nan,nan,nan,nan,nan,nan,nan,nan,nan,nan,nan,nan,nan,nan,nan,0.0,0.0,0.0,0.0,0.0,0.0,0.0,0.0,0.0,0.0,0.0,0.0,0.0,0.0,0.0,0.0,0.0,nan,nan,nan,,nan,nan,nan,nan,nan,nan,nan,,,,nan,nan,nan,nan,nan,nan,nan,nan,nan,nan,nan,nan,,nan,nan,,,nan,nan,nan,nan,nan,nan,nan,nan,nan,nan,nan,nan,nan,nan,nan,nan,nan,nan,nan,nan,nan,nan,nan,nan,,nan,nan,nan,,nan,,,,
nan,nan,nan,nan,nan,nan,nan,nan,nan,nan,nan,nan,nan,nan,nan,nan,nan,0.0,0.0,0.0,0.0,0.0,0.0,0.0,0.0,0.0,0.0,0.0,0.0,0.0,0.0,0.0,0.0,0.0,nan,nan,nan,,nan,nan,nan,nan,nan,nan,nan,,,,nan,nan,nan,nan,nan,nan,nan,nan,nan,nan,nan,nan,,nan,nan,,,nan,nan,nan,nan,nan,nan,nan,nan,nan,nan,nan,nan,nan,nan,nan,nan,nan,nan,nan,nan,nan,nan,nan,nan,,nan,nan,nan,,nan,,,,
nan,nan,nan,nan,nan,nan,nan,nan,nan,nan,nan,nan,nan,nan,nan,nan,nan,0.0,0.0,0.0,0.0,0.0,0.0,0.0,0.0,0.0,0.0,0.0,0.0,0.0,0.0,0.0,0.0,0.0,nan,nan,nan,,nan,nan,nan,nan,nan,nan,nan,,,,nan,nan,nan,nan,nan,nan,nan,nan,nan,nan,nan,nan,,nan,nan,,,nan,nan,nan,nan,nan,nan,nan,nan,nan,nan,nan,nan,nan,nan,nan,nan,nan,nan,nan,nan,nan,nan,nan,nan,,nan,nan,nan,,nan,,,,
nan,nan,nan,nan,nan,nan,nan,nan,nan,nan,nan,nan,nan,nan,nan,nan,nan,0.0,0.0,0.0,0.0,0.0,0.0,0.0,0.0,0.0,0.0,0.0,0.0,0.0,0.0,0.0,0.0,0.0,nan,nan,nan,,nan,nan,nan,nan,nan,nan,nan,,,,nan,nan,nan,nan,nan,nan,nan,nan,nan,nan,nan,nan,,nan,nan,,,nan,nan,nan,nan,nan,nan,nan,nan,nan,nan,nan,nan,nan,nan,nan,nan,nan,nan,nan,nan,nan,nan,nan,nan,,nan,nan,nan,,nan,,,,
nan,nan,nan,nan,nan,nan,nan,nan,nan,nan,nan,nan,nan,nan,nan,nan,nan,0.0,0.0,0.0,0.0,0.0,0.0,0.0,0.0,0.0,0.0,0.0,0.0,0.0,0.0,0.0,0.0,0.0,nan,nan,nan,,nan,nan,nan,nan,nan,nan,nan,,,,nan,nan,nan,nan,nan,nan,nan,nan,nan,nan,nan,nan,,nan,nan,,,nan,nan,nan,nan,nan,nan,nan,nan,nan,nan,nan,nan,nan,nan,nan,nan,nan,nan,nan,nan,nan,nan,nan,nan,,nan,nan,nan,,nan,,,,
nan,nan,nan,nan,nan,nan,nan,nan,nan,nan,nan,nan,nan,nan,nan,nan,nan,0.0,0.0,0.0,0.0,0.0,0.0,0.0,0.0,0.0,0.0,0.0,0.0,0.0,0.0,0.0,0.0,0.0,nan,nan,nan,,nan,nan,nan,nan,nan,nan,nan,,,,nan,nan,nan,nan,nan,nan,nan,nan,nan,nan,nan,nan,,nan,nan,,,nan,nan,nan,nan,nan,nan,nan,nan,nan,nan,nan,nan,nan,nan,nan,nan,nan,nan,nan,nan,nan,nan,nan,nan,,nan,nan,nan,,nan,,,,
nan,nan,nan,nan,nan,nan,nan,nan,nan,nan,nan,nan,nan,nan,nan,nan,nan,0.0,0.0,0.0,0.0,0.0,0.0,0.0,0.0,1.0,0.0,0.0,0.0,0.0,0.0,0.0,0.0,1.0,nan,nan,nan,,nan,nan,nan,nan,nan,nan,nan,,,,nan,nan,nan,nan,nan,nan,nan,nan,nan,nan,nan,nan,,nan,nan,,,nan,nan,nan,nan,nan,nan,nan,nan,nan,nan,nan,nan,nan,nan,nan,nan,nan,nan,nan,nan,nan,nan,nan,nan,,nan,nan,nan,,nan,,,,
nan,nan,nan,nan,nan,nan,nan,nan,nan,nan,nan,nan,nan,nan,nan,nan,nan,0.0,0.0,0.0,0.0,0.0,0.0,0.0,0.0,0.0,0.0,0.0,0.0,0.0,0.0,0.0,0.0,0.0,nan,nan,nan,,nan,nan,nan,nan,nan,nan,nan,,,,nan,nan,nan,nan,nan,nan,nan,nan,nan,nan,nan,nan,,nan,nan,,,nan,nan,nan,nan,nan,nan,nan,nan,nan,nan,nan,nan,nan,nan,nan,nan,nan,nan,nan,nan,nan,nan,nan,nan,,nan,nan,nan,,nan,,,,
nan,nan,nan,nan,nan,nan,nan,nan,nan,nan,nan,nan,nan,nan,nan,nan,nan,0.0,0.0,0.0,0.0,0.0,0.0,0.0,0.0,0.0,0.0,0.0,0.0,0.0,0.0,0.0,0.0,0.0,nan,nan,nan,,nan,nan,nan,nan,nan,nan,nan,,,,nan,nan,nan,nan,nan,nan,nan,nan,nan,nan,nan,nan,,nan,nan,,,nan,nan,nan,nan,nan,nan,nan,nan,nan,nan,nan,nan,nan,nan,nan,nan,nan,nan,nan,nan,nan,nan,nan,nan,,nan,nan,nan,,nan,,,,
nan,nan,nan,nan,nan,nan,nan,nan,nan,nan,nan,nan,nan,nan,nan,nan,nan,0.0,0.0,0.0,0.0,0.0,0.0,0.0,0.0,0.0,0.0,0.0,0.0,0.0,0.0,0.0,0.0,0.0,nan,nan,nan,,nan,nan,nan,nan,nan,nan,nan,,,,nan,nan,nan,nan,nan,nan,nan,nan,nan,nan,nan,nan,,nan,nan,,,nan,nan,nan,nan,nan,nan,nan,nan,nan,nan,nan,nan,nan,nan,nan,nan,nan,nan,nan,nan,nan,nan,nan,nan,,nan,nan,nan,,nan,,,,
nan,nan,nan,nan,nan,nan,nan,nan,nan,nan,nan,nan,nan,nan,nan,nan,nan,0.0,0.0,0.0,0.0,0.0,0.0,0.0,0.0,0.0,0.0,0.0,0.0,0.0,0.0,0.0,0.0,0.0,nan,nan,nan,,nan,nan,nan,nan,nan,nan,nan,,,,nan,nan,nan,nan,nan,nan,nan,nan,nan,nan,nan,nan,,nan,nan,,,nan,nan,nan,nan,nan,nan,nan,nan,nan,nan,nan,nan,nan,nan,nan,nan,nan,nan,nan,nan,nan,nan,nan,nan,,nan,nan,nan,,nan,,,,
nan,nan,nan,nan,nan,nan,nan,nan,nan,nan,nan,nan,nan,nan,nan,nan,nan,0.0,0.0,0.0,0.0,0.0,0.0,0.0,0.0,0.0,0.0,0.0,0.0,0.0,0.0,0.0,0.0,0.0,nan,nan,nan,,nan,nan,nan,nan,nan,nan,nan,,,,nan,nan,nan,nan,nan,nan,nan,nan,nan,nan,nan,nan,,nan,nan,,,nan,nan,nan,nan,nan,nan,nan,nan,nan,nan,nan,nan,nan,nan,nan,nan,nan,nan,nan,nan,nan,nan,nan,nan,,nan,nan,nan,,nan,,,,
nan,nan,nan,nan,nan,nan,nan,nan,nan,nan,nan,nan,nan,nan,nan,nan,nan,0.0,0.0,0.0,0.0,0.0,0.0,0.0,0.0,0.0,0.0,0.0,0.0,0.0,0.0,0.0,0.0,0.0,nan,nan,nan,,nan,nan,nan,nan,nan,nan,nan,,,,nan,nan,nan,nan,nan,nan,nan,nan,nan,nan,nan,nan,,nan,nan,,,nan,nan,nan,nan,nan,nan,nan,nan,nan,nan,nan,nan,nan,nan,nan,nan,nan,nan,nan,nan,nan,nan,nan,nan,,nan,nan,nan,,nan,,,,
nan,nan,nan,nan,nan,nan,nan,nan,nan,nan,nan,nan,nan,nan,nan,nan,nan,0.0,0.0,0.0,0.0,0.0,0.0,0.0,0.0,0.0,0.0,0.0,0.0,0.0,0.0,0.0,0.0,0.0,nan,nan,nan,,nan,nan,nan,nan,nan,nan,nan,,,,nan,nan,nan,nan,nan,nan,nan,nan,nan,nan,nan,nan,,nan,nan,,,nan,nan,nan,nan,nan,nan,nan,nan,nan,nan,nan,nan,nan,nan,nan,nan,nan,nan,nan,nan,nan,nan,nan,nan,,nan,nan,nan,,nan,,,,
nan,nan,nan,nan,nan,nan,nan,nan,nan,nan,nan,nan,nan,nan,nan,nan,nan,0.0,0.0,0.0,0.0,0.0,0.0,0.0,0.0,0.0,0.0,0.0,0.0,0.0,0.0,0.0,0.0,0.0,nan,nan,nan,,nan,nan,nan,nan,nan,nan,nan,,,,nan,nan,nan,nan,nan,nan,nan,nan,nan,nan,nan,nan,,nan,nan,,,nan,nan,nan,nan,nan,nan,nan,nan,nan,nan,nan,nan,nan,nan,nan,nan,nan,nan,nan,nan,nan,nan,nan,nan,,nan,nan,nan,,nan,,,,
nan,nan,nan,nan,nan,nan,nan,nan,nan,nan,nan,nan,nan,nan,nan,nan,nan,0.0,0.0,0.0,0.0,0.0,0.0,0.0,0.0,1.0,0.0,0.0,0.0,0.0,0.0,0.0,0.0,1.0,nan,nan,nan,,nan,nan,nan,nan,nan,nan,nan,,,,nan,nan,nan,nan,nan,nan,nan,nan,nan,nan,nan,nan,,nan,nan,,,nan,nan,nan,nan,nan,nan,nan,nan,nan,nan,nan,nan,nan,nan,nan,nan,nan,nan,nan,nan,nan,nan,nan,nan,,nan,nan,nan,,nan,,,,
nan,nan,nan,nan,nan,nan,nan,nan,nan,nan,nan,nan,nan,nan,nan,nan,nan,0.0,0.0,0.0,0.0,0.0,0.0,0.0,0.0,0.0,0.0,0.0,0.0,0.0,0.0,0.0,0.0,0.0,nan,nan,nan,,nan,nan,nan,nan,nan,nan,nan,,,,nan,nan,nan,nan,nan,nan,nan,nan,nan,nan,nan,nan,,nan,nan,,,nan,nan,nan,nan,nan,nan,nan,nan,nan,nan,nan,nan,nan,nan,nan,nan,nan,nan,nan,nan,nan,nan,nan,nan,,nan,nan,nan,,nan,,,,
nan,nan,nan,nan,nan,nan,nan,nan,nan,nan,nan,nan,nan,nan,nan,nan,nan,0.0,0.0,0.0,0.0,0.0,0.0,0.0,0.0,0.0,0.0,0.0,0.0,0.0,0.0,0.0,0.0,0.0,nan,nan,nan,,nan,nan,nan,nan,nan,nan,nan,,,,nan,nan,nan,nan,nan,nan,nan,nan,nan,nan,nan,nan,,nan,nan,,,nan,nan,nan,nan,nan,nan,nan,nan,nan,nan,nan,nan,nan,nan,nan,nan,nan,nan,nan,nan,nan,nan,nan,nan,,nan,nan,nan,,nan,,,,
nan,nan,nan,nan,nan,nan,nan,nan,nan,nan,nan,nan,nan,nan,nan,nan,nan,0.0,0.0,0.0,0.0,0.0,0.0,0.0,0.0,0.0,0.0,0.0,0.0,0.0,0.0,0.0,0.0,0.0,nan,nan,nan,,nan,nan,nan,nan,nan,nan,nan,,,,nan,nan,nan,nan,nan,nan,nan,nan,nan,nan,nan,nan,,nan,nan,,,nan,nan,nan,nan,nan,nan,nan,nan,nan,nan,nan,nan,nan,nan,nan,nan,nan,nan,nan,nan,nan,nan,nan,nan,,nan,nan,nan,,nan,,,,
nan,nan,nan,nan,nan,nan,nan,nan,nan,nan,nan,nan,nan,nan,nan,nan,nan,0.0,0.0,0.0,0.0,0.0,0.0,0.0,0.0,0.0,0.0,0.0,0.0,0.0,0.0,0.0,0.0,0.0,nan,nan,nan,,nan,nan,nan,nan,nan,nan,nan,,,,nan,nan,nan,nan,nan,nan,nan,nan,nan,nan,nan,nan,,nan,nan,,,nan,nan,nan,nan,nan,nan,nan,nan,nan,nan,nan,nan,nan,nan,nan,nan,nan,nan,nan,nan,nan,nan,nan,nan,,nan,nan,nan,,nan,,,,
nan,nan,nan,nan,nan,nan,nan,nan,nan,nan,nan,nan,nan,nan,nan,nan,nan,0.0,0.0,0.0,0.0,0.0,0.0,0.0,0.0,0.0,0.0,0.0,0.0,0.0,0.0,0.0,0.0,0.0,nan,nan,nan,,nan,nan,nan,nan,nan,nan,nan,,,,nan,nan,nan,nan,nan,nan,nan,nan,nan,nan,nan,nan,,nan,nan,,,nan,nan,nan,nan,nan,nan,nan,nan,nan,nan,nan,nan,nan,nan,nan,nan,nan,nan,nan,nan,nan,nan,nan,nan,,nan,nan,nan,,nan,,,,
nan,nan,nan,nan,nan,nan,nan,nan,nan,nan,nan,nan,nan,nan,nan,nan,nan,0.0,0.0,0.0,0.0,0.0,0.0,0.0,0.0,0.0,0.0,0.0,0.0,0.0,0.0,0.0,0.0,0.0,nan,nan,nan,,nan,nan,nan,nan,nan,nan,nan,,,,nan,nan,nan,nan,nan,nan,nan,nan,nan,nan,nan,nan,,nan,nan,,,nan,nan,nan,nan,nan,nan,nan,nan,nan,nan,nan,nan,nan,nan,nan,nan,nan,nan,nan,nan,nan,nan,nan,nan,,nan,nan,nan,,nan,,,,
nan,nan,nan,nan,nan,nan,nan,nan,nan,nan,nan,nan,nan,nan,nan,nan,nan,0.0,0.0,0.0,0.0,0.0,0.0,0.0,0.0,0.0,0.0,0.0,0.0,0.0,0.0,0.0,0.0,0.0,nan,nan,nan,,nan,nan,nan,nan,nan,nan,nan,,,,nan,nan,nan,nan,nan,nan,nan,nan,nan,nan,nan,nan,,nan,nan,,,nan,nan,nan,nan,nan,nan,nan,nan,nan,nan,nan,nan,nan,nan,nan,nan,nan,nan,nan,nan,nan,nan,nan,nan,,nan,nan,nan,,nan,,,,
nan,nan,nan,nan,nan,nan,nan,nan,nan,nan,nan,nan,nan,nan,nan,nan,nan,0.0,0.0,0.0,0.0,0.0,0.0,0.0,0.0,1.0,0.0,0.0,0.0,0.0,0.0,0.0,0.0,1.0,nan,nan,nan,,nan,nan,nan,nan,nan,nan,nan,,,,nan,nan,nan,nan,nan,nan,nan,nan,nan,nan,nan,nan,,nan,nan,,,nan,nan,nan,nan,nan,nan,nan,nan,nan,nan,nan,nan,nan,nan,nan,nan,nan,nan,nan,nan,nan,nan,nan,nan,,nan,nan,nan,,nan,,,,
nan,nan,nan,nan,nan,nan,nan,nan,nan,nan,nan,nan,nan,nan,nan,nan,nan,0.0,0.0,0.0,0.0,0.0,0.0,0.0,0.0,1.0,0.0,0.0,0.0,0.0,0.0,0.0,0.0,1.0,nan,nan,nan,,nan,nan,nan,nan,nan,nan,nan,,,,nan,nan,nan,nan,nan,nan,nan,nan,nan,nan,nan,nan,,nan,nan,,,nan,nan,nan,nan,nan,nan,nan,nan,nan,nan,nan,nan,nan,nan,nan,nan,nan,nan,nan,nan,nan,nan,nan,nan,,nan,nan,nan,,nan,,,,
nan,nan,nan,nan,nan,nan,nan,nan,nan,nan,nan,nan,nan,nan,nan,nan,nan,0.0,0.0,0.0,0.0,0.0,0.0,0.0,0.0,0.0,0.0,0.0,0.0,0.0,0.0,0.0,0.0,0.0,nan,nan,nan,,nan,nan,nan,nan,nan,nan,nan,,,,nan,nan,nan,nan,nan,nan,nan,nan,nan,nan,nan,nan,,nan,nan,,,nan,nan,nan,nan,nan,nan,nan,nan,nan,nan,nan,nan,nan,nan,nan,nan,nan,nan,nan,nan,nan,nan,nan,nan,,nan,nan,nan,,nan,,,,
nan,nan,nan,nan,nan,nan,nan,nan,nan,nan,nan,nan,nan,nan,nan,nan,nan,0.0,0.0,0.0,0.0,0.0,0.0,0.0,0.0,0.0,0.0,0.0,0.0,0.0,0.0,0.0,0.0,0.0,nan,nan,nan,,nan,nan,nan,nan,nan,nan,nan,,,,nan,nan,nan,nan,nan,nan,nan,nan,nan,nan,nan,nan,,nan,nan,,,nan,nan,nan,nan,nan,nan,nan,nan,nan,nan,nan,nan,nan,nan,nan,nan,nan,nan,nan,nan,nan,nan,nan,nan,,nan,nan,nan,,nan,,,,
nan,nan,nan,nan,nan,nan,nan,nan,nan,nan,nan,nan,nan,nan,nan,nan,nan,0.0,0.0,0.0,0.0,0.0,0.0,0.0,0.0,0.0,0.0,0.0,0.0,0.0,0.0,0.0,0.0,0.0,nan,nan,nan,,nan,nan,nan,nan,nan,nan,nan,,,,nan,nan,nan,nan,nan,nan,nan,nan,nan,nan,nan,nan,,nan,nan,,,nan,nan,nan,nan,nan,nan,nan,nan,nan,nan,nan,nan,nan,nan,nan,nan,nan,nan,nan,nan,nan,nan,nan,nan,,nan,nan,nan,,nan,,,,
nan,nan,nan,nan,nan,nan,nan,nan,nan,nan,nan,nan,nan,nan,nan,nan,nan,0.0,0.0,0.0,0.0,0.0,0.0,0.0,0.0,1.0,0.0,0.0,0.0,0.0,0.0,0.0,0.0,1.0,nan,nan,nan,,nan,nan,nan,nan,nan,nan,nan,,,,nan,nan,nan,nan,nan,nan,nan,nan,nan,nan,nan,nan,,nan,nan,,,nan,nan,nan,nan,nan,nan,nan,nan,nan,nan,nan,nan,nan,nan,nan,nan,nan,nan,nan,nan,nan,nan,nan,nan,,nan,nan,nan,,nan,,,,
nan,nan,nan,nan,nan,nan,nan,nan,nan,nan,nan,nan,nan,nan,nan,nan,nan,0.0,0.0,0.0,0.0,0.0,0.0,0.0,0.0,0.0,0.0,0.0,0.0,0.0,0.0,0.0,0.0,0.0,nan,nan,nan,,nan,nan,nan,nan,nan,nan,nan,,,,nan,nan,nan,nan,nan,nan,nan,nan,nan,nan,nan,nan,,nan,nan,,,nan,nan,nan,nan,nan,nan,nan,nan,nan,nan,nan,nan,nan,nan,nan,nan,nan,nan,nan,nan,nan,nan,nan,nan,,nan,nan,nan,,nan,,,,
nan,nan,nan,nan,nan,nan,nan,nan,nan,nan,nan,nan,nan,nan,nan,nan,nan,0.0,0.0,0.0,0.0,0.0,0.0,0.0,0.0,0.0,0.0,0.0,0.0,0.0,0.0,0.0,0.0,0.0,nan,nan,nan,,nan,nan,nan,nan,nan,nan,nan,,,,nan,nan,nan,nan,nan,nan,nan,nan,nan,nan,nan,nan,,nan,nan,,,nan,nan,nan,nan,nan,nan,nan,nan,nan,nan,nan,nan,nan,nan,nan,nan,nan,nan,nan,nan,nan,nan,nan,nan,,nan,nan,nan,,nan,,,,
nan,nan,nan,nan,nan,nan,nan,nan,nan,nan,nan,nan,nan,nan,nan,nan,nan,0.0,0.0,0.0,0.0,0.0,0.0,0.0,0.0,0.0,0.0,0.0,0.0,0.0,0.0,0.0,0.0,0.0,nan,nan,nan,,nan,nan,nan,nan,nan,nan,nan,,,,nan,nan,nan,nan,nan,nan,nan,nan,nan,nan,nan,nan,,nan,nan,,,nan,nan,nan,nan,nan,nan,nan,nan,nan,nan,nan,nan,nan,nan,nan,nan,nan,nan,nan,nan,nan,nan,nan,nan,,nan,nan,nan,,nan,,,,
nan,nan,nan,nan,nan,nan,nan,nan,nan,nan,nan,nan,nan,nan,nan,nan,nan,0.0,0.0,0.0,0.0,0.0,0.0,0.0,0.0,0.0,0.0,0.0,0.0,0.0,0.0,0.0,0.0,0.0,nan,nan,nan,,nan,nan,nan,nan,nan,nan,nan,,,,nan,nan,nan,nan,nan,nan,nan,nan,nan,nan,nan,nan,,nan,nan,,,nan,nan,nan,nan,nan,nan,nan,nan,nan,nan,nan,nan,nan,nan,nan,nan,nan,nan,nan,nan,nan,nan,nan,nan,,nan,nan,nan,,nan,,,,
nan,nan,nan,nan,nan,nan,nan,nan,nan,nan,nan,nan,nan,nan,nan,nan,nan,0.0,0.0,0.0,0.0,0.0,0.0,0.0,0.0,1.0,0.0,0.0,0.0,0.0,0.0,0.0,0.0,1.0,nan,nan,nan,,nan,nan,nan,nan,nan,nan,nan,,,,nan,nan,nan,nan,nan,nan,nan,nan,nan,nan,nan,nan,,nan,nan,,,nan,nan,nan,nan,nan,nan,nan,nan,nan,nan,nan,nan,nan,nan,nan,nan,nan,nan,nan,nan,nan,nan,nan,nan,,nan,nan,nan,,nan,,,,
nan,nan,nan,nan,nan,nan,nan,nan,nan,nan,nan,nan,nan,nan,nan,nan,nan,0.0,0.0,0.0,0.0,0.0,0.0,0.0,0.0,0.0,0.0,0.0,0.0,0.0,0.0,0.0,0.0,0.0,nan,nan,nan,,nan,nan,nan,nan,nan,nan,nan,,,,nan,nan,nan,nan,nan,nan,nan,nan,nan,nan,nan,nan,,nan,nan,,,nan,nan,nan,nan,nan,nan,nan,nan,nan,nan,nan,nan,nan,nan,nan,nan,nan,nan,nan,nan,nan,nan,nan,nan,,nan,nan,nan,,nan,,,,
nan,nan,nan,nan,nan,nan,nan,nan,nan,nan,nan,nan,nan,nan,nan,nan,nan,0.0,0.0,0.0,0.0,0.0,0.0,0.0,0.0,1.0,0.0,0.0,0.0,0.0,0.0,0.0,0.0,1.0,nan,nan,nan,,nan,nan,nan,nan,nan,nan,nan,,,,nan,nan,nan,nan,nan,nan,nan,nan,nan,nan,nan,nan,,nan,nan,,,nan,nan,nan,nan,nan,nan,nan,nan,nan,nan,nan,nan,nan,nan,nan,nan,nan,nan,nan,nan,nan,nan,nan,nan,,nan,nan,nan,,nan,,,,
nan,nan,nan,nan,nan,nan,nan,nan,nan,nan,nan,nan,nan,nan,nan,nan,nan,0.0,0.0,0.0,0.0,0.0,0.0,0.0,0.0,0.0,0.0,0.0,0.0,0.0,0.0,0.0,0.0,0.0,nan,nan,nan,,nan,nan,nan,nan,nan,nan,nan,,,,nan,nan,nan,nan,nan,nan,nan,nan,nan,nan,nan,nan,,nan,nan,,,nan,nan,nan,nan,nan,nan,nan,nan,nan,nan,nan,nan,nan,nan,nan,nan,nan,nan,nan,nan,nan,nan,nan,nan,,nan,nan,nan,,nan,,,,
nan,nan,nan,nan,nan,nan,nan,nan,nan,nan,nan,nan,nan,nan,nan,nan,nan,0.0,0.0,0.0,0.0,0.0,0.0,0.0,0.0,0.0,0.0,0.0,0.0,0.0,0.0,0.0,0.0,0.0,nan,nan,nan,,nan,nan,nan,nan,nan,nan,nan,,,,nan,nan,nan,nan,nan,nan,nan,nan,nan,nan,nan,nan,,nan,nan,,,nan,nan,nan,nan,nan,nan,nan,nan,nan,nan,nan,nan,nan,nan,nan,nan,nan,nan,nan,nan,nan,nan,nan,nan,,nan,nan,nan,,nan,,,,
nan,nan,nan,nan,nan,nan,nan,nan,nan,nan,nan,nan,nan,nan,nan,nan,nan,0.0,0.0,0.0,0.0,0.0,0.0,0.0,0.0,0.0,0.0,0.0,0.0,0.0,0.0,0.0,0.0,0.0,nan,nan,nan,,nan,nan,nan,nan,nan,nan,nan,,,,nan,nan,nan,nan,nan,nan,nan,nan,nan,nan,nan,nan,,nan,nan,,,nan,nan,nan,nan,nan,nan,nan,nan,nan,nan,nan,nan,nan,nan,nan,nan,nan,nan,nan,nan,nan,nan,nan,nan,,nan,nan,nan,,nan,,,,
nan,nan,nan,nan,nan,nan,nan,nan,nan,nan,nan,nan,nan,nan,nan,nan,nan,0.0,0.0,0.0,0.0,0.0,0.0,0.0,0.0,1.0,0.0,0.0,0.0,0.0,0.0,0.0,0.0,1.0,nan,nan,nan,,nan,nan,nan,nan,nan,nan,nan,,,,nan,nan,nan,nan,nan,nan,nan,nan,nan,nan,nan,nan,,nan,nan,,,nan,nan,nan,nan,nan,nan,nan,nan,nan,nan,nan,nan,nan,nan,nan,nan,nan,nan,nan,nan,nan,nan,nan,nan,,nan,nan,nan,,nan,,,,
nan,nan,nan,nan,nan,nan,nan,nan,nan,nan,nan,nan,nan,nan,nan,nan,nan,0.0,0.0,0.0,0.0,0.0,0.0,0.0,0.0,0.0,0.0,0.0,0.0,0.0,0.0,0.0,0.0,0.0,nan,nan,nan,,nan,nan,nan,nan,nan,nan,nan,,,,nan,nan,nan,nan,nan,nan,nan,nan,nan,nan,nan,nan,,nan,nan,,,nan,nan,nan,nan,nan,nan,nan,nan,nan,nan,nan,nan,nan,nan,nan,nan,nan,nan,nan,nan,nan,nan,nan,nan,,nan,nan,nan,,nan,,,,
nan,nan,nan,nan,nan,nan,nan,nan,nan,nan,nan,nan,nan,nan,nan,nan,nan,0.0,0.0,0.0,0.0,0.0,0.0,0.0,0.0,0.0,0.0,0.0,0.0,0.0,0.0,0.0,0.0,0.0,nan,nan,nan,,nan,nan,nan,nan,nan,nan,nan,,,,nan,nan,nan,nan,nan,nan,nan,nan,nan,nan,nan,nan,,nan,nan,,,nan,nan,nan,nan,nan,nan,nan,nan,nan,nan,nan,nan,nan,nan,nan,nan,nan,nan,nan,nan,nan,nan,nan,nan,,nan,nan,nan,,nan,,,,
nan,nan,nan,nan,nan,nan,nan,nan,nan,nan,nan,nan,nan,nan,nan,nan,nan,0.0,0.0,0.0,0.0,0.0,0.0,0.0,0.0,0.0,0.0,0.0,0.0,0.0,0.0,0.0,0.0,0.0,nan,nan,nan,,nan,nan,nan,nan,nan,nan,nan,,,,nan,nan,nan,nan,nan,nan,nan,nan,nan,nan,nan,nan,,nan,nan,,,nan,nan,nan,nan,nan,nan,nan,nan,nan,nan,nan,nan,nan,nan,nan,nan,nan,nan,nan,nan,nan,nan,nan,nan,,nan,nan,nan,,nan,,,,
nan,nan,nan,nan,nan,nan,nan,nan,nan,nan,nan,nan,nan,nan,nan,nan,nan,0.0,0.0,0.0,0.0,0.0,0.0,0.0,0.0,0.0,0.0,0.0,0.0,0.0,0.0,0.0,0.0,0.0,nan,nan,nan,,nan,nan,nan,nan,nan,nan,nan,,,,nan,nan,nan,nan,nan,nan,nan,nan,nan,nan,nan,nan,,nan,nan,,,nan,nan,nan,nan,nan,nan,nan,nan,nan,nan,nan,nan,nan,nan,nan,nan,nan,nan,nan,nan,nan,nan,nan,nan,,nan,nan,nan,,nan,,,,
nan,nan,nan,nan,nan,nan,nan,nan,nan,nan,nan,nan,nan,nan,nan,nan,nan,0.0,0.0,0.0,0.0,0.0,0.0,0.0,0.0,0.0,0.0,0.0,0.0,0.0,0.0,0.0,0.0,0.0,nan,nan,nan,,nan,nan,nan,nan,nan,nan,nan,,,,nan,nan,nan,nan,nan,nan,nan,nan,nan,nan,nan,nan,,nan,nan,,,nan,nan,nan,nan,nan,nan,nan,nan,nan,nan,nan,nan,nan,nan,nan,nan,nan,nan,nan,nan,nan,nan,nan,nan,,nan,nan,nan,,nan,,,,
nan,nan,nan,nan,nan,nan,nan,nan,nan,nan,nan,nan,nan,nan,nan,nan,nan,0.0,0.0,0.0,0.0,0.0,0.0,0.0,0.0,0.0,0.0,0.0,0.0,0.0,0.0,0.0,0.0,0.0,nan,nan,nan,,nan,nan,nan,nan,nan,nan,nan,,,,nan,nan,nan,nan,nan,nan,nan,nan,nan,nan,nan,nan,,nan,nan,,,nan,nan,nan,nan,nan,nan,nan,nan,nan,nan,nan,nan,nan,nan,nan,nan,nan,nan,nan,nan,nan,nan,nan,nan,,nan,nan,nan,,nan,,,,
nan,nan,nan,nan,nan,nan,nan,nan,nan,nan,nan,nan,nan,nan,nan,nan,nan,0.0,0.0,0.0,0.0,0.0,0.0,0.0,0.0,0.0,0.0,0.0,0.0,0.0,0.0,0.0,0.0,0.0,nan,nan,nan,,nan,nan,nan,nan,nan,nan,nan,,,,nan,nan,nan,nan,nan,nan,nan,nan,nan,nan,nan,nan,,nan,nan,,,nan,nan,nan,nan,nan,nan,nan,nan,nan,nan,nan,nan,nan,nan,nan,nan,nan,nan,nan,nan,nan,nan,nan,nan,,nan,nan,nan,,nan,,,,
nan,nan,nan,nan,nan,nan,nan,nan,nan,nan,nan,nan,nan,nan,nan,nan,nan,0.0,0.0,0.0,0.0,0.0,0.0,0.0,0.0,1.0,0.0,0.0,0.0,0.0,0.0,0.0,0.0,1.0,nan,nan,nan,,nan,nan,nan,nan,nan,nan,nan,,,,nan,nan,nan,nan,nan,nan,nan,nan,nan,nan,nan,nan,,nan,nan,,,nan,nan,nan,nan,nan,nan,nan,nan,nan,nan,nan,nan,nan,nan,nan,nan,nan,nan,nan,nan,nan,nan,nan,nan,,nan,nan,nan,,nan,,,,
nan,nan,nan,nan,nan,nan,nan,nan,nan,nan,nan,nan,nan,nan,nan,nan,nan,0.0,0.0,0.0,0.0,0.0,0.0,0.0,0.0,0.0,0.0,0.0,0.0,0.0,0.0,0.0,0.0,0.0,nan,nan,nan,,nan,nan,nan,nan,nan,nan,nan,,,,nan,nan,nan,nan,nan,nan,nan,nan,nan,nan,nan,nan,,nan,nan,,,nan,nan,nan,nan,nan,nan,nan,nan,nan,nan,nan,nan,nan,nan,nan,nan,nan,nan,nan,nan,nan,nan,nan,nan,,nan,nan,nan,,nan,,,,
nan,nan,nan,nan,nan,nan,nan,nan,nan,nan,nan,nan,nan,nan,nan,nan,nan,0.0,0.0,0.0,0.0,0.0,0.0,0.0,0.0,1.0,0.0,0.0,0.0,0.0,0.0,0.0,0.0,1.0,nan,nan,nan,,nan,nan,nan,nan,nan,nan,nan,,,,nan,nan,nan,nan,nan,nan,nan,nan,nan,nan,nan,nan,,nan,nan,,,nan,nan,nan,nan,nan,nan,nan,nan,nan,nan,nan,nan,nan,nan,nan,nan,nan,nan,nan,nan,nan,nan,nan,nan,,nan,nan,nan,,nan,,,,
nan,nan,nan,nan,nan,nan,nan,nan,nan,nan,nan,nan,nan,nan,nan,nan,nan,0.0,0.0,0.0,0.0,0.0,0.0,0.0,0.0,1.0,0.0,0.0,0.0,0.0,0.0,0.0,0.0,1.0,nan,nan,nan,,nan,nan,nan,nan,nan,nan,nan,,,,nan,nan,nan,nan,nan,nan,nan,nan,nan,nan,nan,nan,,nan,nan,,,nan,nan,nan,nan,nan,nan,nan,nan,nan,nan,nan,nan,nan,nan,nan,nan,nan,nan,nan,nan,nan,nan,nan,nan,,nan,nan,nan,,nan,,,,
nan,nan,nan,nan,nan,nan,nan,nan,nan,nan,nan,nan,nan,nan,nan,nan,nan,0.0,0.0,0.0,0.0,0.0,0.0,0.0,0.0,0.0,0.0,0.0,0.0,0.0,0.0,0.0,0.0,0.0,nan,nan,nan,,nan,nan,nan,nan,nan,nan,nan,,,,nan,nan,nan,nan,nan,nan,nan,nan,nan,nan,nan,nan,,nan,nan,,,nan,nan,nan,nan,nan,nan,nan,nan,nan,nan,nan,nan,nan,nan,nan,nan,nan,nan,nan,nan,nan,nan,nan,nan,,nan,nan,nan,,nan,,,,
nan,nan,nan,nan,nan,nan,nan,nan,nan,nan,nan,nan,nan,nan,nan,nan,nan,0.0,0.0,0.0,0.0,0.0,0.0,0.0,0.0,0.0,0.0,0.0,0.0,0.0,0.0,0.0,0.0,0.0,nan,nan,nan,,nan,nan,nan,nan,nan,nan,nan,,,,nan,nan,nan,nan,nan,nan,nan,nan,nan,nan,nan,nan,,nan,nan,,,nan,nan,nan,nan,nan,nan,nan,nan,nan,nan,nan,nan,nan,nan,nan,nan,nan,nan,nan,nan,nan,nan,nan,nan,,nan,nan,nan,,nan,,,,
nan,nan,nan,nan,nan,nan,nan,nan,nan,nan,nan,nan,nan,nan,nan,nan,nan,0.0,0.0,0.0,0.0,0.0,0.0,0.0,0.0,0.0,0.0,0.0,0.0,0.0,0.0,0.0,0.0,0.0,nan,nan,nan,,nan,nan,nan,nan,nan,nan,nan,,,,nan,nan,nan,nan,nan,nan,nan,nan,nan,nan,nan,nan,,nan,nan,,,nan,nan,nan,nan,nan,nan,nan,nan,nan,nan,nan,nan,nan,nan,nan,nan,nan,nan,nan,nan,nan,nan,nan,nan,,nan,nan,nan,,nan,,,,
nan,nan,nan,nan,nan,nan,nan,nan,nan,nan,nan,nan,nan,nan,nan,nan,nan,0.0,0.0,0.0,0.0,0.0,0.0,0.0,0.0,0.0,0.0,0.0,0.0,0.0,0.0,0.0,0.0,0.0,nan,nan,nan,,nan,nan,nan,nan,nan,nan,nan,,,,nan,nan,nan,nan,nan,nan,nan,nan,nan,nan,nan,nan,,nan,nan,,,nan,nan,nan,nan,nan,nan,nan,nan,nan,nan,nan,nan,nan,nan,nan,nan,nan,nan,nan,nan,nan,nan,nan,nan,,nan,nan,nan,,nan,,,,
nan,nan,nan,nan,nan,nan,nan,nan,nan,nan,nan,nan,nan,nan,nan,nan,nan,0.0,0.0,0.0,0.0,0.0,0.0,0.0,0.0,0.0,0.0,0.0,0.0,0.0,0.0,0.0,0.0,0.0,nan,nan,nan,,nan,nan,nan,nan,nan,nan,nan,,,,nan,nan,nan,nan,nan,nan,nan,nan,nan,nan,nan,nan,,nan,nan,,,nan,nan,nan,nan,nan,nan,nan,nan,nan,nan,nan,nan,nan,nan,nan,nan,nan,nan,nan,nan,nan,nan,nan,nan,,nan,nan,nan,,nan,,,,
nan,nan,nan,nan,nan,nan,nan,nan,nan,nan,nan,nan,nan,nan,nan,nan,nan,0.0,0.0,0.0,0.0,0.0,0.0,0.0,0.0,1.0,0.0,0.0,0.0,0.0,0.0,0.0,0.0,1.0,nan,nan,nan,,nan,nan,nan,nan,nan,nan,nan,,,,nan,nan,nan,nan,nan,nan,nan,nan,nan,nan,nan,nan,,nan,nan,,,nan,nan,nan,nan,nan,nan,nan,nan,nan,nan,nan,nan,nan,nan,nan,nan,nan,nan,nan,nan,nan,nan,nan,nan,,nan,nan,nan,,nan,,,,
nan,nan,nan,nan,nan,nan,nan,nan,nan,nan,nan,nan,nan,nan,nan,nan,nan,0.0,0.0,0.0,0.0,0.0,0.0,0.0,0.0,0.0,0.0,0.0,0.0,0.0,0.0,0.0,0.0,0.0,nan,nan,nan,,nan,nan,nan,nan,nan,nan,nan,,,,nan,nan,nan,nan,nan,nan,nan,nan,nan,nan,nan,nan,,nan,nan,,,nan,nan,nan,nan,nan,nan,nan,nan,nan,nan,nan,nan,nan,nan,nan,nan,nan,nan,nan,nan,nan,nan,nan,nan,,nan,nan,nan,,nan,,,,
nan,nan,nan,nan,nan,nan,nan,nan,nan,nan,nan,nan,nan,nan,nan,nan,nan,0.0,0.0,0.0,0.0,0.0,0.0,0.0,0.0,0.0,0.0,0.0,0.0,0.0,0.0,0.0,0.0,0.0,nan,nan,nan,,nan,nan,nan,nan,nan,nan,nan,,,,nan,nan,nan,nan,nan,nan,nan,nan,nan,nan,nan,nan,,nan,nan,,,nan,nan,nan,nan,nan,nan,nan,nan,nan,nan,nan,nan,nan,nan,nan,nan,nan,nan,nan,nan,nan,nan,nan,nan,,nan,nan,nan,,nan,,,,
nan,nan,nan,nan,nan,nan,nan,nan,nan,nan,nan,nan,nan,nan,nan,nan,nan,0.0,0.0,0.0,0.0,0.0,0.0,0.0,0.0,0.0,0.0,0.0,0.0,0.0,0.0,0.0,0.0,0.0,nan,nan,nan,,nan,nan,nan,nan,nan,nan,nan,,,,nan,nan,nan,nan,nan,nan,nan,nan,nan,nan,nan,nan,,nan,nan,,,nan,nan,nan,nan,nan,nan,nan,nan,nan,nan,nan,nan,nan,nan,nan,nan,nan,nan,nan,nan,nan,nan,nan,nan,,nan,nan,nan,,nan,,,,
nan,nan,nan,nan,nan,nan,nan,nan,nan,nan,nan,nan,nan,nan,nan,nan,nan,0.0,0.0,0.0,0.0,0.0,0.0,0.0,0.0,1.0,0.0,0.0,0.0,0.0,0.0,0.0,0.0,1.0,nan,nan,nan,,nan,nan,nan,nan,nan,nan,nan,,,,nan,nan,nan,nan,nan,nan,nan,nan,nan,nan,nan,nan,,nan,nan,,,nan,nan,nan,nan,nan,nan,nan,nan,nan,nan,nan,nan,nan,nan,nan,nan,nan,nan,nan,nan,nan,nan,nan,nan,,nan,nan,nan,,nan,,,,
nan,nan,nan,nan,nan,nan,nan,nan,nan,nan,nan,nan,nan,nan,nan,nan,nan,0.0,0.0,0.0,0.0,0.0,0.0,0.0,0.0,0.0,0.0,0.0,0.0,0.0,0.0,0.0,0.0,0.0,nan,nan,nan,,nan,nan,nan,nan,nan,nan,nan,,,,nan,nan,nan,nan,nan,nan,nan,nan,nan,nan,nan,nan,,nan,nan,,,nan,nan,nan,nan,nan,nan,nan,nan,nan,nan,nan,nan,nan,nan,nan,nan,nan,nan,nan,nan,nan,nan,nan,nan,,nan,nan,nan,,nan,,,,
nan,nan,nan,nan,nan,nan,nan,nan,nan,nan,nan,nan,nan,nan,nan,nan,nan,0.0,0.0,0.0,0.0,0.0,0.0,0.0,0.0,0.0,0.0,0.0,0.0,0.0,0.0,0.0,0.0,0.0,nan,nan,nan,,nan,nan,nan,nan,nan,nan,nan,,,,nan,nan,nan,nan,nan,nan,nan,nan,nan,nan,nan,nan,,nan,nan,,,nan,nan,nan,nan,nan,nan,nan,nan,nan,nan,nan,nan,nan,nan,nan,nan,nan,nan,nan,nan,nan,nan,nan,nan,,nan,nan,nan,,nan,,,,
nan,nan,nan,nan,nan,nan,nan,nan,nan,nan,nan,nan,nan,nan,nan,nan,nan,0.0,0.0,0.0,0.0,0.0,0.0,0.0,0.0,0.0,0.0,0.0,0.0,0.0,0.0,0.0,0.0,0.0,nan,nan,nan,,nan,nan,nan,nan,nan,nan,nan,,,,nan,nan,nan,nan,nan,nan,nan,nan,nan,nan,nan,nan,,nan,nan,,,nan,nan,nan,nan,nan,nan,nan,nan,nan,nan,nan,nan,nan,nan,nan,nan,nan,nan,nan,nan,nan,nan,nan,nan,,nan,nan,nan,,nan,,,,
nan,nan,nan,nan,nan,nan,nan,nan,nan,nan,nan,nan,nan,nan,nan,nan,nan,0.0,0.0,0.0,0.0,0.0,0.0,0.0,0.0,1.0,0.0,0.0,0.0,0.0,0.0,0.0,0.0,1.0,nan,nan,nan,,nan,nan,nan,nan,nan,nan,nan,,,,nan,nan,nan,nan,nan,nan,nan,nan,nan,nan,nan,nan,,nan,nan,,,nan,nan,nan,nan,nan,nan,nan,nan,nan,nan,nan,nan,nan,nan,nan,nan,nan,nan,nan,nan,nan,nan,nan,nan,,nan,nan,nan,,nan,,,,
nan,nan,nan,nan,nan,nan,nan,nan,nan,nan,nan,nan,nan,nan,nan,nan,nan,0.0,0.0,0.0,0.0,0.0,0.0,0.0,0.0,0.0,0.0,0.0,0.0,0.0,0.0,0.0,0.0,0.0,nan,nan,nan,,nan,nan,nan,nan,nan,nan,nan,,,,nan,nan,nan,nan,nan,nan,nan,nan,nan,nan,nan,nan,,nan,nan,,,nan,nan,nan,nan,nan,nan,nan,nan,nan,nan,nan,nan,nan,nan,nan,nan,nan,nan,nan,nan,nan,nan,nan,nan,,nan,nan,nan,,nan,,,,
nan,nan,nan,nan,nan,nan,nan,nan,nan,nan,nan,nan,nan,nan,nan,nan,nan,0.0,0.0,0.0,0.0,0.0,0.0,0.0,0.0,0.0,0.0,0.0,0.0,0.0,0.0,0.0,0.0,0.0,nan,nan,nan,,nan,nan,nan,nan,nan,nan,nan,,,,nan,nan,nan,nan,nan,nan,nan,nan,nan,nan,nan,nan,,nan,nan,,,nan,nan,nan,nan,nan,nan,nan,nan,nan,nan,nan,nan,nan,nan,nan,nan,nan,nan,nan,nan,nan,nan,nan,nan,,nan,nan,nan,,nan,,,,
nan,nan,nan,nan,nan,nan,nan,nan,nan,nan,nan,nan,nan,nan,nan,nan,nan,0.0,0.0,0.0,0.0,0.0,0.0,0.0,0.0,0.0,0.0,0.0,0.0,0.0,0.0,0.0,0.0,0.0,nan,nan,nan,,nan,nan,nan,nan,nan,nan,nan,,,,nan,nan,nan,nan,nan,nan,nan,nan,nan,nan,nan,nan,,nan,nan,,,nan,nan,nan,nan,nan,nan,nan,nan,nan,nan,nan,nan,nan,nan,nan,nan,nan,nan,nan,nan,nan,nan,nan,nan,,nan,nan,nan,,nan,,,,
nan,nan,nan,nan,nan,nan,nan,nan,nan,nan,nan,nan,nan,nan,nan,nan,nan,0.0,0.0,0.0,0.0,0.0,0.0,0.0,0.0,0.0,0.0,0.0,0.0,0.0,0.0,0.0,0.0,0.0,nan,nan,nan,,nan,nan,nan,nan,nan,nan,nan,,,,nan,nan,nan,nan,nan,nan,nan,nan,nan,nan,nan,nan,,nan,nan,,,nan,nan,nan,nan,nan,nan,nan,nan,nan,nan,nan,nan,nan,nan,nan,nan,nan,nan,nan,nan,nan,nan,nan,nan,,nan,nan,nan,,nan,,,,
nan,nan,nan,nan,nan,nan,nan,nan,nan,nan,nan,nan,nan,nan,nan,nan,nan,0.0,0.0,0.0,0.0,0.0,0.0,0.0,0.0,0.0,0.0,0.0,0.0,0.0,0.0,0.0,0.0,0.0,nan,nan,nan,,nan,nan,nan,nan,nan,nan,nan,,,,nan,nan,nan,nan,nan,nan,nan,nan,nan,nan,nan,nan,,nan,nan,,,nan,nan,nan,nan,nan,nan,nan,nan,nan,nan,nan,nan,nan,nan,nan,nan,nan,nan,nan,nan,nan,nan,nan,nan,,nan,nan,nan,,nan,,,,
nan,nan,nan,nan,nan,nan,nan,nan,nan,nan,nan,nan,nan,nan,nan,nan,nan,0.0,0.0,0.0,0.0,0.0,0.0,0.0,0.0,1.0,0.0,0.0,0.0,0.0,0.0,0.0,0.0,1.0,nan,nan,nan,,nan,nan,nan,nan,nan,nan,nan,,,,nan,nan,nan,nan,nan,nan,nan,nan,nan,nan,nan,nan,,nan,nan,,,nan,nan,nan,nan,nan,nan,nan,nan,nan,nan,nan,nan,nan,nan,nan,nan,nan,nan,nan,nan,nan,nan,nan,nan,,nan,nan,nan,,nan,,,,
nan,nan,nan,nan,nan,nan,nan,nan,nan,nan,nan,nan,nan,nan,nan,nan,nan,0.0,0.0,0.0,0.0,0.0,0.0,0.0,0.0,0.0,0.0,0.0,0.0,0.0,0.0,0.0,0.0,0.0,nan,nan,nan,,nan,nan,nan,nan,nan,nan,nan,,,,nan,nan,nan,nan,nan,nan,nan,nan,nan,nan,nan,nan,,nan,nan,,,nan,nan,nan,nan,nan,nan,nan,nan,nan,nan,nan,nan,nan,nan,nan,nan,nan,nan,nan,nan,nan,nan,nan,nan,,nan,nan,nan,,nan,,,,
nan,nan,nan,nan,nan,nan,nan,nan,nan,nan,nan,nan,nan,nan,nan,nan,nan,0.0,0.0,0.0,0.0,0.0,0.0,0.0,0.0,0.0,0.0,0.0,0.0,0.0,0.0,0.0,0.0,0.0,nan,nan,nan,,nan,nan,nan,nan,nan,nan,nan,,,,nan,nan,nan,nan,nan,nan,nan,nan,nan,nan,nan,nan,,nan,nan,,,nan,nan,nan,nan,nan,nan,nan,nan,nan,nan,nan,nan,nan,nan,nan,nan,nan,nan,nan,nan,nan,nan,nan,nan,,nan,nan,nan,,nan,,,,
nan,nan,nan,nan,nan,nan,nan,nan,nan,nan,nan,nan,nan,nan,nan,nan,nan,0.0,0.0,0.0,0.0,0.0,0.0,0.0,0.0,0.0,0.0,0.0,0.0,0.0,0.0,0.0,0.0,0.0,nan,nan,nan,,nan,nan,nan,nan,nan,nan,nan,,,,nan,nan,nan,nan,nan,nan,nan,nan,nan,nan,nan,nan,,nan,nan,,,nan,nan,nan,nan,nan,nan,nan,nan,nan,nan,nan,nan,nan,nan,nan,nan,nan,nan,nan,nan,nan,nan,nan,nan,,nan,nan,nan,,nan,,,,
nan,nan,nan,nan,nan,nan,nan,nan,nan,nan,nan,nan,nan,nan,nan,nan,nan,0.0,0.0,0.0,0.0,0.0,0.0,0.0,0.0,0.0,0.0,0.0,0.0,0.0,0.0,0.0,0.0,0.0,nan,nan,nan,,nan,nan,nan,nan,nan,nan,nan,,,,nan,nan,nan,nan,nan,nan,nan,nan,nan,nan,nan,nan,,nan,nan,,,nan,nan,nan,nan,nan,nan,nan,nan,nan,nan,nan,nan,nan,nan,nan,nan,nan,nan,nan,nan,nan,nan,nan,nan,,nan,nan,nan,,nan,,,,
nan,nan,nan,nan,nan,nan,nan,nan,nan,nan,nan,nan,nan,nan,nan,nan,nan,0.0,0.0,0.0,0.0,0.0,0.0,0.0,0.0,1.0,0.0,0.0,0.0,0.0,0.0,0.0,0.0,1.0,nan,nan,nan,,nan,nan,nan,nan,nan,nan,nan,,,,nan,nan,nan,nan,nan,nan,nan,nan,nan,nan,nan,nan,,nan,nan,,,nan,nan,nan,nan,nan,nan,nan,nan,nan,nan,nan,nan,nan,nan,nan,nan,nan,nan,nan,nan,nan,nan,nan,nan,,nan,nan,nan,,nan,,,,
nan,nan,nan,nan,nan,nan,nan,nan,nan,nan,nan,nan,nan,nan,nan,nan,nan,0.0,0.0,0.0,0.0,0.0,0.0,0.0,0.0,0.0,0.0,0.0,0.0,0.0,0.0,0.0,0.0,0.0,nan,nan,nan,,nan,nan,nan,nan,nan,nan,nan,,,,nan,nan,nan,nan,nan,nan,nan,nan,nan,nan,nan,nan,,nan,nan,,,nan,nan,nan,nan,nan,nan,nan,nan,nan,nan,nan,nan,nan,nan,nan,nan,nan,nan,nan,nan,nan,nan,nan,nan,,nan,nan,nan,,nan,,,,
nan,nan,nan,nan,nan,nan,nan,nan,nan,nan,nan,nan,nan,nan,nan,nan,nan,0.0,0.0,0.0,0.0,0.0,0.0,0.0,0.0,0.0,0.0,0.0,0.0,0.0,0.0,0.0,0.0,0.0,nan,nan,nan,,nan,nan,nan,nan,nan,nan,nan,,,,nan,nan,nan,nan,nan,nan,nan,nan,nan,nan,nan,nan,,nan,nan,,,nan,nan,nan,nan,nan,nan,nan,nan,nan,nan,nan,nan,nan,nan,nan,nan,nan,nan,nan,nan,nan,nan,nan,nan,,nan,nan,nan,,nan,,,,
nan,nan,nan,nan,nan,nan,nan,nan,nan,nan,nan,nan,nan,nan,nan,nan,nan,0.0,0.0,0.0,0.0,0.0,0.0,0.0,0.0,0.0,0.0,0.0,0.0,0.0,0.0,0.0,0.0,0.0,nan,nan,nan,,nan,nan,nan,nan,nan,nan,nan,,,,nan,nan,nan,nan,nan,nan,nan,nan,nan,nan,nan,nan,,nan,nan,,,nan,nan,nan,nan,nan,nan,nan,nan,nan,nan,nan,nan,nan,nan,nan,nan,nan,nan,nan,nan,nan,nan,nan,nan,,nan,nan,nan,,nan,,,,
nan,nan,nan,nan,nan,nan,nan,nan,nan,nan,nan,nan,nan,nan,nan,nan,nan,0.0,0.0,0.0,0.0,0.0,0.0,0.0,0.0,0.0,0.0,0.0,0.0,0.0,0.0,0.0,0.0,0.0,nan,nan,nan,,nan,nan,nan,nan,nan,nan,nan,,,,nan,nan,nan,nan,nan,nan,nan,nan,nan,nan,nan,nan,,nan,nan,,,nan,nan,nan,nan,nan,nan,nan,nan,nan,nan,nan,nan,nan,nan,nan,nan,nan,nan,nan,nan,nan,nan,nan,nan,,nan,nan,nan,,nan,,,,
nan,nan,nan,nan,nan,nan,nan,nan,nan,nan,nan,nan,nan,nan,nan,nan,nan,0.0,0.0,0.0,0.0,0.0,0.0,0.0,0.0,0.0,0.0,0.0,0.0,0.0,0.0,0.0,0.0,0.0,nan,nan,nan,,nan,nan,nan,nan,nan,nan,nan,,,,nan,nan,nan,nan,nan,nan,nan,nan,nan,nan,nan,nan,,nan,nan,,,nan,nan,nan,nan,nan,nan,nan,nan,nan,nan,nan,nan,nan,nan,nan,nan,nan,nan,nan,nan,nan,nan,nan,nan,,nan,nan,nan,,nan,,,,
nan,nan,nan,nan,nan,nan,nan,nan,nan,nan,nan,nan,nan,nan,nan,nan,nan,0.0,0.0,0.0,0.0,0.0,0.0,0.0,0.0,0.0,0.0,0.0,0.0,0.0,0.0,0.0,0.0,0.0,nan,nan,nan,,nan,nan,nan,nan,nan,nan,nan,,,,nan,nan,nan,nan,nan,nan,nan,nan,nan,nan,nan,nan,,nan,nan,,,nan,nan,nan,nan,nan,nan,nan,nan,nan,nan,nan,nan,nan,nan,nan,nan,nan,nan,nan,nan,nan,nan,nan,nan,,nan,nan,nan,,nan,,,,
nan,nan,nan,nan,nan,nan,nan,nan,nan,nan,nan,nan,nan,nan,nan,nan,nan,0.0,0.0,0.0,0.0,0.0,0.0,0.0,0.0,0.0,0.0,0.0,0.0,0.0,0.0,0.0,0.0,0.0,nan,nan,nan,,nan,nan,nan,nan,nan,nan,nan,,,,nan,nan,nan,nan,nan,nan,nan,nan,nan,nan,nan,nan,,nan,nan,,,nan,nan,nan,nan,nan,nan,nan,nan,nan,nan,nan,nan,nan,nan,nan,nan,nan,nan,nan,nan,nan,nan,nan,nan,,nan,nan,nan,,nan,,,,
nan,nan,nan,nan,nan,nan,nan,nan,nan,nan,nan,nan,nan,nan,nan,nan,nan,0.0,0.0,0.0,0.0,0.0,0.0,0.0,0.0,0.0,0.0,0.0,0.0,0.0,0.0,0.0,0.0,0.0,nan,nan,nan,,nan,nan,nan,nan,nan,nan,nan,,,,nan,nan,nan,nan,nan,nan,nan,nan,nan,nan,nan,nan,,nan,nan,,,nan,nan,nan,nan,nan,nan,nan,nan,nan,nan,nan,nan,nan,nan,nan,nan,nan,nan,nan,nan,nan,nan,nan,nan,,nan,nan,nan,,nan,,,,
nan,nan,nan,nan,nan,nan,nan,nan,nan,nan,nan,nan,nan,nan,nan,nan,nan,0.0,0.0,0.0,0.0,0.0,0.0,0.0,0.0,0.0,0.0,0.0,0.0,0.0,0.0,0.0,0.0,0.0,nan,nan,nan,,nan,nan,nan,nan,nan,nan,nan,,,,nan,nan,nan,nan,nan,nan,nan,nan,nan,nan,nan,nan,,nan,nan,,,nan,nan,nan,nan,nan,nan,nan,nan,nan,nan,nan,nan,nan,nan,nan,nan,nan,nan,nan,nan,nan,nan,nan,nan,,nan,nan,nan,,nan,,,,
nan,nan,nan,nan,nan,nan,nan,nan,nan,nan,nan,nan,nan,nan,nan,nan,nan,0.0,0.0,0.0,0.0,0.0,0.0,0.0,0.0,0.0,0.0,0.0,0.0,0.0,0.0,0.0,0.0,0.0,nan,nan,nan,,nan,nan,nan,nan,nan,nan,nan,,,,nan,nan,nan,nan,nan,nan,nan,nan,nan,nan,nan,nan,,nan,nan,,,nan,nan,nan,nan,nan,nan,nan,nan,nan,nan,nan,nan,nan,nan,nan,nan,nan,nan,nan,nan,nan,nan,nan,nan,,nan,nan,nan,,nan,,,,
nan,nan,nan,nan,nan,nan,nan,nan,nan,nan,nan,nan,nan,nan,nan,nan,nan,0.0,0.0,0.0,0.0,0.0,0.0,0.0,0.0,0.0,0.0,0.0,0.0,0.0,0.0,0.0,0.0,0.0,nan,nan,nan,,nan,nan,nan,nan,nan,nan,nan,,,,nan,nan,nan,nan,nan,nan,nan,nan,nan,nan,nan,nan,,nan,nan,,,nan,nan,nan,nan,nan,nan,nan,nan,nan,nan,nan,nan,nan,nan,nan,nan,nan,nan,nan,nan,nan,nan,nan,nan,,nan,nan,nan,,nan,,,,
nan,nan,nan,nan,nan,nan,nan,nan,nan,nan,nan,nan,nan,nan,nan,nan,nan,0.0,0.0,0.0,0.0,0.0,0.0,0.0,0.0,1.0,0.0,0.0,0.0,0.0,0.0,0.0,0.0,1.0,nan,nan,nan,,nan,nan,nan,nan,nan,nan,nan,,,,nan,nan,nan,nan,nan,nan,nan,nan,nan,nan,nan,nan,,nan,nan,,,nan,nan,nan,nan,nan,nan,nan,nan,nan,nan,nan,nan,nan,nan,nan,nan,nan,nan,nan,nan,nan,nan,nan,nan,,nan,nan,nan,,nan,,,,
nan,nan,nan,nan,nan,nan,nan,nan,nan,nan,nan,nan,nan,nan,nan,nan,nan,0.0,0.0,0.0,0.0,0.0,0.0,0.0,0.0,2.0,0.0,0.0,0.0,0.0,0.0,0.0,0.0,2.0,nan,nan,nan,,nan,nan,nan,nan,nan,nan,nan,,,,nan,nan,nan,nan,nan,nan,nan,nan,nan,nan,nan,nan,,nan,nan,,,nan,nan,nan,nan,nan,nan,nan,nan,nan,nan,nan,nan,nan,nan,nan,nan,nan,nan,nan,nan,nan,nan,nan,nan,,nan,nan,nan,,nan,,,,
nan,nan,nan,nan,nan,nan,nan,nan,nan,nan,nan,nan,nan,nan,nan,nan,nan,0.0,0.0,0.0,0.0,0.0,0.0,0.0,0.0,0.0,0.0,0.0,0.0,0.0,0.0,0.0,0.0,0.0,nan,nan,nan,,nan,nan,nan,nan,nan,nan,nan,,,,nan,nan,nan,nan,nan,nan,nan,nan,nan,nan,nan,nan,,nan,nan,,,nan,nan,nan,nan,nan,nan,nan,nan,nan,nan,nan,nan,nan,nan,nan,nan,nan,nan,nan,nan,nan,nan,nan,nan,,nan,nan,nan,,nan,,,,
nan,nan,nan,nan,nan,nan,nan,nan,nan,nan,nan,nan,nan,nan,nan,nan,nan,0.0,0.0,0.0,0.0,0.0,0.0,0.0,0.0,0.0,0.0,0.0,0.0,0.0,0.0,0.0,0.0,0.0,nan,nan,nan,,nan,nan,nan,nan,nan,nan,nan,,,,nan,nan,nan,nan,nan,nan,nan,nan,nan,nan,nan,nan,,nan,nan,,,nan,nan,nan,nan,nan,nan,nan,nan,nan,nan,nan,nan,nan,nan,nan,nan,nan,nan,nan,nan,nan,nan,nan,nan,,nan,nan,nan,,nan,,,,
nan,nan,nan,nan,nan,nan,nan,nan,nan,nan,nan,nan,nan,nan,nan,nan,nan,0.0,0.0,0.0,0.0,0.0,0.0,0.0,0.0,0.0,0.0,0.0,0.0,0.0,0.0,0.0,0.0,0.0,nan,nan,nan,,nan,nan,nan,nan,nan,nan,nan,,,,nan,nan,nan,nan,nan,nan,nan,nan,nan,nan,nan,nan,,nan,nan,,,nan,nan,nan,nan,nan,nan,nan,nan,nan,nan,nan,nan,nan,nan,nan,nan,nan,nan,nan,nan,nan,nan,nan,nan,,nan,nan,nan,,nan,,,,
nan,nan,nan,nan,nan,nan,nan,nan,nan,nan,nan,nan,nan,nan,nan,nan,nan,0.0,0.0,0.0,0.0,0.0,0.0,0.0,0.0,0.0,0.0,0.0,0.0,0.0,0.0,0.0,0.0,0.0,nan,nan,nan,,nan,nan,nan,nan,nan,nan,nan,,,,nan,nan,nan,nan,nan,nan,nan,nan,nan,nan,nan,nan,,nan,nan,,,nan,nan,nan,nan,nan,nan,nan,nan,nan,nan,nan,nan,nan,nan,nan,nan,nan,nan,nan,nan,nan,nan,nan,nan,,nan,nan,nan,,nan,,,,
nan,nan,nan,nan,nan,nan,nan,nan,nan,nan,nan,nan,nan,nan,nan,nan,nan,0.0,0.0,0.0,0.0,0.0,0.0,0.0,0.0,0.0,0.0,0.0,0.0,0.0,0.0,0.0,0.0,0.0,nan,nan,nan,,nan,nan,nan,nan,nan,nan,nan,,,,nan,nan,nan,nan,nan,nan,nan,nan,nan,nan,nan,nan,,nan,nan,,,nan,nan,nan,nan,nan,nan,nan,nan,nan,nan,nan,nan,nan,nan,nan,nan,nan,nan,nan,nan,nan,nan,nan,nan,,nan,nan,nan,,nan,,,,
nan,nan,nan,nan,nan,nan,nan,nan,nan,nan,nan,nan,nan,nan,nan,nan,nan,0.0,0.0,0.0,0.0,0.0,0.0,0.0,0.0,0.0,0.0,0.0,0.0,0.0,0.0,0.0,0.0,0.0,nan,nan,nan,,nan,nan,nan,nan,nan,nan,nan,,,,nan,nan,nan,nan,nan,nan,nan,nan,nan,nan,nan,nan,,nan,nan,,,nan,nan,nan,nan,nan,nan,nan,nan,nan,nan,nan,nan,nan,nan,nan,nan,nan,nan,nan,nan,nan,nan,nan,nan,,nan,nan,nan,,nan,,,,
nan,nan,nan,nan,nan,nan,nan,nan,nan,nan,nan,nan,nan,nan,nan,nan,nan,0.0,0.0,0.0,0.0,0.0,0.0,0.0,0.0,0.0,0.0,0.0,0.0,0.0,0.0,0.0,0.0,0.0,nan,nan,nan,,nan,nan,nan,nan,nan,nan,nan,,,,nan,nan,nan,nan,nan,nan,nan,nan,nan,nan,nan,nan,,nan,nan,,,nan,nan,nan,nan,nan,nan,nan,nan,nan,nan,nan,nan,nan,nan,nan,nan,nan,nan,nan,nan,nan,nan,nan,nan,,nan,nan,nan,,nan,,,,
nan,nan,nan,nan,nan,nan,nan,nan,nan,nan,nan,nan,nan,nan,nan,nan,nan,0.0,0.0,0.0,0.0,0.0,0.0,0.0,0.0,0.0,0.0,0.0,0.0,0.0,0.0,0.0,0.0,0.0,nan,nan,nan,,nan,nan,nan,nan,nan,nan,nan,,,,nan,nan,nan,nan,nan,nan,nan,nan,nan,nan,nan,nan,,nan,nan,,,nan,nan,nan,nan,nan,nan,nan,nan,nan,nan,nan,nan,nan,nan,nan,nan,nan,nan,nan,nan,nan,nan,nan,nan,,nan,nan,nan,,nan,,,,
nan,nan,nan,nan,nan,nan,nan,nan,nan,nan,nan,nan,nan,nan,nan,nan,nan,0.0,0.0,0.0,0.0,0.0,0.0,0.0,0.0,0.0,0.0,0.0,0.0,0.0,0.0,0.0,0.0,0.0,nan,nan,nan,,nan,nan,nan,nan,nan,nan,nan,,,,nan,nan,nan,nan,nan,nan,nan,nan,nan,nan,nan,nan,,nan,nan,,,nan,nan,nan,nan,nan,nan,nan,nan,nan,nan,nan,nan,nan,nan,nan,nan,nan,nan,nan,nan,nan,nan,nan,nan,,nan,nan,nan,,nan,,,,
nan,nan,nan,nan,nan,nan,nan,nan,nan,nan,nan,nan,nan,nan,nan,nan,nan,0.0,0.0,0.0,0.0,0.0,0.0,0.0,0.0,0.0,0.0,0.0,0.0,0.0,0.0,0.0,0.0,0.0,nan,nan,nan,,nan,nan,nan,nan,nan,nan,nan,,,,nan,nan,nan,nan,nan,nan,nan,nan,nan,nan,nan,nan,,nan,nan,,,nan,nan,nan,nan,nan,nan,nan,nan,nan,nan,nan,nan,nan,nan,nan,nan,nan,nan,nan,nan,nan,nan,nan,nan,,nan,nan,nan,,nan,,,,
nan,nan,nan,nan,nan,nan,nan,nan,nan,nan,nan,nan,nan,nan,nan,nan,nan,0.0,0.0,0.0,0.0,0.0,0.0,0.0,0.0,0.0,0.0,0.0,0.0,0.0,0.0,0.0,0.0,0.0,nan,nan,nan,,nan,nan,nan,nan,nan,nan,nan,,,,nan,nan,nan,nan,nan,nan,nan,nan,nan,nan,nan,nan,,nan,nan,,,nan,nan,nan,nan,nan,nan,nan,nan,nan,nan,nan,nan,nan,nan,nan,nan,nan,nan,nan,nan,nan,nan,nan,nan,,nan,nan,nan,,nan,,,,
nan,nan,nan,nan,nan,nan,nan,nan,nan,nan,nan,nan,nan,nan,nan,nan,nan,0.0,0.0,0.0,0.0,0.0,0.0,0.0,0.0,1.0,0.0,0.0,0.0,0.0,0.0,0.0,0.0,1.0,nan,nan,nan,,nan,nan,nan,nan,nan,nan,nan,,,,nan,nan,nan,nan,nan,nan,nan,nan,nan,nan,nan,nan,,nan,nan,,,nan,nan,nan,nan,nan,nan,nan,nan,nan,nan,nan,nan,nan,nan,nan,nan,nan,nan,nan,nan,nan,nan,nan,nan,,nan,nan,nan,,nan,,,,
nan,nan,nan,nan,nan,nan,nan,nan,nan,nan,nan,nan,nan,nan,nan,nan,nan,0.0,0.0,0.0,0.0,0.0,0.0,0.0,0.0,0.0,0.0,0.0,0.0,0.0,0.0,0.0,0.0,0.0,nan,nan,nan,,nan,nan,nan,nan,nan,nan,nan,,,,nan,nan,nan,nan,nan,nan,nan,nan,nan,nan,nan,nan,,nan,nan,,,nan,nan,nan,nan,nan,nan,nan,nan,nan,nan,nan,nan,nan,nan,nan,nan,nan,nan,nan,nan,nan,nan,nan,nan,,nan,nan,nan,,nan,,,,
nan,nan,nan,nan,nan,nan,nan,nan,nan,nan,nan,nan,nan,nan,nan,nan,nan,0.0,0.0,0.0,0.0,0.0,0.0,0.0,0.0,0.0,0.0,0.0,0.0,0.0,0.0,0.0,0.0,0.0,nan,nan,nan,,nan,nan,nan,nan,nan,nan,nan,,,,nan,nan,nan,nan,nan,nan,nan,nan,nan,nan,nan,nan,,nan,nan,,,nan,nan,nan,nan,nan,nan,nan,nan,nan,nan,nan,nan,nan,nan,nan,nan,nan,nan,nan,nan,nan,nan,nan,nan,,nan,nan,nan,,nan,,,,
nan,nan,nan,nan,nan,nan,nan,nan,nan,nan,nan,nan,nan,nan,nan,nan,nan,0.0,0.0,0.0,0.0,0.0,0.0,0.0,0.0,0.0,0.0,0.0,0.0,0.0,0.0,0.0,0.0,0.0,nan,nan,nan,,nan,nan,nan,nan,nan,nan,nan,,,,nan,nan,nan,nan,nan,nan,nan,nan,nan,nan,nan,nan,,nan,nan,,,nan,nan,nan,nan,nan,nan,nan,nan,nan,nan,nan,nan,nan,nan,nan,nan,nan,nan,nan,nan,nan,nan,nan,nan,,nan,nan,nan,,nan,,,,
nan,nan,nan,nan,nan,nan,nan,nan,nan,nan,nan,nan,nan,nan,nan,nan,nan,0.0,0.0,0.0,0.0,0.0,0.0,0.0,0.0,0.0,0.0,0.0,0.0,0.0,0.0,0.0,0.0,0.0,nan,nan,nan,,nan,nan,nan,nan,nan,nan,nan,,,,nan,nan,nan,nan,nan,nan,nan,nan,nan,nan,nan,nan,,nan,nan,,,nan,nan,nan,nan,nan,nan,nan,nan,nan,nan,nan,nan,nan,nan,nan,nan,nan,nan,nan,nan,nan,nan,nan,nan,,nan,nan,nan,,nan,,,,
nan,nan,nan,nan,nan,nan,nan,nan,nan,nan,nan,nan,nan,nan,nan,nan,nan,0.0,0.0,0.0,0.0,0.0,0.0,0.0,0.0,0.0,0.0,0.0,0.0,0.0,0.0,0.0,0.0,0.0,nan,nan,nan,,nan,nan,nan,nan,nan,nan,nan,,,,nan,nan,nan,nan,nan,nan,nan,nan,nan,nan,nan,nan,,nan,nan,,,nan,nan,nan,nan,nan,nan,nan,nan,nan,nan,nan,nan,nan,nan,nan,nan,nan,nan,nan,nan,nan,nan,nan,nan,,nan,nan,nan,,nan,,,,
nan,nan,nan,nan,nan,nan,nan,nan,nan,nan,nan,nan,nan,nan,nan,nan,nan,0.0,0.0,0.0,0.0,0.0,0.0,0.0,0.0,0.0,0.0,0.0,0.0,0.0,0.0,0.0,0.0,0.0,nan,nan,nan,,nan,nan,nan,nan,nan,nan,nan,,,,nan,nan,nan,nan,nan,nan,nan,nan,nan,nan,nan,nan,,nan,nan,,,nan,nan,nan,nan,nan,nan,nan,nan,nan,nan,nan,nan,nan,nan,nan,nan,nan,nan,nan,nan,nan,nan,nan,nan,,nan,nan,nan,,nan,,,,
nan,nan,nan,nan,nan,nan,nan,nan,nan,nan,nan,nan,nan,nan,nan,nan,nan,0.0,0.0,0.0,0.0,0.0,0.0,0.0,0.0,0.0,0.0,0.0,0.0,0.0,0.0,0.0,0.0,0.0,nan,nan,nan,,nan,nan,nan,nan,nan,nan,nan,,,,nan,nan,nan,nan,nan,nan,nan,nan,nan,nan,nan,nan,,nan,nan,,,nan,nan,nan,nan,nan,nan,nan,nan,nan,nan,nan,nan,nan,nan,nan,nan,nan,nan,nan,nan,nan,nan,nan,nan,,nan,nan,nan,,nan,,,,
nan,nan,nan,nan,nan,nan,nan,nan,nan,nan,nan,nan,nan,nan,nan,nan,nan,0.0,0.0,0.0,0.0,0.0,0.0,0.0,0.0,0.0,0.0,0.0,0.0,0.0,0.0,0.0,0.0,0.0,nan,nan,nan,,nan,nan,nan,nan,nan,nan,nan,,,,nan,nan,nan,nan,nan,nan,nan,nan,nan,nan,nan,nan,,nan,nan,,,nan,nan,nan,nan,nan,nan,nan,nan,nan,nan,nan,nan,nan,nan,nan,nan,nan,nan,nan,nan,nan,nan,nan,nan,,nan,nan,nan,,nan,,,,
nan,nan,nan,nan,nan,nan,nan,nan,nan,nan,nan,nan,nan,nan,nan,nan,nan,0.0,0.0,0.0,0.0,0.0,0.0,0.0,0.0,0.0,0.0,0.0,0.0,0.0,0.0,0.0,0.0,0.0,nan,nan,nan,,nan,nan,nan,nan,nan,nan,nan,,,,nan,nan,nan,nan,nan,nan,nan,nan,nan,nan,nan,nan,,nan,nan,,,nan,nan,nan,nan,nan,nan,nan,nan,nan,nan,nan,nan,nan,nan,nan,nan,nan,nan,nan,nan,nan,nan,nan,nan,,nan,nan,nan,,nan,,,,
nan,nan,nan,nan,nan,nan,nan,nan,nan,nan,nan,nan,nan,nan,nan,nan,nan,0.0,0.0,0.0,0.0,0.0,0.0,0.0,0.0,0.0,0.0,0.0,0.0,0.0,0.0,0.0,0.0,0.0,nan,nan,nan,,nan,nan,nan,nan,nan,nan,nan,,,,nan,nan,nan,nan,nan,nan,nan,nan,nan,nan,nan,nan,,nan,nan,,,nan,nan,nan,nan,nan,nan,nan,nan,nan,nan,nan,nan,nan,nan,nan,nan,nan,nan,nan,nan,nan,nan,nan,nan,,nan,nan,nan,,nan,,,,
nan,nan,nan,nan,nan,nan,nan,nan,nan,nan,nan,nan,nan,nan,nan,nan,nan,0.0,0.0,0.0,0.0,0.0,0.0,0.0,0.0,0.0,0.0,0.0,0.0,0.0,0.0,0.0,0.0,0.0,nan,nan,nan,,nan,nan,nan,nan,nan,nan,nan,,,,nan,nan,nan,nan,nan,nan,nan,nan,nan,nan,nan,nan,,nan,nan,,,nan,nan,nan,nan,nan,nan,nan,nan,nan,nan,nan,nan,nan,nan,nan,nan,nan,nan,nan,nan,nan,nan,nan,nan,,nan,nan,nan,,nan,,,,
nan,nan,nan,nan,nan,nan,nan,nan,nan,nan,nan,nan,nan,nan,nan,nan,nan,0.0,0.0,0.0,0.0,0.0,0.0,0.0,0.0,0.0,0.0,0.0,0.0,0.0,0.0,0.0,0.0,0.0,nan,nan,nan,,nan,nan,nan,nan,nan,nan,nan,,,,nan,nan,nan,nan,nan,nan,nan,nan,nan,nan,nan,nan,,nan,nan,,,nan,nan,nan,nan,nan,nan,nan,nan,nan,nan,nan,nan,nan,nan,nan,nan,nan,nan,nan,nan,nan,nan,nan,nan,,nan,nan,nan,,nan,,,,
nan,nan,nan,nan,nan,nan,nan,nan,nan,nan,nan,nan,nan,nan,nan,nan,nan,0.0,0.0,0.0,0.0,0.0,0.0,0.0,0.0,0.0,0.0,0.0,0.0,0.0,0.0,0.0,0.0,0.0,nan,nan,nan,,nan,nan,nan,nan,nan,nan,nan,,,,nan,nan,nan,nan,nan,nan,nan,nan,nan,nan,nan,nan,,nan,nan,,,nan,nan,nan,nan,nan,nan,nan,nan,nan,nan,nan,nan,nan,nan,nan,nan,nan,nan,nan,nan,nan,nan,nan,nan,,nan,nan,nan,,nan,,,,
nan,nan,nan,nan,nan,nan,nan,nan,nan,nan,nan,nan,nan,nan,nan,nan,nan,0.0,0.0,0.0,0.0,0.0,0.0,0.0,0.0,0.0,0.0,0.0,0.0,0.0,0.0,0.0,0.0,0.0,nan,nan,nan,,nan,nan,nan,nan,nan,nan,nan,,,,nan,nan,nan,nan,nan,nan,nan,nan,nan,nan,nan,nan,,nan,nan,,,nan,nan,nan,nan,nan,nan,nan,nan,nan,nan,nan,nan,nan,nan,nan,nan,nan,nan,nan,nan,nan,nan,nan,nan,,nan,nan,nan,,nan,,,,
nan,nan,nan,nan,nan,nan,nan,nan,nan,nan,nan,nan,nan,nan,nan,nan,nan,0.0,0.0,0.0,0.0,0.0,0.0,0.0,0.0,0.0,0.0,0.0,0.0,0.0,0.0,0.0,0.0,0.0,nan,nan,nan,,nan,nan,nan,nan,nan,nan,nan,,,,nan,nan,nan,nan,nan,nan,nan,nan,nan,nan,nan,nan,,nan,nan,,,nan,nan,nan,nan,nan,nan,nan,nan,nan,nan,nan,nan,nan,nan,nan,nan,nan,nan,nan,nan,nan,nan,nan,nan,,nan,nan,nan,,nan,,,,
nan,nan,nan,nan,nan,nan,nan,nan,nan,nan,nan,nan,nan,nan,nan,nan,nan,0.0,0.0,0.0,0.0,0.0,0.0,0.0,0.0,0.0,0.0,0.0,0.0,0.0,0.0,0.0,0.0,0.0,nan,nan,nan,,nan,nan,nan,nan,nan,nan,nan,,,,nan,nan,nan,nan,nan,nan,nan,nan,nan,nan,nan,nan,,nan,nan,,,nan,nan,nan,nan,nan,nan,nan,nan,nan,nan,nan,nan,nan,nan,nan,nan,nan,nan,nan,nan,nan,nan,nan,nan,,nan,nan,nan,,nan,,,,
nan,nan,nan,nan,nan,nan,nan,nan,nan,nan,nan,nan,nan,nan,nan,nan,nan,0.0,0.0,0.0,0.0,0.0,0.0,0.0,0.0,0.0,0.0,0.0,0.0,0.0,0.0,0.0,0.0,0.0,nan,nan,nan,,nan,nan,nan,nan,nan,nan,nan,,,,nan,nan,nan,nan,nan,nan,nan,nan,nan,nan,nan,nan,,nan,nan,,,nan,nan,nan,nan,nan,nan,nan,nan,nan,nan,nan,nan,nan,nan,nan,nan,nan,nan,nan,nan,nan,nan,nan,nan,,nan,nan,nan,,nan,,,,
nan,nan,nan,nan,nan,nan,nan,nan,nan,nan,nan,nan,nan,nan,nan,nan,nan,0.0,0.0,0.0,0.0,0.0,0.0,0.0,0.0,0.0,0.0,0.0,0.0,0.0,0.0,0.0,0.0,0.0,nan,nan,nan,,nan,nan,nan,nan,nan,nan,nan,,,,nan,nan,nan,nan,nan,nan,nan,nan,nan,nan,nan,nan,,nan,nan,,,nan,nan,nan,nan,nan,nan,nan,nan,nan,nan,nan,nan,nan,nan,nan,nan,nan,nan,nan,nan,nan,nan,nan,nan,,nan,nan,nan,,nan,,,,
nan,nan,nan,nan,nan,nan,nan,nan,nan,nan,nan,nan,nan,nan,nan,nan,nan,0.0,0.0,0.0,0.0,0.0,0.0,0.0,0.0,0.0,0.0,0.0,0.0,0.0,0.0,0.0,0.0,0.0,nan,nan,nan,,nan,nan,nan,nan,nan,nan,nan,,,,nan,nan,nan,nan,nan,nan,nan,nan,nan,nan,nan,nan,,nan,nan,,,nan,nan,nan,nan,nan,nan,nan,nan,nan,nan,nan,nan,nan,nan,nan,nan,nan,nan,nan,nan,nan,nan,nan,nan,,nan,nan,nan,,nan,,,,
nan,nan,nan,nan,nan,nan,nan,nan,nan,nan,nan,nan,nan,nan,nan,nan,nan,0.0,0.0,0.0,0.0,0.0,0.0,0.0,0.0,1.0,0.0,0.0,0.0,0.0,0.0,0.0,0.0,1.0,nan,nan,nan,,nan,nan,nan,nan,nan,nan,nan,,,,nan,nan,nan,nan,nan,nan,nan,nan,nan,nan,nan,nan,,nan,nan,,,nan,nan,nan,nan,nan,nan,nan,nan,nan,nan,nan,nan,nan,nan,nan,nan,nan,nan,nan,nan,nan,nan,nan,nan,,nan,nan,nan,,nan,,,,
nan,nan,nan,nan,nan,nan,nan,nan,nan,nan,nan,nan,nan,nan,nan,nan,nan,0.0,0.0,0.0,0.0,0.0,0.0,0.0,0.0,0.0,0.0,0.0,0.0,0.0,0.0,0.0,0.0,0.0,nan,nan,nan,,nan,nan,nan,nan,nan,nan,nan,,,,nan,nan,nan,nan,nan,nan,nan,nan,nan,nan,nan,nan,,nan,nan,,,nan,nan,nan,nan,nan,nan,nan,nan,nan,nan,nan,nan,nan,nan,nan,nan,nan,nan,nan,nan,nan,nan,nan,nan,,nan,nan,nan,,nan,,,,
nan,nan,nan,nan,nan,nan,nan,nan,nan,nan,nan,nan,nan,nan,nan,nan,nan,0.0,0.0,0.0,0.0,0.0,0.0,0.0,0.0,0.0,0.0,0.0,0.0,0.0,0.0,0.0,0.0,0.0,nan,nan,nan,,nan,nan,nan,nan,nan,nan,nan,,,,nan,nan,nan,nan,nan,nan,nan,nan,nan,nan,nan,nan,,nan,nan,,,nan,nan,nan,nan,nan,nan,nan,nan,nan,nan,nan,nan,nan,nan,nan,nan,nan,nan,nan,nan,nan,nan,nan,nan,,nan,nan,nan,,nan,,,,
nan,nan,nan,nan,nan,nan,nan,nan,nan,nan,nan,nan,nan,nan,nan,nan,nan,0.0,0.0,0.0,0.0,0.0,0.0,0.0,0.0,0.0,0.0,0.0,0.0,0.0,0.0,0.0,0.0,0.0,nan,nan,nan,,nan,nan,nan,nan,nan,nan,nan,,,,nan,nan,nan,nan,nan,nan,nan,nan,nan,nan,nan,nan,,nan,nan,,,nan,nan,nan,nan,nan,nan,nan,nan,nan,nan,nan,nan,nan,nan,nan,nan,nan,nan,nan,nan,nan,nan,nan,nan,,nan,nan,nan,,nan,,,,
nan,nan,nan,nan,nan,nan,nan,nan,nan,nan,nan,nan,nan,nan,nan,nan,nan,0.0,0.0,0.0,0.0,0.0,0.0,0.0,0.0,0.0,0.0,0.0,0.0,0.0,0.0,0.0,0.0,0.0,nan,nan,nan,,nan,nan,nan,nan,nan,nan,nan,,,,nan,nan,nan,nan,nan,nan,nan,nan,nan,nan,nan,nan,,nan,nan,,,nan,nan,nan,nan,nan,nan,nan,nan,nan,nan,nan,nan,nan,nan,nan,nan,nan,nan,nan,nan,nan,nan,nan,nan,,nan,nan,nan,,nan,,,,
nan,nan,nan,nan,nan,nan,nan,nan,nan,nan,nan,nan,nan,nan,nan,nan,nan,0.0,0.0,0.0,0.0,0.0,0.0,0.0,0.0,0.0,0.0,0.0,0.0,0.0,0.0,0.0,0.0,0.0,nan,nan,nan,,nan,nan,nan,nan,nan,nan,nan,,,,nan,nan,nan,nan,nan,nan,nan,nan,nan,nan,nan,nan,,nan,nan,,,nan,nan,nan,nan,nan,nan,nan,nan,nan,nan,nan,nan,nan,nan,nan,nan,nan,nan,nan,nan,nan,nan,nan,nan,,nan,nan,nan,,nan,,,,
nan,nan,nan,nan,nan,nan,nan,nan,nan,nan,nan,nan,nan,nan,nan,nan,nan,0.0,0.0,0.0,0.0,0.0,0.0,0.0,0.0,0.0,0.0,0.0,0.0,0.0,0.0,0.0,0.0,0.0,nan,nan,nan,,nan,nan,nan,nan,nan,nan,nan,,,,nan,nan,nan,nan,nan,nan,nan,nan,nan,nan,nan,nan,,nan,nan,,,nan,nan,nan,nan,nan,nan,nan,nan,nan,nan,nan,nan,nan,nan,nan,nan,nan,nan,nan,nan,nan,nan,nan,nan,,nan,nan,nan,,nan,,,,
nan,nan,nan,nan,nan,nan,nan,nan,nan,nan,nan,nan,nan,nan,nan,nan,nan,0.0,0.0,0.0,0.0,0.0,0.0,0.0,0.0,1.0,0.0,0.0,0.0,0.0,0.0,0.0,0.0,1.0,nan,nan,nan,,nan,nan,nan,nan,nan,nan,nan,,,,nan,nan,nan,nan,nan,nan,nan,nan,nan,nan,nan,nan,,nan,nan,,,nan,nan,nan,nan,nan,nan,nan,nan,nan,nan,nan,nan,nan,nan,nan,nan,nan,nan,nan,nan,nan,nan,nan,nan,,nan,nan,nan,,nan,,,,
nan,nan,nan,nan,nan,nan,nan,nan,nan,nan,nan,nan,nan,nan,nan,nan,nan,0.0,0.0,0.0,0.0,0.0,0.0,0.0,0.0,0.0,0.0,0.0,0.0,0.0,0.0,0.0,0.0,0.0,nan,nan,nan,,nan,nan,nan,nan,nan,nan,nan,,,,nan,nan,nan,nan,nan,nan,nan,nan,nan,nan,nan,nan,,nan,nan,,,nan,nan,nan,nan,nan,nan,nan,nan,nan,nan,nan,nan,nan,nan,nan,nan,nan,nan,nan,nan,nan,nan,nan,nan,,nan,nan,nan,,nan,,,,
nan,nan,nan,nan,nan,nan,nan,nan,nan,nan,nan,nan,nan,nan,nan,nan,nan,0.0,0.0,0.0,0.0,0.0,0.0,0.0,0.0,0.0,0.0,0.0,0.0,0.0,0.0,0.0,0.0,0.0,nan,nan,nan,,nan,nan,nan,nan,nan,nan,nan,,,,nan,nan,nan,nan,nan,nan,nan,nan,nan,nan,nan,nan,,nan,nan,,,nan,nan,nan,nan,nan,nan,nan,nan,nan,nan,nan,nan,nan,nan,nan,nan,nan,nan,nan,nan,nan,nan,nan,nan,,nan,nan,nan,,nan,,,,
nan,nan,nan,nan,nan,nan,nan,nan,nan,nan,nan,nan,nan,nan,nan,nan,nan,0.0,0.0,0.0,0.0,0.0,0.0,0.0,0.0,1.0,0.0,0.0,0.0,0.0,0.0,0.0,0.0,1.0,nan,nan,nan,,nan,nan,nan,nan,nan,nan,nan,,,,nan,nan,nan,nan,nan,nan,nan,nan,nan,nan,nan,nan,,nan,nan,,,nan,nan,nan,nan,nan,nan,nan,nan,nan,nan,nan,nan,nan,nan,nan,nan,nan,nan,nan,nan,nan,nan,nan,nan,,nan,nan,nan,,nan,,,,
nan,nan,nan,nan,nan,nan,nan,nan,nan,nan,nan,nan,nan,nan,nan,nan,nan,0.0,0.0,0.0,0.0,0.0,0.0,0.0,0.0,0.0,0.0,0.0,0.0,0.0,0.0,0.0,0.0,0.0,nan,nan,nan,,nan,nan,nan,nan,nan,nan,nan,,,,nan,nan,nan,nan,nan,nan,nan,nan,nan,nan,nan,nan,,nan,nan,,,nan,nan,nan,nan,nan,nan,nan,nan,nan,nan,nan,nan,nan,nan,nan,nan,nan,nan,nan,nan,nan,nan,nan,nan,,nan,nan,nan,,nan,,,,
nan,nan,nan,nan,nan,nan,nan,nan,nan,nan,nan,nan,nan,nan,nan,nan,nan,0.0,0.0,0.0,0.0,0.0,0.0,0.0,0.0,0.0,0.0,0.0,0.0,0.0,0.0,0.0,0.0,0.0,nan,nan,nan,,nan,nan,nan,nan,nan,nan,nan,,,,nan,nan,nan,nan,nan,nan,nan,nan,nan,nan,nan,nan,,nan,nan,,,nan,nan,nan,nan,nan,nan,nan,nan,nan,nan,nan,nan,nan,nan,nan,nan,nan,nan,nan,nan,nan,nan,nan,nan,,nan,nan,nan,,nan,,,,
nan,nan,nan,nan,nan,nan,nan,nan,nan,nan,nan,nan,nan,nan,nan,nan,nan,0.0,0.0,0.0,0.0,0.0,0.0,0.0,0.0,0.0,0.0,0.0,0.0,0.0,0.0,0.0,0.0,0.0,nan,nan,nan,,nan,nan,nan,nan,nan,nan,nan,,,,nan,nan,nan,nan,nan,nan,nan,nan,nan,nan,nan,nan,,nan,nan,,,nan,nan,nan,nan,nan,nan,nan,nan,nan,nan,nan,nan,nan,nan,nan,nan,nan,nan,nan,nan,nan,nan,nan,nan,,nan,nan,nan,,nan,,,,
nan,nan,nan,nan,nan,nan,nan,nan,nan,nan,nan,nan,nan,nan,nan,nan,nan,0.0,0.0,0.0,0.0,0.0,0.0,0.0,0.0,0.0,0.0,0.0,0.0,0.0,0.0,0.0,0.0,0.0,nan,nan,nan,,nan,nan,nan,nan,nan,nan,nan,,,,nan,nan,nan,nan,nan,nan,nan,nan,nan,nan,nan,nan,,nan,nan,,,nan,nan,nan,nan,nan,nan,nan,nan,nan,nan,nan,nan,nan,nan,nan,nan,nan,nan,nan,nan,nan,nan,nan,nan,,nan,nan,nan,,nan,,,,
nan,nan,nan,nan,nan,nan,nan,nan,nan,nan,nan,nan,nan,nan,nan,nan,nan,0.0,0.0,0.0,0.0,0.0,0.0,0.0,0.0,0.0,0.0,0.0,0.0,0.0,0.0,0.0,0.0,0.0,nan,nan,nan,,nan,nan,nan,nan,nan,nan,nan,,,,nan,nan,nan,nan,nan,nan,nan,nan,nan,nan,nan,nan,,nan,nan,,,nan,nan,nan,nan,nan,nan,nan,nan,nan,nan,nan,nan,nan,nan,nan,nan,nan,nan,nan,nan,nan,nan,nan,nan,,nan,nan,nan,,nan,,,,
nan,nan,nan,nan,nan,nan,nan,nan,nan,nan,nan,nan,nan,nan,nan,nan,nan,0.0,0.0,0.0,0.0,0.0,0.0,0.0,0.0,0.0,0.0,0.0,0.0,0.0,0.0,0.0,0.0,0.0,nan,nan,nan,,nan,nan,nan,nan,nan,nan,nan,,,,nan,nan,nan,nan,nan,nan,nan,nan,nan,nan,nan,nan,,nan,nan,,,nan,nan,nan,nan,nan,nan,nan,nan,nan,nan,nan,nan,nan,nan,nan,nan,nan,nan,nan,nan,nan,nan,nan,nan,,nan,nan,nan,,nan,,,,
nan,nan,nan,nan,nan,nan,nan,nan,nan,nan,nan,nan,nan,nan,nan,nan,nan,0.0,0.0,0.0,0.0,0.0,0.0,0.0,0.0,0.0,0.0,0.0,0.0,0.0,0.0,0.0,0.0,0.0,nan,nan,nan,,nan,nan,nan,nan,nan,nan,nan,,,,nan,nan,nan,nan,nan,nan,nan,nan,nan,nan,nan,nan,,nan,nan,,,nan,nan,nan,nan,nan,nan,nan,nan,nan,nan,nan,nan,nan,nan,nan,nan,nan,nan,nan,nan,nan,nan,nan,nan,,nan,nan,nan,,nan,,,,
nan,nan,nan,nan,nan,nan,nan,nan,nan,nan,nan,nan,nan,nan,nan,nan,nan,0.0,0.0,0.0,0.0,0.0,0.0,0.0,0.0,0.0,0.0,0.0,0.0,0.0,0.0,0.0,0.0,0.0,nan,nan,nan,,nan,nan,nan,nan,nan,nan,nan,,,,nan,nan,nan,nan,nan,nan,nan,nan,nan,nan,nan,nan,,nan,nan,,,nan,nan,nan,nan,nan,nan,nan,nan,nan,nan,nan,nan,nan,nan,nan,nan,nan,nan,nan,nan,nan,nan,nan,nan,,nan,nan,nan,,nan,,,,
nan,nan,nan,nan,nan,nan,nan,nan,nan,nan,nan,nan,nan,nan,nan,nan,nan,0.0,0.0,0.0,0.0,0.0,0.0,0.0,0.0,0.0,0.0,0.0,0.0,0.0,0.0,0.0,0.0,0.0,nan,nan,nan,,nan,nan,nan,nan,nan,nan,nan,,,,nan,nan,nan,nan,nan,nan,nan,nan,nan,nan,nan,nan,,nan,nan,,,nan,nan,nan,nan,nan,nan,nan,nan,nan,nan,nan,nan,nan,nan,nan,nan,nan,nan,nan,nan,nan,nan,nan,nan,,nan,nan,nan,,nan,,,,
nan,nan,nan,nan,nan,nan,nan,nan,nan,nan,nan,nan,nan,nan,nan,nan,nan,0.0,0.0,0.0,0.0,0.0,0.0,0.0,0.0,0.0,0.0,0.0,0.0,0.0,0.0,0.0,0.0,0.0,nan,nan,nan,,nan,nan,nan,nan,nan,nan,nan,,,,nan,nan,nan,nan,nan,nan,nan,nan,nan,nan,nan,nan,,nan,nan,,,nan,nan,nan,nan,nan,nan,nan,nan,nan,nan,nan,nan,nan,nan,nan,nan,nan,nan,nan,nan,nan,nan,nan,nan,,nan,nan,nan,,nan,,,,
nan,nan,nan,nan,nan,nan,nan,nan,nan,nan,nan,nan,nan,nan,nan,nan,nan,0.0,0.0,0.0,0.0,0.0,0.0,0.0,0.0,0.0,0.0,0.0,0.0,0.0,0.0,0.0,0.0,0.0,nan,nan,nan,,nan,nan,nan,nan,nan,nan,nan,,,,nan,nan,nan,nan,nan,nan,nan,nan,nan,nan,nan,nan,,nan,nan,,,nan,nan,nan,nan,nan,nan,nan,nan,nan,nan,nan,nan,nan,nan,nan,nan,nan,nan,nan,nan,nan,nan,nan,nan,,nan,nan,nan,,nan,,,,
nan,nan,nan,nan,nan,nan,nan,nan,nan,nan,nan,nan,nan,nan,nan,nan,nan,0.0,0.0,0.0,0.0,0.0,0.0,0.0,0.0,0.0,0.0,0.0,0.0,0.0,0.0,0.0,0.0,0.0,nan,nan,nan,,nan,nan,nan,nan,nan,nan,nan,,,,nan,nan,nan,nan,nan,nan,nan,nan,nan,nan,nan,nan,,nan,nan,,,nan,nan,nan,nan,nan,nan,nan,nan,nan,nan,nan,nan,nan,nan,nan,nan,nan,nan,nan,nan,nan,nan,nan,nan,,nan,nan,nan,,nan,,,,
nan,nan,nan,nan,nan,nan,nan,nan,nan,nan,nan,nan,nan,nan,nan,nan,nan,0.0,0.0,0.0,0.0,0.0,0.0,0.0,0.0,0.0,0.0,0.0,0.0,0.0,0.0,0.0,0.0,0.0,nan,nan,nan,,nan,nan,nan,nan,nan,nan,nan,,,,nan,nan,nan,nan,nan,nan,nan,nan,nan,nan,nan,nan,,nan,nan,,,nan,nan,nan,nan,nan,nan,nan,nan,nan,nan,nan,nan,nan,nan,nan,nan,nan,nan,nan,nan,nan,nan,nan,nan,,nan,nan,nan,,nan,,,,
nan,nan,nan,nan,nan,nan,nan,nan,nan,nan,nan,nan,nan,nan,nan,nan,nan,0.0,0.0,0.0,0.0,0.0,0.0,0.0,0.0,0.0,0.0,0.0,0.0,0.0,0.0,0.0,0.0,0.0,nan,nan,nan,,nan,nan,nan,nan,nan,nan,nan,,,,nan,nan,nan,nan,nan,nan,nan,nan,nan,nan,nan,nan,,nan,nan,,,nan,nan,nan,nan,nan,nan,nan,nan,nan,nan,nan,nan,nan,nan,nan,nan,nan,nan,nan,nan,nan,nan,nan,nan,,nan,nan,nan,,nan,,,,
nan,nan,nan,nan,nan,nan,nan,nan,nan,nan,nan,nan,nan,nan,nan,nan,nan,0.0,0.0,0.0,0.0,0.0,0.0,0.0,0.0,0.0,0.0,0.0,0.0,0.0,0.0,0.0,0.0,0.0,nan,nan,nan,,nan,nan,nan,nan,nan,nan,nan,,,,nan,nan,nan,nan,nan,nan,nan,nan,nan,nan,nan,nan,,nan,nan,,,nan,nan,nan,nan,nan,nan,nan,nan,nan,nan,nan,nan,nan,nan,nan,nan,nan,nan,nan,nan,nan,nan,nan,nan,,nan,nan,nan,,nan,,,,
nan,nan,nan,nan,nan,nan,nan,nan,nan,nan,nan,nan,nan,nan,nan,nan,nan,0.0,0.0,0.0,0.0,0.0,0.0,0.0,0.0,0.0,0.0,0.0,0.0,0.0,0.0,0.0,0.0,0.0,nan,nan,nan,,nan,nan,nan,nan,nan,nan,nan,,,,nan,nan,nan,nan,nan,nan,nan,nan,nan,nan,nan,nan,,nan,nan,,,nan,nan,nan,nan,nan,nan,nan,nan,nan,nan,nan,nan,nan,nan,nan,nan,nan,nan,nan,nan,nan,nan,nan,nan,,nan,nan,nan,,nan,,,,
nan,nan,nan,nan,nan,nan,nan,nan,nan,nan,nan,nan,nan,nan,nan,nan,nan,0.0,0.0,0.0,0.0,0.0,0.0,0.0,0.0,0.0,0.0,0.0,0.0,0.0,0.0,0.0,0.0,0.0,nan,nan,nan,,nan,nan,nan,nan,nan,nan,nan,,,,nan,nan,nan,nan,nan,nan,nan,nan,nan,nan,nan,nan,,nan,nan,,,nan,nan,nan,nan,nan,nan,nan,nan,nan,nan,nan,nan,nan,nan,nan,nan,nan,nan,nan,nan,nan,nan,nan,nan,,nan,nan,nan,,nan,,,,
nan,nan,nan,nan,nan,nan,nan,nan,nan,nan,nan,nan,nan,nan,nan,nan,nan,0.0,0.0,0.0,0.0,0.0,0.0,0.0,0.0,0.0,0.0,0.0,0.0,0.0,0.0,0.0,0.0,0.0,nan,nan,nan,,nan,nan,nan,nan,nan,nan,nan,,,,nan,nan,nan,nan,nan,nan,nan,nan,nan,nan,nan,nan,,nan,nan,,,nan,nan,nan,nan,nan,nan,nan,nan,nan,nan,nan,nan,nan,nan,nan,nan,nan,nan,nan,nan,nan,nan,nan,nan,,nan,nan,nan,,nan,,,,
nan,nan,nan,nan,nan,nan,nan,nan,nan,nan,nan,nan,nan,nan,nan,nan,nan,0.0,0.0,0.0,0.0,0.0,0.0,0.0,0.0,0.0,0.0,0.0,0.0,0.0,0.0,0.0,0.0,0.0,nan,nan,nan,,nan,nan,nan,nan,nan,nan,nan,,,,nan,nan,nan,nan,nan,nan,nan,nan,nan,nan,nan,nan,,nan,nan,,,nan,nan,nan,nan,nan,nan,nan,nan,nan,nan,nan,nan,nan,nan,nan,nan,nan,nan,nan,nan,nan,nan,nan,nan,,nan,nan,nan,,nan,,,,
nan,nan,nan,nan,nan,nan,nan,nan,nan,nan,nan,nan,nan,nan,nan,nan,nan,0.0,0.0,0.0,0.0,0.0,0.0,0.0,0.0,0.0,0.0,0.0,0.0,0.0,0.0,0.0,0.0,0.0,nan,nan,nan,,nan,nan,nan,nan,nan,nan,nan,,,,nan,nan,nan,nan,nan,nan,nan,nan,nan,nan,nan,nan,,nan,nan,,,nan,nan,nan,nan,nan,nan,nan,nan,nan,nan,nan,nan,nan,nan,nan,nan,nan,nan,nan,nan,nan,nan,nan,nan,,nan,nan,nan,,nan,,,,
nan,nan,nan,nan,nan,nan,nan,nan,nan,nan,nan,nan,nan,nan,nan,nan,nan,0.0,0.0,0.0,0.0,0.0,0.0,0.0,0.0,0.0,0.0,0.0,0.0,0.0,0.0,0.0,0.0,0.0,nan,nan,nan,,nan,nan,nan,nan,nan,nan,nan,,,,nan,nan,nan,nan,nan,nan,nan,nan,nan,nan,nan,nan,,nan,nan,,,nan,nan,nan,nan,nan,nan,nan,nan,nan,nan,nan,nan,nan,nan,nan,nan,nan,nan,nan,nan,nan,nan,nan,nan,,nan,nan,nan,,nan,,,,
nan,nan,nan,nan,nan,nan,nan,nan,nan,nan,nan,nan,nan,nan,nan,nan,nan,0.0,0.0,0.0,0.0,0.0,0.0,0.0,0.0,0.0,0.0,0.0,0.0,0.0,0.0,0.0,0.0,0.0,nan,nan,nan,,nan,nan,nan,nan,nan,nan,nan,,,,nan,nan,nan,nan,nan,nan,nan,nan,nan,nan,nan,nan,,nan,nan,,,nan,nan,nan,nan,nan,nan,nan,nan,nan,nan,nan,nan,nan,nan,nan,nan,nan,nan,nan,nan,nan,nan,nan,nan,,nan,nan,nan,,nan,,,,
